StationID,TimeStamp,magn@var,magn@power,magn@skew,magn@kurt,magn@abs_max,magn@abs_mean,magn@abs_max_top5p,magn@abs_max_top10p,magn@energy_sstd,magn@energy_smax,magn@power_0_5,magn@power_5_10,magn@power_10_15,magn@power_15_20,magn@power_20_25,magn@power_25_30,magn@power_30_35,magn@power_35_40,magn@power_40_60,magn@power_140_160,magn@power_other,magn@frequency_center,magn@mean_square_frequency,magn@variance_frequency,magn@frequency_entropy,magn@level4d_abs_mean,magn@level4d_energy,magn@level4d_energy_smax,magn@level4d_energy_sstd,magn@level5d_abs_mean,magn@level5d_energy,magn@level5d_energy_smax,magn@level5d_energy_sstd,magn@level6a_abs_mean,magn@level6a_energy,magn@level6a_energy_smax,magn@level6a_energy_sstd,magn@level6d_abs_mean,magn@level6d_energy,magn@level6d_energy_smax,magn@level6d_energy_sstd,magn@ulf_abs_mean,magn@ulf_var,magn@ulf_power,magn@ulf_skew,magn@ulf_kurt,magn@ulf_abs_max,magn@ulf_abs_max_top5p,magn@ulf_abs_max_top10p,magn@ulf_energy_sstd,magn@ulf_energy_smax
355,1702742400,0.19539765399999998,0.19542608239999998,-0.563453233,-0.614326253,0.779686299,0.31915838,0.524716027,0.45920152299999994,0.01969941513,0.11921005869999998,2.8706517599999996e-05,3.683282986e-07,5.563617850000001e-07,9.257830230000001e-07,7.65083647e-07,9.297670989999998e-07,2.04884363e-06,3.9204392500000005e-06,0.0913354197,0.00336527929,0.0029883244900000003,82.6784226,64.38265700000001,6.49210414e-06,6.827453950000001,0.006250431400000001,2.376983386,0.00013591971670000002,1.154511857e-05,0.01153468771,8.05853205,0.00013591971670000002,1.154511857e-05,0.00584090547,3.30981687,0.00013591971670000002,1.154511857e-05,0.0009202830050000001,2.499612373,0.00013591971670000002,1.154511857e-05,0.005424504409999999,3.4450259800000007e-06,3.18233923e-05,-0.33045131899999997,51.87514650000001,0.01600582315,-0.0037739526399999993,-0.00425162174,3.24965884e-06,2.8829039300000003e-05
355,1702743000,0.13700662000000002,0.13703458229999999,-0.02794501051,-0.9454403319999999,0.7777737339999999,0.302349353,0.53255376,0.4907024780000001,0.00637928581,0.0825897648,2.8299049299999997e-05,4.16894895e-07,5.923525760000001e-07,1.0210409530000003e-06,8.03109712e-07,1.0308476560000002e-06,2.164201135e-06,3.86490368e-06,0.06544507359999999,0.00283586062,0.00021211527634999996,73.52354910000001,56.6376759,4.55099868e-06,6.6601881899999995,0.00547004922,1.569774294,0.0001559763704,1.33798114e-05,0.011179252379999999,5.76326482,0.0001559763704,1.33798114e-05,0.00583506756,3.5274467300000003,0.0001559763704,1.33798114e-05,0.0009288105359999998,2.75985684,0.0001559763704,1.33798114e-05,0.005384877969999999,3.31816992e-06,3.1313410099999996e-05,-0.044587186200000004,48.867751,0.0156081898,-0.00379026882,-0.00418357013,3.01433834e-06,2.7209033499999998e-05
355,1702743600,0.0590608145,0.05908870000000001,-0.00810558062,-0.7775592010000001,0.6369194370000001,0.20064960799999998,0.3895618980000001,0.3504857,0.004201513180000001,0.04463511729999999,2.7970075499999998e-05,1.3223646359999998e-07,2.88622712e-07,5.60869653e-07,3.4151152299999996e-07,4.4780653300000006e-07,1.11316871e-06,2.3803260999999997e-06,0.0269923544,0.0025170344099999997,1.5636975900000002e-05,76.6072034,58.8799129,1.9612045200000003e-06,6.9745997399999995,0.0036585952799999995,0.722792264,0.00011783473740000001,9.87271783e-06,0.00751251755,2.39254347,0.00011783473740000001,9.87271783e-06,0.0057882857,2.8998667,0.00011783473740000001,9.87271783e-06,0.000813495224,2.0853069140000002,0.00011783473740000001,9.87271783e-06,0.0053632617,2.66702074e-06,3.0542806400000005e-05,-0.011458079899999992,62.3935412,0.016836362,-0.00411501039,-0.00451869676,2.9677448500000003e-06,2.7699909100000002e-05
355,1702744200,0.063680446,0.06370844789999999,-0.0074785289300000005,-0.9944181950000001,0.652519921,0.216614907,0.394324538,0.35453582599999994,0.00471746238,0.04694771839999999,2.8127151899999998e-05,1.686676775e-07,3.1590954e-07,6.040182879999999e-07,3.9276770799999993e-07,5.05187634e-07,1.246923274e-06,2.2684861200000004e-06,0.0296759911,0.00214485951,1.3715238300000003e-05,74.8192181,56.791432500000006,2.1148943399999997e-06,6.852793119999999,0.0038777032900000007,0.789771105,7.10633247e-05,5.7342319399999995e-06,0.007964911129999998,2.6648365000000003,7.10633247e-05,5.7342319399999995e-06,0.00561551355,1.95362236,7.10633247e-05,5.7342319399999995e-06,0.000624780734,1.145689353,7.10633247e-05,5.7342319399999995e-06,0.005368449879999999,2.60066426e-06,3.0589179700000006e-05,0.10962712049999998,58.444189699999995,0.01596036805,-0.00392092987,-0.0044490654199999995,2.6765107700000004e-06,2.6383417399999995e-05
355,1702744800,0.0551304337,0.05515854060000001,-0.00886899904,-0.867984725,0.60830607,0.197478219,0.37332389600000004,0.335072722,0.004002430919999999,0.0383120193,2.8243359899999994e-05,1.8198003540000002e-07,3.4375334000000004e-07,6.660187970000001e-07,3.9982853400000003e-07,5.24836624e-07,1.2468381300000001e-06,2.32215754e-06,0.025317866900000003,0.00222811395,1.3361382249999997e-05,75.53070410000001,58.264761299999996,1.8310307499999997e-06,6.95790489,0.0035597907199999995,0.6830816200000001,5.87288956e-05,4.507468109999999e-06,0.0073035193,2.25507959,5.87288956e-05,4.507468109999999e-06,0.0056529495,1.8507052800000001,5.87288956e-05,4.507468109999999e-06,0.0006444513040000001,1.036150487,5.87288956e-05,4.507468109999999e-06,0.005385279080000001,2.80737703e-06,3.09267749e-05,-0.060819705530000004,61.1130424,0.0161160686,-0.00399805238,-0.004424054,3.05826735e-06,2.78152951e-05
355,1702745400,0.0880757158,0.0881035822,-0.009333407089999999,-0.920112748,0.674833105,0.238684319,0.43505077999999997,0.392486985,0.00676695994,0.0595455481,2.80275951e-05,2.231992376e-07,3.8615570900000006e-07,6.31709675e-07,4.6329197000000007e-07,6.094351979999999e-07,1.2373620679999998e-06,2.56845494e-06,0.04166444970000001,0.00235266939,1.43565935e-05,75.7435024,57.600376100000005,2.9269194e-06,6.82371305,0.0041991336,1.010605465,0.00010674262215,8.927557872e-06,0.008696928619999999,3.64892542,0.00010674262215,8.927557872e-06,0.00575146897,2.84342734,0.00010674262215,8.927557872e-06,0.0007936270499999999,2.0337335,0.00010674262215,8.927557872e-06,0.005374960109999999,2.84365215e-06,3.07774494e-05,0.11435537610000002,60.41028010000001,0.016008955499999998,-0.00410752901,-0.00443641984,2.9961032000000006e-06,2.64378913e-05
355,1702746000,0.082110051,0.0821378946,-0.0103771935,-0.838852191,0.736147466,0.235668901,0.4385758889999999,0.38333669600000003,0.01080608219,0.0746883555,2.7983828599999998e-05,2.041424e-07,3.7393885999999997e-07,6.6967598e-07,4.93974265e-07,6.860103519999999e-07,1.470435376e-06,3.14530204e-06,0.038591064099999996,0.0024387246599999997,1.8024957e-05,73.89312170000001,57.163500299999995,2.7254106800000004e-06,6.848167770000001,0.0042048070299999995,0.976859065,0.00013922799245000002,1.198527529e-05,0.00865180196,3.40187522,0.00013922799245000002,1.198527529e-05,0.005707291979999999,3.1496940650000003,0.00013922799245000002,1.198527529e-05,0.000756462038,2.3780120879999997,0.00013922799245000002,1.198527529e-05,0.00536219871,2.90653006e-06,3.06993971e-05,0.110463377,58.43236180000001,0.0169574961,-0.00399601943,-0.0044043061699999995,3.0567009000000006e-06,2.72834675e-05
355,1702746600,0.052387393299999994,0.05241533239999999,-0.01262323525,-0.710993027,0.5986682850000001,0.18642794699999998,0.37088632499999996,0.33196013299999994,0.00361559445,0.037051682399999994,2.8094485900000004e-05,2.0932752649999998e-07,3.7814746900000006e-07,7.15687039e-07,4.60908246e-07,6.14760009e-07,1.356335761e-06,2.5927793799999997e-06,0.02369042,0.00248173681,1.501159285e-05,75.12723270000001,59.8318945,1.73825941e-06,6.943725669999999,0.00352122091,0.6782122700000001,7.109751065e-05,5.629371795e-06,0.00708321514,2.14169678,7.109751065e-05,5.629371795e-06,0.00566653974,2.0781023939999996,7.109751065e-05,5.629371795e-06,0.000661093439,1.2601368739999999,7.109751065e-05,5.629371795e-06,0.005376683290000001,3.00495945e-06,3.09571223e-05,-0.12281673939999997,55.85161310000001,0.016298972000000002,-0.00391718797,-0.0043530556800000005,3.10578652e-06,2.85277201e-05
355,1702747200,0.0595975904,0.059625401099999996,-0.014318294149999999,-0.8070777290000001,0.642094597,0.202544799,0.390986934,0.349023154,0.00436474459,0.04560552589999999,2.7909458299999998e-05,1.4733907749999998e-07,3.2220006199999997e-07,5.966023480000001e-07,3.77590188e-07,5.17418474e-07,1.155600714e-06,2.48193626e-06,0.027303327999999998,0.0024741166100000003,1.55554387e-05,75.89180400000001,58.65584349999999,1.9779457e-06,6.89667772,0.0036759719400000002,0.726299862,7.110765409999999e-05,5.683615249999999e-06,0.007561822850000001,2.43664897,7.110765409999999e-05,5.683615249999999e-06,0.00565789456,2.10169717,7.110765409999999e-05,5.683615249999999e-06,0.0006721948150000001,1.287810277,7.110765409999999e-05,5.683615249999999e-06,0.0053659070100000004,2.90336463e-06,3.07255337e-05,0.0806907596,62.910165000000006,0.017881184949999997,-0.00415633097,-0.0044447507300000005,2.92504634e-06,2.62569021e-05
355,1702747800,0.18836979290000003,0.1883978148,-0.009045740789999998,-1.0490947565000002,0.876964274,0.361474159,0.6253315739999998,0.573767525,0.00916587351,0.11157417710000002,2.8285078999999994e-05,3.6426165399999997e-07,5.35051849e-07,8.43902615e-07,7.637417949999999e-07,1.020464725e-06,2.1133254100000002e-06,4.19756419e-06,0.09154585130000001,0.00260726589,2.16651473e-05,71.89609960000001,54.1829857,6.25917671e-06,6.62303719,0.006430884959999999,2.083870535,0.0001177837907,9.847971765e-06,0.0133310176,8.081579190000001,0.0001177837907,9.847971765e-06,0.00582949594,3.223448,0.0001177837907,9.847971765e-06,0.000965409368,2.3916419,0.0001177837907,9.847971765e-06,0.00537491788,2.86278995e-06,3.08428846e-05,0.13320268670000002,52.141992800000004,0.0160242426,-0.0037940780900000007,-0.004276378910000001,2.84694802e-06,2.5954025099999996e-05
355,1702748400,0.11629263414999999,0.1163206959,-0.014848095740000001,-0.6908014570000001,0.696546267,0.25863382980000005,0.465651709,0.413150123,0.008245446270000002,0.06948493950000001,2.81997179e-05,2.0032059290000005e-07,3.35262461e-07,6.55544442e-07,4.3026985499999995e-07,5.50611818e-07,1.347409032e-06,2.52169926e-06,0.0561081857,0.0020175990399999995,1.43514596e-05,75.35392540000001,61.84932590000001,3.866230039e-06,6.827048169999999,0.00469353885,1.32908459,0.0001373907146,1.1775872080000002e-05,0.009370884999999999,4.940269807999999,0.0001373907146,1.1775872080000002e-05,0.00576850755,3.32133423,0.0001373907146,1.1775872080000002e-05,0.0008162416379999999,2.5228068235000003,0.0001373907146,1.1775872080000002e-05,0.00537685601,2.78009285e-06,3.08379835e-05,-0.030792559550000008,57.832942100000004,0.015588568999999997,-0.00390386765,-0.00433615376,2.87347459e-06,2.66915365e-05
355,1702749000,0.015520869399999998,0.0155488574,-0.03399067930000001,-0.34228372710000005,0.432275703,0.10285090100000001,0.194068422,0.16545505,0.0018495337100000002,0.0150330974,2.80564459e-05,9.377866050000001e-08,2.5317916400000003e-07,5.44828052e-07,2.89889802e-07,3.4845882e-07,1.137800463e-06,1.78597256e-06,0.005710814159999999,0.0020328218999999996,1.2238277149999999e-05,79.04725010000001,77.80942660000001,5.13807602e-07,7.29104403,0.0021872649899999995,0.275476645,3.81216361e-05,2.8402700299999996e-06,0.00337860382,0.5198247389999999,3.81216361e-05,2.8402700299999996e-06,0.00546122734,1.28797409,3.81216361e-05,2.8402700299999996e-06,0.00037398030499999997,0.47167490070000007,3.81216361e-05,2.8402700299999996e-06,0.00537354003,2.7404548499999998e-06,3.07268942e-05,0.07868351459999999,63.92137500000001,0.0167573683,-0.00410174218,-0.00442966251,2.89409843e-06,2.6967601200000002e-05
355,1702749600,0.0195757705,0.0196034824,-0.0252391082,-0.7241251390000001,0.4608515799999999,0.11935050779999998,0.21401903900000002,0.18188055200000003,0.00201683108,0.01927838375,2.7793548200000002e-05,1.0675552199999999e-07,2.63126524e-07,5.10506725e-07,3.13965594e-07,3.66095467e-07,1.033835896e-06,1.86648944e-06,0.007428874990000001,0.0023414629900000003,1.292838705e-05,81.17756039999999,74.47515439999998,6.47874724e-07,7.3195346,0.00243224574,0.326981143,3.8113656299999995e-05,2.83096877e-06,0.00395226711,0.686061353,3.8113656299999995e-05,2.83096877e-06,0.005468534789999999,1.3554406399999999,3.8113656299999995e-05,2.83096877e-06,0.000419627221,0.5389009553,3.8113656299999995e-05,2.83096877e-06,0.00534539728,2.61399407e-06,3.03119265e-05,-0.1696465637,69.5683572,0.01715106625,-0.00414882423,-0.00453374865,2.89589486e-06,2.69322751e-05
355,1702750200,0.02306224375,0.023089867899999998,-0.0281437345,-0.4542912608,0.473714454,0.12062392200000001,0.22920699400000002,0.190393315,0.0030318775399999997,0.021513429599999998,2.77042466e-05,1.1224077950000003e-07,2.79686502e-07,5.448694760000001e-07,3.3735453099999996e-07,4.00638005e-07,1.1817229120000002e-06,2.03757155e-06,0.00960802154,0.0019053428800000001,1.27472564e-05,79.2407665,73.1388543,7.639123610000001e-07,7.297622290000001,0.0024218648699999997,0.3509480340000001,1.7949611300000003e-05,1.156184095e-06,0.00414334871,0.883166887,1.7949611300000003e-05,1.156184095e-06,0.00538115244,1.0454635890000001,1.7949611300000003e-05,1.156184095e-06,0.000335472021,0.22059842016000003,1.7949611300000003e-05,1.156184095e-06,0.00534019084,2.6452066700000004e-06,3.02636814e-05,0.11353750790000001,73.36670939999999,0.01688557475,-0.004241604340000001,-0.0045252258,2.98868729e-06,2.7290301999999997e-05
355,1702750800,0.015676971799999998,0.0157046866,-0.0299229749,0.03162780360000001,0.45350134000000003,0.09675189860000001,0.20666881199999998,0.171530236,0.00226225019,0.017287072700000003,2.77950349e-05,1.0529571289999999e-07,2.66885614e-07,5.424731940000001e-07,3.18998496e-07,3.70416203e-07,1.1428879320000002e-06,1.8853456700000003e-06,0.005711990630000001,0.00210880285,1.29475026e-05,79.2796325,78.30094389999998,5.18581752e-07,7.4128793,0.0021308662099999995,0.272928236,4.40206329e-05,3.261302107e-06,0.0033656316800000003,0.525567871,4.40206329e-05,3.261302107e-06,0.00549081184,1.4275729389999998,4.40206329e-05,3.261302107e-06,0.000425229532,0.6206582556,4.40206329e-05,3.261302107e-06,0.00534488548,2.63440517e-06,3.03487574e-05,0.05822564560000001,65.7063618,0.01660603655,-0.00408233486,-0.004458245269999999,2.9359361400000004e-06,2.70243317e-05
355,1702751400,0.0118433905,0.0118711556,-0.0366648876,0.023015590900000004,0.40429984700000005,0.0858116998,0.177455421,0.148017018,0.00146814464,0.0113827939,2.7821818399999997e-05,8.32857129e-08,2.67243445e-07,4.83034682e-07,2.90396089e-07,3.46149611e-07,1.003750005e-06,1.76524429e-06,0.00369596602,0.00220961906,1.17954098e-05,81.8325133,87.62908730000001,3.91366335e-07,7.48082503,0.00191522542,0.242438845,3.0074196e-05,2.0247689799999998e-06,0.00273749318,0.346252509,3.0074196e-05,2.0247689799999998e-06,0.00544288178,1.1767102499999997,3.0074196e-05,2.0247689799999998e-06,0.000366837544,0.35802654700000003,3.0074196e-05,2.0247689799999998e-06,0.00535898902,2.7093698100000002e-06,3.04898986e-05,0.05781575499999999,69.2411631,0.0171078281,-0.00423035124,-0.00455825016,3.10318991e-06,2.7093339699999998e-05
355,1702752000,0.012494555049999998,0.012522354200000002,-0.0261129512,-0.353748007,0.445626107,0.0924719621,0.163392486,0.142916862,0.0017575467099999998,0.0152839276,2.78609293e-05,8.989580379999999e-08,2.70765538e-07,5.383442260000001e-07,3.0680708999999996e-07,3.82572434e-07,1.111301533e-06,1.8631978500000003e-06,0.00421865408,0.00201145909,1.252007215e-05,81.5374674,84.23878640000001,4.1236432099999997e-07,7.46905162,0.00195068423,0.24802239099999998,4.46303706e-05,3.307569755e-06,0.0028919666200000003,0.397853825,4.46303706e-05,3.307569755e-06,0.00549401776,1.4096724230000002,4.46303706e-05,3.307569755e-06,0.000422593309,0.5980523803600001,4.46303706e-05,3.307569755e-06,0.00536163283,2.8669894700000004e-06,3.0642682600000004e-05,-0.13763713149999998,70.6041896,0.018797864549999998,-0.004147022530000001,-0.0045674354800000014,3.29907672e-06,2.8635089699999997e-05
355,1702752600,0.07923335699999999,0.0792611242,-0.0115015831,-0.8534134700000001,0.7101591770000001,0.233379236,0.450613756,0.404862363,0.0065495682399999994,0.058345461900000006,2.79413907e-05,2.25584827e-07,3.8881147400000005e-07,6.81922191e-07,5.12004952e-07,6.38956712e-07,1.601253182e-06,2.78086216e-06,0.037429487299999994,0.00216453773,1.564743e-05,72.9208881,55.542749300000004,2.6309642600000003e-06,6.80742302,0.004328804979999999,0.9556865379999999,7.6915095e-05,6.16793889e-06,0.00884920115,3.33219603,7.6915095e-05,6.16793889e-06,0.005675731880000001,2.2050470400000006,7.6915095e-05,6.16793889e-06,0.0007288180089999999,1.3978453639999997,7.6915095e-05,6.16793889e-06,0.00535289674,2.8077729000000004e-06,3.05783329e-05,0.09799547830000002,61.2891889,0.017447495299999997,-0.00395306097,-0.00431176167,2.90426635e-06,2.6983030299999996e-05
355,1702753200,0.01400934135,0.0140371109,-0.032134775399999996,-0.278437682,0.426238008,0.09457571040000001,0.18641819099999998,0.15439220999999997,0.00168211089,0.01320080985,2.783173e-05,8.77686774e-08,2.6512091e-07,5.177558220000001e-07,2.9830462799999997e-07,3.48095261e-07,1.0647521089999998e-06,1.7341764199999999e-06,0.0046888152899999995,0.0022997571599999997,1.1708587400000001e-05,81.5730019,84.23380549999999,4.63462059e-07,7.4246430199999995,0.00205203614,0.264258223,3.4999027699999997e-05,2.4949907260000003e-06,0.00306982824,0.437014309,3.4999027699999997e-05,2.4949907260000003e-06,0.005473836710000001,1.296268553,3.4999027699999997e-05,2.4949907260000003e-06,0.000407713642,0.49030624130000006,3.4999027699999997e-05,2.4949907260000003e-06,0.00536186607,2.7811352900000003e-06,3.05803799e-05,0.0866507043,68.2940619,0.0169123087,-0.0042204252,-0.00454925716,3.14708521e-06,2.84016205e-05
355,1702753800,0.01164969565,0.0116775058,-0.0337434769,-0.1282705374,0.40823746200000005,0.08702765380000001,0.167667619,0.140516793,0.0015661748900000002,0.011711131,2.7874500900000003e-05,8.719622470000002e-08,2.59380555e-07,5.37445112e-07,3.07430231e-07,3.69232335e-07,1.146337012e-06,1.8121737300000002e-06,0.0035530223599999993,0.0022546346000000004,1.2544635599999999e-05,81.6096146,89.595221,3.8477183400000006e-07,7.473089949999999,0.0019226750100000002,0.24505751000000003,3.4685328699999996e-05,2.57402189e-06,0.0026653495299999996,0.339828912,3.4685328699999996e-05,2.57402189e-06,0.00544227303,1.254052295,3.4685328699999996e-05,2.57402189e-06,0.00036429668600000003,0.4365267115,3.4685328699999996e-05,2.57402189e-06,0.00536320264,2.86904905e-06,3.06796549e-05,0.08932416820000001,66.46827400000001,0.016714026549999997,-0.00407528555,-0.004438495860000001,3.12937128e-06,2.73375439e-05
355,1702754400,0.0174817337,0.01750966465,-0.0306648567,-0.251603283,0.447088659,0.09931791720000001,0.203631215,0.17059271000000004,0.00296396369,0.018322921800000003,2.80150167e-05,9.973213770000001e-08,2.6311601300000003e-07,4.931657810000001e-07,3.4520848799999997e-07,3.860941969999999e-07,1.108443806e-06,1.79041446e-06,0.006431344869999999,0.0022913515800000008,1.3526901649999999e-05,81.4798311,84.80153359999998,5.78324593e-07,7.403225330000001,0.0021035445,0.28972734299999997,4.9300948100000004e-05,3.7999100869999997e-06,0.00329724081,0.597055669,4.9300948100000004e-05,3.7999100869999997e-06,0.00552082226,1.526944356,4.9300948100000004e-05,3.7999100869999997e-06,0.00044704188499999995,0.7168895714,4.9300948100000004e-05,3.7999100869999997e-06,0.00536660676,2.5850903399999997e-06,3.0524963300000004e-05,0.026351955029999985,69.7643277,0.01641827635,-0.0041589631,-0.004567900320000001,2.8660991300000004e-06,2.58472485e-05
355,1702755000,0.0102428031,0.0102705808,-0.0480533163,0.5033403616000001,0.41810026800000005,0.0769854049,0.163204984,0.1374041975,0.00187845948,0.0132804748,2.7841895900000003e-05,8.402316559999998e-08,2.49561739e-07,5.412638270000001e-07,3.18365731e-07,3.71161781e-07,1.166114424e-06,1.81615439e-06,0.00341060207,0.00169240196,1.373778785e-05,80.6202615,83.5907709,3.38209281e-07,7.52914117,0.00177181462,0.21707402,4.3067369e-05,3.1673839699999996e-06,0.0025934985699999995,0.329468828,4.3067369e-05,3.1673839699999996e-06,0.00549272132,1.3832305850000002,4.3067369e-05,3.1673839699999996e-06,0.000417291327,0.564996372,4.3067369e-05,3.1673839699999996e-06,0.005355342670000001,2.7827288e-06,3.05537235e-05,-0.0516730845,68.96247960000001,0.0178603726,-0.00413431401,-0.00441932003,2.91015544e-06,2.7219953499999996e-05
355,1702755600,0.013312402400000001,0.0133398506,-0.047009723200000006,0.412637445,0.431600686,0.084549524,0.188293252,0.15840483400000002,0.0022532328000000003,0.01632036905,2.75146526e-05,8.232420889999999e-08,2.48127307e-07,4.69631275e-07,3.0975691499999997e-07,3.5362527900000005e-07,1.016641486e-06,1.7710055199999998e-06,0.0051615344799999996,0.00147706153,1.322554895e-05,79.6386951,75.5902915,4.40129144e-07,7.473380869999998,0.00185943737,0.24750381,3.161724875e-05,2.226279581e-06,0.0031126494599999998,0.48168466099999996,3.161724875e-05,2.226279581e-06,0.005411536440000001,1.198604979,3.161724875e-05,2.226279581e-06,0.00036764803299999996,0.3863009014,3.161724875e-05,2.226279581e-06,0.0053235518,2.55149497e-06,3.00228027e-05,0.025771061500000005,69.67598629999999,0.0164237999,-0.004165488849999999,-0.0045102901200000005,2.78834114e-06,2.571678e-05
355,1702756200,0.01436689599,0.014394597380000002,-0.03788572163,0.05903030499999993,0.37546146199999997,0.0947512165,0.17573036199999997,0.1464419709,0.00177719352,0.012791064700000002,2.7773286999999998e-05,9.3328825e-08,2.63481375e-07,5.10669413e-07,3.4608196999999993e-07,3.93932034e-07,1.165301455e-06,1.8627345699999998e-06,0.00559044487,0.00157361726,1.454295125e-05,78.79184450000001,80.8520158,4.7529776599999997e-07,7.491209120000001,0.0019705840999999997,0.274328976,2.583746575e-05,1.8006710739999999e-06,0.00304154359,0.517010289,2.583746575e-05,1.8006710739999999e-06,0.00541295164,1.1214971589999998,2.583746575e-05,1.8006710739999999e-06,0.000346779993,0.30529241240000005,2.583746575e-05,1.8006710739999999e-06,0.005347476079999999,2.7424182099999996e-06,3.04301742e-05,0.03791117216999999,67.79338589999999,0.017884732699999996,-0.00406224855,-0.00451157015,3.0811300300000003e-06,2.8061257799999997e-05
355,1702756800,0.040455661899999995,0.0404834867,-0.00141823799,-1.5717994899999999,0.46966433500000004,0.18697537599999997,0.270158249,0.24503248100000002,0.0017857602549999998,0.0259385924,2.7908117399999998e-05,1.088408949e-07,2.72931073e-07,5.308064550000001e-07,3.90818273e-07,4.51744113e-07,1.24775288e-06,2.1407740199999997e-06,0.0185072152,0.0016989951700000002,1.63221966e-05,76.37456749999998,58.4874622,1.3418639800000002e-06,7.06746806,0.00339140184,0.541724114,7.81243686e-05,6.367552781e-06,0.00629094696,1.65364489,7.81243686e-05,6.367552781e-06,0.005575895249999999,1.94883086,7.81243686e-05,6.367552781e-06,0.000570389435,1.1636496043999998,7.81243686e-05,6.367552781e-06,0.005362130940000001,2.81308205e-06,3.06422392e-05,-0.016030768749999997,68.287849,0.01791680315,-0.00404379428,-0.0044873108600000005,3.00486602e-06,2.71321206e-05
355,1702757400,0.034049912700000004,0.03407768865,-0.01214875344,-1.3176246473000002,0.44922621299999993,0.16593552,0.23066954,0.21551907799999998,0.00224187423,0.022310919150000004,2.78853035e-05,1.2643593149999997e-07,2.7780593500000005e-07,5.507722429999999e-07,4.1560950500000006e-07,4.67543269e-07,1.3300345299999999e-06,2.1585327200000003e-06,0.015448495669999998,0.0015546320200000002,1.62692041e-05,75.71265819999999,61.081310900000005,1.1287608650000001e-06,7.181636950000001,0.0031086197399999996,0.46781269099999995,1.78263701e-05,1.176510329e-06,0.00561892739,1.392366853,1.78263701e-05,1.176510329e-06,0.005435969739999999,1.1638124699999999,1.78263701e-05,1.176510329e-06,0.00040288764699999996,0.334269134,1.78263701e-05,1.176510329e-06,0.0053447990800000005,2.5388006200000003e-06,3.0293686299999997e-05,-0.1485654618,66.0768594,0.0153721102,-0.004040308100000001,-0.004431603950000001,2.72373635e-06,2.5518508600000005e-05
355,1702758000,0.0131979499,0.013225706700000001,-0.0399069503,0.0010139476999999953,0.42087534699999996,0.089145414,0.18375561399999998,0.154542221,0.0019359258299999997,0.013763648199999997,2.78159079e-05,7.275980330000001e-08,2.2780853e-07,4.50560522e-07,3.2652445100000004e-07,3.65630333e-07,1.0939021010000001e-06,1.7963926100000002e-06,0.00492740082,0.0016518016700000002,1.528543635e-05,78.70103800000001,76.0306709,4.36290368e-07,7.44778374,0.00198433597,0.25504258700000004,3.24891016e-05,2.319214304e-06,0.00314760968,0.45578801599999996,3.24891016e-05,2.319214304e-06,0.00546200884,1.24543285,3.24891016e-05,2.319214304e-06,0.000391919616,0.42849302850000004,3.24891016e-05,2.319214304e-06,0.00535040124,2.61390624e-06,3.0370947300000004e-05,-0.10925795599999999,69.5024345,0.0169791984,-0.004165994179999999,-0.00454238156,2.8976976100000002e-06,2.59260772e-05
355,1702758600,0.01512603559,0.01515409404,-0.027725293229999996,-0.3684037265,0.410112524,0.0984206549,0.178505448,0.14977957390000002,0.0024934381800000003,0.01471364804,2.81156942e-05,6.11664148e-08,1.95048761e-07,4.370209270000001e-07,3.21716802e-07,3.2623306199999997e-07,1.066551223e-06,1.62497389e-06,0.00607236202,0.00147163646,1.4767551199999998e-05,80.09692390000001,76.9267073,5.00782385e-07,7.46866565,0.00201152417,0.263016388,3.54219917e-05,2.5481796969999995e-06,0.00322208702,0.5589193589999999,3.54219917e-05,2.5481796969999995e-06,0.00549084051,1.293789887,3.54219917e-05,2.5481796969999995e-06,0.000387809883,0.462371432,3.54219917e-05,2.5481796969999995e-06,0.00537573004,2.4896313899999996e-06,3.05759131e-05,0.09607989160000001,64.6321216,0.0154628467,-0.004073405739999999,-0.004587702860000001,2.68578002e-06,2.44321837e-05
355,1702759200,0.0153020768,0.015330123199999999,-0.039743151000000004,0.18958275589999998,0.472214415,0.093950304,0.19534346199999997,0.16620507,0.0025170684899999997,0.0186824006,2.8101483400000002e-05,6.71372608e-08,2.2547013300000003e-07,5.046022320000001e-07,3.0058345300000004e-07,3.2348131499999993e-07,1.166914795e-06,1.7619417600000003e-06,0.006384970379999999,0.00124714497,1.44553139e-05,78.99211040000002,69.931384,5.062307929999999e-07,7.437733770000001,0.0020562849800000002,0.282007431,3.780465235e-05,2.76562782e-06,0.00347634903,0.5850887459999999,3.780465235e-05,2.76562782e-06,0.0054903320200000005,1.315234175,3.780465235e-05,2.76562782e-06,0.000393941322,0.4911838255,3.780465235e-05,2.76562782e-06,0.00537681696,2.64802335e-06,3.06862411e-05,0.16529860990000006,65.72087690000002,0.0163515599,-0.00408223579,-0.0045120959599999995,2.9385574499999997e-06,2.6314976000000002e-05
355,1702759800,0.01097661496,0.0110045951,-0.0399567228,0.138295408,0.40332480700000006,0.082298415,0.16646758599999997,0.14040428749999997,0.0017000795400000002,0.012565996700000002,2.80438262e-05,7.5453786e-08,2.3556344499999998e-07,4.33634413e-07,3.24691375e-07,3.5913160600000007e-07,1.037145934e-06,1.71636662e-06,0.0041025370999999995,0.0013673609600000003,1.408788365e-05,79.26110200000001,76.7482905,3.62627074e-07,7.55840161,0.0018353274099999998,0.230375978,3.9562827399999994e-05,2.9468913199999995e-06,0.00286029397,0.388720551,3.9562827399999994e-05,2.9468913199999995e-06,0.00546310583,1.308469271,3.9562827399999994e-05,2.9468913199999995e-06,0.000357781331,0.4890265834,3.9562827399999994e-05,2.9468913199999995e-06,0.00537241072,2.51761123e-06,3.0513553600000003e-05,0.08571217069999998,71.8551233,0.0161563381,-0.00425577689,-0.00462517307,2.79317909e-06,2.6271783300000003e-05
355,1702760400,0.00833955408,0.00836721533,-0.043107676000000004,0.745049191,0.394137029,0.06980458229999999,0.143629383,0.11610354299999999,0.0016964150100000001,0.011557124600000001,2.7716526700000004e-05,6.250880899999999e-08,2.05365733e-07,4.5317749000000004e-07,3.14205687e-07,3.4104512999999996e-07,1.101138173e-06,1.60742886e-06,0.0027612032699999996,0.00139028851,1.4026719149999998e-05,79.75567179999999,88.0958426,2.75399721e-07,7.64715377,0.00160013912,0.20275038150000002,2.1679610000000002e-05,1.42246024e-06,0.00218537712,0.2688657614,2.1679610000000002e-05,1.42246024e-06,0.0053847535200000005,1.0322442449999998,2.1679610000000002e-05,1.42246024e-06,0.000308447683,0.2108433725,2.1679610000000002e-05,1.42246024e-06,0.005342167619999999,2.65258183e-06,3.03260598e-05,0.073557418,67.29346960000001,0.0177722456,-0.004073595239999999,-0.00444594952,2.90964891e-06,2.67743322e-05
355,1702761000,0.0069487238300000006,0.00697620289,-0.037088646600000004,0.7254019953,0.363611099,0.0661307426,0.1280289105,0.1045156915,0.00134366323,0.0094482554,2.7536923600000007e-05,7.040483760000002e-08,2.3241163999999997e-07,4.5359117299999994e-07,3.21576662e-07,3.6137109599999996e-07,1.056924174e-06,1.7425907899999999e-06,0.00203874904,0.00141801146,1.3226538549999999e-05,78.1860471,91.28534090000001,2.29241824e-07,7.6817228900000005,0.00153786084,0.190490264,3.26249178e-05,2.287818424e-06,0.0019841329200000002,0.207033838,3.26249178e-05,2.287818424e-06,0.00541326963,1.1950147100000001,3.26249178e-05,2.287818424e-06,0.000347694859,0.383258187,3.26249178e-05,2.287818424e-06,0.005323857729999999,2.6168808e-06,3.00635526e-05,0.11737616859999997,71.2210167,0.0173569598,-0.00419425355,-0.0045404466,3.0178240800000002e-06,2.612123e-05
355,1702761600,0.0116760954,0.01170386094,-0.026440989800000002,0.269200961,0.43385074700000004,0.0844539341,0.170217698,0.139504259,0.00212466775,0.014821698650000001,2.78305302e-05,7.916135529999999e-08,2.4608000699999996e-07,5.52729484e-07,3.1570863200000003e-07,3.6291484e-07,1.217534549e-06,1.8155543e-06,0.004284823849999999,0.00153383128,1.4630460550000001e-05,81.4268749,79.290161,3.8545142400000003e-07,7.5775998200000005,0.00186880221,0.24873717500000003,4.0117225550000005e-05,2.97125283e-06,0.00283641808,0.40485139200000003,4.0117225550000005e-05,2.97125283e-06,0.00547717665,1.331162596,4.0117225550000005e-05,2.97125283e-06,0.00040174754399999993,0.5175401198999999,4.0117225550000005e-05,2.97125283e-06,0.00535164062,2.77874699e-06,3.05318396e-05,-0.03998852719999999,65.6773018,0.01714265215,-0.00402243769,-0.00442443572,3.01900942e-06,2.7123965e-05
355,1702762200,0.005881789049999999,0.00590950379,-0.0377775211,1.286807503,0.364248615,0.05898690090000001,0.1210161935,0.0963029384,0.0013199013100000001,0.008683755050000002,2.77671857e-05,5.67589039e-08,2.0460041e-07,4.00725938e-07,2.9262205399999997e-07,2.9642826399999996e-07,9.423079789999999e-07,1.5061632400000001e-06,0.00152954029,0.0013944763499999999,1.3099866849999999e-05,81.372444,97.596543,1.9383334999999996e-07,7.71231767,0.0013834028,0.17063836699999999,2.520489115e-05,1.7473253499999996e-06,0.0016387125499999998,0.157831398,2.520489115e-05,1.7473253499999996e-06,0.00537818107,1.059679206,2.520489115e-05,1.7473253499999996e-06,0.000277319358,0.23855210403999996,2.520489115e-05,1.7473253499999996e-06,0.00534103441,2.37533208e-06,3.0092529400000003e-05,0.21156718739999997,74.5175655,0.016229061100000004,-0.0042098351899999996,-0.004603066469999999,2.79409859e-06,2.5417086699999997e-05
355,1702762800,0.07108444263,0.0711120211,-0.011533686080000001,-0.4035997600000001,0.6189188999999999,0.20849313230000002,0.374186434,0.32952255799999997,0.0074115562400000005,0.04942332263,2.77740411e-05,2.456031627999999e-07,4.00263342e-07,6.51978334e-07,5.55509177e-07,6.78864423e-07,1.4717472100000002e-06,2.73168527e-06,0.03396288535,0.0015576395399999998,1.46493897e-05,72.90851,65.26705,2.360664712e-06,6.92895314,0.00379259163,0.8446822340000001,4.90009143e-05,3.71321222e-06,0.00745175585,2.9913117139999996,4.90009143e-05,3.71321222e-06,0.005572987329999999,1.88820307,4.90009143e-05,3.71321222e-06,0.0006109608499999999,1.0485841344,4.90009143e-05,3.71321222e-06,0.00533588694,2.6886154400000005e-06,3.0259103700000003e-05,0.12220014774999999,65.7287003,0.017741797299999997,-0.004031949139999999,-0.00443889195,3.05524008e-06,2.89424288e-05
355,1702763400,0.03714368006,0.03717140881,-0.02760885735,0.39851220000000004,0.46137658299999995,0.12771113120000002,0.22328182009999997,0.19538096850000003,0.00356138315,0.02568756827,2.78363319e-05,1.2810968460000002e-07,2.7630176100000004e-07,5.56083896e-07,4.14852595e-07,4.47990151e-07,1.296658864e-06,1.91661938e-06,0.017078028929999996,0.0014749297899999997,1.36650051e-05,76.43134230000001,90.3326287,1.2344257260000001e-06,7.46633597,0.0024721388900000004,0.4944831559999999,6.01422759e-05,4.757692275e-06,0.004132177369999999,1.5121639175000001,6.01422759e-05,4.757692275e-06,0.005517165710000001,1.737900884,6.01422759e-05,4.757692275e-06,0.00048340924899999995,0.9360092590000001,6.01422759e-05,4.757692275e-06,0.00534958099,2.70411275e-06,3.0413356600000002e-05,-0.12871672199999998,70.8149263,0.0175187576,-0.004128778289999999,-0.00451024138,2.9108415499999995e-06,2.73297249e-05
355,1702764000,0.02511396186,0.02514144947,-0.02112648336,0.258018981,0.490102465,0.1087685392,0.21529407899999997,0.177530417,0.00437955946,0.028754191880000002,2.75456365e-05,7.866669629999999e-08,2.4256589299999996e-07,5.13600436e-07,3.2890188999999996e-07,3.95556986e-07,1.147237537e-06,1.94519391e-06,0.01100315953,0.0015346365800000003,1.43018202e-05,77.41471329999999,79.40743979999999,8.329572259999997e-07,7.362768599999998,0.00225322053,0.392598377,3.9387637000000003e-05,2.912900561e-06,0.0036951896900000005,1.012110474,3.9387637000000003e-05,2.912900561e-06,0.005455913309999999,1.395788915,3.9387637000000003e-05,2.912900561e-06,0.000425138755,0.5807789267000001,3.9387637000000003e-05,2.912900561e-06,0.00532963063,2.8058073999999996e-06,3.02958865e-05,-0.01982903800000001,66.31955209999998,0.017417277050000003,-0.00411334857,-0.00446234501,2.95476942e-06,2.5644217000000004e-05
355,1702764600,0.133534469,0.133561879,-0.0035150403499999996,-1.32570026,0.765585855,0.32425940699999994,0.536528879,0.495877635,0.0070073717600000005,0.0780616545,2.75950753e-05,2.704000636e-07,4.2705613899999993e-07,7.313430170000001e-07,5.67816071e-07,7.826280489999998e-07,1.584166416e-06,3.41968838e-06,0.065040711,0.00170042044,1.803399065e-05,69.652394,52.5623725,4.437271119999999e-06,6.54881247,0.00571666269,1.52925434,0.00011173846759999999,9.418748472e-06,0.01177758325,5.77360854,0.00011173846759999999,9.418748472e-06,0.00572631251,2.9376817460000004,0.00011173846759999999,9.418748472e-06,0.00088069308,2.149930715,0.00011173846759999999,9.418748472e-06,0.00532158157,2.84908315e-06,3.02660638e-05,-0.002614041199999999,58.3339336,0.017121439699999998,-0.00385292645,-0.00426398498,2.8969076100000005e-06,2.6393297000000002e-05
355,1702765200,0.01034536641,0.010372561999999998,-0.0265558138,0.8159936570000001,0.419562803,0.0753098507,0.165155041,0.13117900259999998,0.0022337559200000003,0.014487642850000005,2.7273308599999997e-05,7.697931879999999e-08,2.1271706800000002e-07,4.1213066699999996e-07,3.48446502e-07,3.66201818e-07,1.048219855e-06,1.7014252599999999e-06,0.0035634548099999996,0.00159083614,1.4101376150000002e-05,80.9842574,85.20203799999999,3.4130815299999995e-07,7.5059394699999995,0.0016325118600000002,0.212877582,2.32167641e-05,1.5645297239999998e-06,0.00244814491,0.331999338,2.32167641e-05,1.5645297239999998e-06,0.005361697229999999,1.078136643,2.32167641e-05,1.5645297239999998e-06,0.000323335694,0.269093918,2.32167641e-05,1.5645297239999998e-06,0.00529491955,2.45823518e-06,2.96666955e-05,0.05241725760000001,70.34035229999999,0.01578932345,-0.004137994809999999,-0.00452334084,2.5862256e-06,2.45004489e-05
355,1702765800,0.0070091285000000005,0.007036482370000001,-0.036733674200000004,0.917335638,0.38363671899999996,0.0650327046,0.13020397250000001,0.1053032124,0.0015053148499999999,0.010384875620000001,2.7413737299999994e-05,6.47855439e-08,2.16552394e-07,4.6510558799999994e-07,3.3963882099999995e-07,3.75682083e-07,1.1228856749999999e-06,1.70081178e-06,0.0019409187600000002,0.00154438033,1.4892255500000001e-05,81.5875455,94.95891390000001,2.3078022299999997e-07,7.731820379999999,0.00155218624,0.20151226400000005,3.079856105e-05,2.20707599e-06,0.0018889926099999999,0.192798873,3.079856105e-05,2.20707599e-06,0.00539023517,1.1652786679999998,3.079856105e-05,2.20707599e-06,0.00033833947500000005,0.35423358145,3.079856105e-05,2.20707599e-06,0.005311276199999999,2.67115891e-06,3.00209472e-05,-0.07234752259999999,76.03260519999999,0.0190393684,-0.00413441964,-0.00440140629,2.87462788e-06,2.81730281e-05
355,1702766400,0.01093897593,0.010966252499999999,-0.0354456172,0.8668877509999998,0.416675217,0.07603092079999998,0.171755242,0.13999177619999997,0.0021651289400000003,0.014604033399999999,2.7328085900000004e-05,6.702493559999999e-08,2.3299921799999998e-07,4.4636925600000005e-07,3.05487547e-07,3.4934914200000005e-07,1.0368056319999999e-06,1.7192595699999999e-06,0.00397401174,0.0014771755500000002,1.404446085e-05,79.6958642,82.04402850000001,3.61349295e-07,7.513921689999999,0.0017359797000000004,0.241594378,2.5601340549999998e-05,1.7113414899999998e-06,0.00264598209,0.372356422,2.5601340549999998e-05,1.7113414899999998e-06,0.00536041873,1.075824206,2.5601340549999998e-05,1.7113414899999998e-06,0.000330548004,0.2691177078,2.5601340549999998e-05,1.7113414899999998e-06,0.0053043666599999996,2.6522768e-06,2.98835205e-05,-0.0830452645,71.6797431,0.01695917785,-0.004143855019999999,-0.00451752603,3.0539707199999996e-06,2.73077758e-05
355,1702767000,0.008536594929999999,0.00856397196,-0.0357454322,0.775082535,0.403699825,0.0700207981,0.15172963,0.125778839,0.0015856947899999998,0.0119534031,2.74289227e-05,6.58337037e-08,2.25402521e-07,5.255832390000001e-07,2.86934788e-07,3.21587969e-07,1.1687175470000002e-06,1.62996569e-06,0.00260325756,0.0016461956399999999,1.44910766e-05,82.21657440000001,89.06379969999999,2.81482941e-07,7.600925029999999,0.00166256629,0.209632474,2.4810593800000003e-05,1.684546316e-06,0.00226081993,0.257967175,2.4810593800000003e-05,1.684546316e-06,0.005366620569999999,1.084611574,2.4810593800000003e-05,1.684546316e-06,0.0003092381,0.27617976810000006,2.4810593800000003e-05,1.684546316e-06,0.0053156585200000005,2.69458534e-06,3.00834267e-05,-0.014730225000000013,64.3609215,0.0162774735,-0.00393551982,-0.00442141802,2.7905454400000003e-06,2.5761184600000003e-05
355,1702767600,0.0235027039,0.0235302079,-0.0241559035,-0.08152638599999999,0.507728005,0.1171052185,0.23933230700000002,0.190880828,0.0035676858499999998,0.023086795200000003,2.7584536400000005e-05,9.51367584e-08,2.62825327e-07,4.97050005e-07,3.56921695e-07,4.0886265199999996e-07,1.2397154450000002e-06,1.95314375e-06,0.010013452850000002,0.0017169754000000003,1.58001434e-05,78.8178235,69.85541909999999,7.785150889999999e-07,7.315515960000001,0.0024220071200000003,0.372565253,5.37357284e-05,4.083717309999999e-06,0.004159986620000001,0.9024105259999999,5.37357284e-05,4.083717309999999e-06,0.005544263969999999,1.6860889800000003,5.37357284e-05,4.083717309999999e-06,0.000520407184,0.8702500839999999,5.37357284e-05,4.083717309999999e-06,0.00532856277,2.66290188e-06,3.0159778799999995e-05,0.022362453699999996,67.85759469999999,0.01702532835,-0.00406735967,-0.004552959109999999,2.8353126e-06,2.50146149e-05
355,1702768200,0.033934684699999995,0.033962338300000006,-0.00746252523,-1.05336554,0.491865007,0.1609402505,0.25973293000000003,0.226131905,0.003745430363,0.025396153900000003,2.77837447e-05,1.4928341279999997e-07,3.12380739e-07,5.680584240000001e-07,4.289148089999999e-07,4.91259646e-07,1.335163285e-06,2.20758741e-06,0.014897257850000001,0.0020494009800000003,1.49894972e-05,77.68041980000001,63.865709100000004,1.125176251e-06,7.22392681,0.0030391730900000006,0.481668723,5.0797152800000004e-05,3.987988896e-06,0.0054156834,1.3436132749999998,5.0797152800000004e-05,3.987988896e-06,0.0055008109,1.6681914580000001,5.0797152800000004e-05,3.987988896e-06,0.00048765499600000005,0.8449635602000001,5.0797152800000004e-05,3.987988896e-06,0.005340597460000001,2.68663483e-06,3.0330595000000004e-05,-0.08076321121999999,67.23389699999998,0.01628337805,-0.0040254348500000006,-0.004484617749999999,2.93024808e-06,2.66372294e-05
355,1702768800,0.0251091055,0.025136539100000004,-0.007418244365,-0.55861562466,0.506377959,0.13028220299999999,0.246607529,0.20318120300000003,0.0036203207100000004,0.02276924785,2.7491457599999998e-05,8.263598e-08,2.46655597e-07,4.9488277e-07,3.05861706e-07,3.49606695e-07,1.095881876e-06,1.8008885599999998e-06,0.01019464448,0.00234294414,1.251660285e-05,79.6155011,72.3327199,8.323653570000001e-07,7.243501670000001,0.00263592505,0.380965396,2.8360843e-05,2.0235380569999996e-06,0.0044111973,0.916332536,2.8360843e-05,2.0235380569999996e-06,0.005399699080000001,1.192256809,2.8360843e-05,2.0235380569999996e-06,0.00038623315899999995,0.37197078790000004,2.8360843e-05,2.0235380569999996e-06,0.005323417780000001,2.68706756e-06,3.01254031e-05,0.011225470699999995,64.2105895,0.01601852345,-0.00403556125,-0.0044794456199999996,3.07909288e-06,2.78115031e-05
355,1702769400,0.0337001061,0.0337276309,-0.001001815099,-0.977860978,0.4856398220000001,0.157159264,0.25309522700000003,0.223956834,0.0024683043100000002,0.0240890615,2.7605294199999998e-05,1.1011226000000002e-07,2.81549512e-07,5.16528449e-07,3.40619933e-07,4.0415478499999997e-07,1.1466224740000002e-06,2.05675394e-06,0.014422999879999999,0.0024089156400000002,1.3195607000000002e-05,78.153155,70.7707065,1.117293519e-06,7.17808256,0.0029721283600000004,0.469826508,3.7716516e-05,2.7424371260000004e-06,0.00517281392,1.29354945,3.7716516e-05,2.7424371260000004e-06,0.005475607340000001,1.38835361,3.7716516e-05,2.7424371260000004e-06,0.00047588176099999993,0.5733482853,3.7716516e-05,2.7424371260000004e-06,0.00533933688,2.7546006300000002e-06,3.0330193900000002e-05,0.1419989924,68.4623564,0.017185211099999997,-0.00419037711,-0.00448196035,2.94053024e-06,2.73487343e-05
355,1702770000,0.016592855400000002,0.016620431949999997,-0.0029509216649999995,-0.7891214200000001,0.401524756,0.108374377,0.178542949,0.155029733,0.00182215895,0.01306707275,2.76616115e-05,1.053430765e-07,2.70862205e-07,4.1446000300000003e-07,3.43378469e-07,3.7516854700000007e-07,9.082237040000002e-07,1.9297873999999998e-06,0.006080620430000001,0.0021996754200000004,1.1672475250000001e-05,81.4610726,82.0412545,5.49255147e-07,7.448941190000001,0.00215741181,0.28391103500000003,4.6556787000000006e-05,3.520090575e-06,0.0033379565299999996,0.5619832509999999,4.6556787000000006e-05,3.520090575e-06,0.0054996721,1.526460601,4.6556787000000006e-05,3.520090575e-06,0.00046294623400000004,0.7266288330000001,4.6556787000000006e-05,3.520090575e-06,0.00533323418,2.4064557899999997e-06,2.99644459e-05,0.102440919,75.8658173,0.015616474699999999,-0.0044608815000000005,-0.00469428903,2.93617053e-06,2.6988632799999998e-05
355,1702770600,0.0679130891,0.0679405979,0.0056320602,-0.839470107,0.639694533,0.20520273649999998,0.38127413900000007,0.33961036599999994,0.0057534642,0.0481168565,2.7663630000000003e-05,1.9953503719999999e-07,3.70700424e-07,5.47453139e-07,5.26889081e-07,6.123205289999999e-07,1.213413256e-06,2.4516497299999997e-06,0.03136768248,0.00256775058,1.494443275e-05,77.0997148,64.53120270000001,2.2547351399999998e-06,6.9296191899999995,0.0038155600999999996,0.8290159960000001,0.0001115154026,9.45976342e-06,0.0074024204900000005,2.778608777,0.0001115154026,9.45976342e-06,0.00565264895,2.7210115399999997,0.0001115154026,9.45976342e-06,0.0007060810550000002,1.959355403,0.0001115154026,9.45976342e-06,0.00532627591,2.72976748e-06,3.0181450599999995e-05,-0.18062881549999998,106.01489550000001,0.021473704899999998,-0.004304185150000001,-0.00458859663,3.7951106700000003e-06,3.8160536599999996e-05
355,1702771200,0.33076843899999997,0.33079605539999996,0.001244129289,-1.345178514,1.070470175,0.499057891,0.7976493459999999,0.7345724260000001,0.0190863977,0.19505667699999998,2.7985608799999997e-05,5.3206732e-07,7.898147610000001e-07,1.122549765e-06,1.245630935e-06,1.182786269e-06,2.041003043e-06,5.19731146e-06,0.163117295,0.00223046467,2.39517537e-05,67.0826239,52.0311239,1.1003423060000002e-05,6.2224473399999995,0.00883878845,3.69618858,0.00039146529070000006,3.499173663e-05,0.018042146900000004,14.504037320000004,0.00039146529070000006,3.499173663e-05,0.0061368670400000006,7.960043350000001,0.00039146529070000006,3.499173663e-05,0.001440124209,7.302800880000001,0.00039146529070000006,3.499173663e-05,0.00541889985,4.80268818e-06,3.2522413600000004e-05,0.12690126445,41.0721316,0.017232152450000003,-0.003374170858,-0.00405487366,3.73662596e-06,2.7840781799999997e-05
355,1702771800,0.3667879,0.36681539899999993,0.00017850050439999996,-1.38325363,1.131859515,0.5338947490000001,0.859376237,0.804212071,0.023083564299999998,0.21849356159999997,2.8055141300000002e-05,7.485551970000001e-07,9.570888879999998e-07,1.292503624e-06,1.6429476619999999e-06,2.2517016629999998e-06,6.392878770000001e-06,9.079690800000001e-06,0.18075929200000002,0.0025709812299999995,4.07356301e-05,67.84589589999999,51.5921016,1.2187815869999998e-05,6.513393379999999,0.009448835970000001,4.09603112,0.0004804450636000001,4.310023414400001e-05,0.019382930000000003,15.948525800000002,0.0004804450636000001,4.310023414400001e-05,0.00629425762,9.78528322,0.0004804450636000001,4.310023414400001e-05,0.00164771025,9.13570812,0.0004804450636000001,4.310023414400001e-05,0.00533671144,4.54241938e-06,3.19321057e-05,-0.19306466715,145.9281872,0.030224130249999998,-0.0035116906500000005,-0.00398519091,5.484674720000001e-06,4.87168914e-05
355,1702772400,0.4079956376,0.40802279110000006,0.002800289774,0.4682449297,2.43704936,0.45934344399999993,0.809162188,0.7223095469999999,0.09597100791000002,0.7538527737,3.27645509e-05,5.763929839e-06,6.607802428e-06,9.961975274e-06,1.2650462824e-05,1.657255301e-05,3.4291241466e-05,9.640554157000001e-05,0.200143446,0.0034805685099999996,0.00018589997065000002,70.129233,54.6696524,1.3482180079999998e-05,7.04818954,0.009801161820000001,7.39983608,0.0022971341814,0.00020958911082,0.0169209893,17.41181305,0.0022971341814,0.00020958911082,0.0064384846400000004,38.802680280000004,0.0022971341814,0.00020958911082,0.0018617266899999998,39.215790216,0.0022971341814,0.00020958911082,0.005565107769999999,2.3651063660000002e-05,5.07870946e-05,0.4532793794600001,179.72095201300002,0.07456882220000001,-0.001431623446,-0.0023898044229999998,4.13272751e-06,3.690343839999999e-05
355,1702773000,0.0837907915,0.0838180308,0.008115296289600001,-0.771899865,0.723959578,0.234481691,0.46261411900000005,0.412737606,0.00816615412,0.06537685089999999,2.74227498e-05,2.477657685e-07,4.4004069100000003e-07,5.85118233e-07,5.0639608e-07,1.0024879909999999e-06,1.34995241e-06,3.1917384999999998e-06,0.039465765800000004,0.0023703370800000003,5.1720371e-05,73.40759110000002,56.074163799999994,2.7814943600000003e-06,6.75670461,0.004509582440000001,1.0052327719999998,7.75269582e-05,6.26628763e-06,0.00900660332,3.4686130200000003,7.75269582e-05,6.26628763e-06,0.00568793735,2.4893245399999997,7.75269582e-05,6.26628763e-06,0.000816717539,1.7130704860000001,7.75269582e-05,6.26628763e-06,0.0053132912099999995,2.9734796199999998e-06,3.0216419299999998e-05,0.0793419376,53.647144100000006,0.0169628723,-0.0039362198699999995,-0.004276394729999999,3.15217012e-06,2.7847078400000003e-05
355,1702773600,0.498741917,0.498769288,-0.055787655417999994,-1.29083833,1.2606009950000001,0.607041858,1.006568255,0.9377161390000002,0.022847580099999994,0.263086016,2.78388023e-05,6.16966323e-07,7.71437965e-07,1.0572607879999999e-06,1.322864711e-06,1.6632702120000004e-06,3.0224863e-06,6.593726839999999e-06,0.24707741899999996,0.00179527786,0.0004827028894999999,67.2680345,50.93318860000001,1.658989645e-05,6.17651035,0.01074672515,5.28717412,0.000467146055,4.1788617e-05,0.0224327404,21.5340559,0.000467146055,4.1788617e-05,0.00637947351,10.08087048,0.000467146055,4.1788617e-05,0.00182411512,9.44190452,0.000467146055,4.1788617e-05,0.00532020764,3.3969361999999996e-06,3.07771988e-05,-0.8421282815,88.68467139999998,0.0217940047,-0.0034303342800000003,-0.003995290690000001,4.033464410000001e-06,4.2613565999999995e-05
355,1702774200,0.373556544,0.37358405899999997,-0.121454836,-1.2702808200000002,1.11610905,0.532687189,0.8725766179999999,0.8043995660000001,0.022982671429999997,0.20792197299999998,2.8837094200000002e-05,1.4777118840000002e-06,1.652466713e-06,2.0214967290000004e-06,2.454288686e-06,3.1318092199999994e-06,5.0587377850000005e-06,9.70223215e-06,0.183034727,0.00303956107,0.000677189366,67.84634429999998,51.93624530000001,1.2410928e-05,6.424532430000001,0.0092956301,3.93501678,0.000230319258,2.009462842e-05,0.019528826399999998,15.914281799999998,0.000230319258,2.009462842e-05,0.00609267901,5.977688860000001,0.000230319258,2.009462842e-05,0.0014391995000000001,5.19604294,0.000230319258,2.009462842e-05,0.00531965071,2.5967621700000005e-06,3.01366469e-05,-0.23442093330000002,51.1334799,0.01558045385,-0.0036527836399999998,-0.00416336536,2.6268649399999997e-06,2.7175225e-05
355,1702774800,0.264963886,0.26499158700000003,-0.1611238416,-1.1943790200000002,0.976829798,0.44110824200000004,0.7370849990000001,0.674683093,0.01440773756,0.14826354599999997,2.81118141e-05,5.119436729999999e-07,6.55798592e-07,8.3766085e-07,9.43199674e-07,1.194354086e-06,2.082491661e-06,4.48468029e-06,0.1288962165,0.00285961461,0.000714936285,71.9715995,52.7179259,8.811023340000001e-06,6.33486863,0.00789809241,2.91862236,0.000227918594,1.9888985100000003e-05,0.016403307299999996,11.37282696,0.000227918594,1.9888985100000003e-05,0.00609949992,5.584563769999999,0.000227918594,1.9888985100000003e-05,0.00135263303,4.87041422,0.000227918594,1.9888985100000003e-05,0.00534642913,2.8004159199999996e-06,3.0502244800000007e-05,-0.28499576075,49.709060199999996,0.014640992750000002,-0.0038314781399999996,-0.00427837203,2.85088203e-06,2.5557441400000002e-05
355,1702775400,0.309054998,0.309082649,-0.11023281172000002,-1.2618429699999998,1.0931583649999999,0.48602390399999995,0.789999113,0.725459665,0.0260378927,0.192390083,2.8011755400000005e-05,4.593606479999999e-07,5.975869790000001e-07,8.300429350000001e-07,9.96302516e-07,1.305572574e-06,2.50850495e-06,5.3520170000000004e-06,0.15138954899999998,0.00253545978,0.0005900096128,70.782903,51.9126605,1.02740278e-05,6.35345507,0.00861437777,3.3987352399999997,0.0003795526614,3.378595534e-05,0.0178670055,13.389503300000001,0.0003795526614,3.378595534e-05,0.006257432119999999,8.244762710000002,0.0003795526614,3.378595534e-05,0.00154363429,7.53900603,0.0003795526614,3.378595534e-05,0.0053360132599999995,3.0581942300000002e-06,3.05916987e-05,-0.5569401906,71.3584922,0.0186866224,-0.00373674746,-0.00420088734,3.11051846e-06,3.2296601699999996e-05
355,1702776000,0.335204081,0.335231784,-0.13480271400000002,-1.1311522440000001,1.1883737540000001,0.49217352499999995,0.820675069,0.747022794,0.033903782699999996,0.227367548,2.8227934900000005e-05,6.46871723e-07,7.93788105e-07,1.061848469e-06,1.371061448e-06,1.8224068050000001e-06,3.29799661e-06,7.07455698e-06,0.164233048,0.0027150536500000003,0.000637111585,71.0884834,52.1284445,1.113663306e-05,6.47633149,0.008837107610000002,3.6636308800000004,0.0002187613456,1.9122872350000004e-05,0.0183409731,14.457764180000002,0.0002187613456,1.9122872350000004e-05,0.005995166079999999,5.413532749999999,0.0002187613456,1.9122872350000004e-05,0.001282316889,4.637385762999999,0.0002187613456,1.9122872350000004e-05,0.0053585158400000004,3.0636456100000003e-06,3.0830487699999995e-05,-0.0322223272,37.756788799999995,0.0136949652,-0.0036384194600000003,-0.004145156949999999,2.4931460300000002e-06,2.31328585e-05
355,1702776600,0.18750531399999998,0.187533151,-0.188743373,-0.9975303179999999,0.92391571,0.36201149599999993,0.6422820980000001,0.5696798810000001,0.016981747,0.12095082900000001,2.8230301000000003e-05,5.47290938e-07,7.84274116e-07,1.0719362030000002e-06,1.1493287980000002e-06,1.50401406e-06,2.7043770099999997e-06,6.15675689e-06,0.0900159056,0.0030843498999999996,0.0006379959380000001,73.7299496,53.81251159999999,6.2261674799999996e-06,6.695233310000001,0.00671402181,2.18905904,0.00020999967639999997,1.825273077e-05,0.013713424200000001,7.940971730000001,0.00020999967639999997,1.825273077e-05,0.00604115651,5.00456973,0.00020999967639999997,1.825273077e-05,0.0012455296100000002,4.24356633,0.00020999967639999997,1.825273077e-05,0.005414104329999999,4.29800268e-06,3.210265750000001e-05,-0.17599385750000002,35.7852587,0.014844505899999999,-0.00352255759,-0.004211188239999998,3.19419109e-06,2.7614865299999998e-05
355,1702777200,0.16365552300000002,0.163683401,-0.197285362,-1.0605856099999997,0.861213788,0.343165047,0.593380599,0.5358163520000001,0.00982851958,0.10464581349999999,2.81274349e-05,3.97863579e-07,6.65972709e-07,9.818086049999998e-07,1.045934034e-06,1.32744344e-06,2.48061895e-06,6.13367002e-06,0.0782484324,0.00290741998,0.0006582267140000001,73.84881809999999,54.08581360000001,5.43610166e-06,6.75432621,0.006368859270000001,1.98608425,0.00022083131219999998,1.92511509e-05,0.0128686889,6.8953291000000005,0.00022083131219999998,1.92511509e-05,0.00600048305,4.873781360000001,0.00022083131219999998,1.92511509e-05,0.0012163126,4.1209995,0.00022083131219999998,1.92511509e-05,0.005462881290000001,5.33647119e-06,3.3209484000000004e-05,-0.015141768,27.693008900000002,0.016759278199999998,-0.003255524658,-0.0041236844,3.4094088100000003e-06,2.8450528e-05
355,1702777800,0.33280607300000004,0.33283338100000004,-0.1177429885,-1.28779733,1.060307366,0.5057638220000001,0.818612492,0.751860467,0.01433868575,0.17601793100000002,2.7669719900000004e-05,4.3249236400000003e-07,6.638821259999999e-07,1.0028421500000002e-06,1.16788438e-06,1.14882857e-06,2.59799507e-06,6.59449501e-06,0.16216210999999997,0.003592023280000001,0.000634825216,74.309281,52.4786415,1.10614112e-05,6.4351039100000005,0.00892422758,3.677682549999999,0.0004422306638,3.9580599810000005e-05,0.0185021402,14.300751450000002,0.0004422306638,3.9580599810000005e-05,0.00624393457,8.893245619999998,0.0004422306638,3.9580599810000005e-05,0.0016112456900000001,8.258398540000002,0.0004422306638,3.9580599810000005e-05,0.00537564097,4.6282120999999994e-06,3.20424265e-05,-0.2342275828,34.66438485,0.013452177800000001,-0.00299523142,-0.00382669561,2.98779399e-06,2.4804730099999997e-05
355,1702778400,0.331594104,0.33162152500000003,-0.13236327760000002,-1.190384066,1.090720803,0.490120517,0.817337444,0.737760024,0.023072439000000004,0.199398511,2.7951879599999998e-05,6.454881879999999e-07,7.541544780000001e-07,9.828984189999998e-07,1.227452743e-06,1.578995403e-06,2.72482286e-06,5.636528329999999e-06,0.1610872984,0.0040640840999999995,0.0006312658240000002,74.1941286,53.27872610000001,1.102428016e-05,6.3558617900000005,0.008655388600000001,3.6284704000000003,0.0003214100833,2.8463112300000003e-05,0.0179975576,14.169349460000001,0.0003214100833,2.8463112300000003e-05,0.0061122632799999995,6.80639257,0.0003214100833,2.8463112300000003e-05,0.00144163659,6.086715119999999,0.0003214100833,2.8463112300000003e-05,0.005326092239999999,3.15380445e-06,3.05985897e-05,-0.269719287,34.501357,0.014271128149999998,-0.00349414694,-0.00405583875,2.43101462e-06,2.4669886200000004e-05
355,1702779000,0.49716266,0.497190233,-0.0860480719,-1.3556296700000001,1.2571883499999998,0.624578304,0.9936678320000001,0.9220406590000001,0.0252116187,0.27695464000000003,2.89442026e-05,1.5348031020000001e-06,1.6617804840000003e-06,2.0412241400000004e-06,2.76385581e-06,3.60431243e-06,5.82806484e-06,1.238502861e-05,0.24484381600000002,0.00311936196,0.0005868637649999998,67.7790433,51.3967047,1.65167015e-05,6.4160831,0.01102303405,5.381219830000001,0.00033433237459999996,2.9674302660000002e-05,0.022896751799999997,21.649443799999997,0.00033433237459999996,2.9674302660000002e-05,0.0062615831400000006,8.362606670000002,0.00033433237459999996,2.9674302660000002e-05,0.0016696249499999999,7.6210545,0.00033433237459999996,2.9674302660000002e-05,0.00530125576,2.56823217e-06,3.0061221900000005e-05,-0.124750377512,33.2350493,0.013962182099999998,-0.0033523682999999998,-0.00394100832,1.8258098099999997e-06,2.04781326e-05
355,1702779600,0.512842269,0.512869738,-0.0890825776,-1.38281218,1.24545051,0.63474243,0.9883801649999999,0.9338535199999999,0.020093669,0.275781798,2.8105507400000003e-05,8.192619709999999e-07,8.888598479999999e-07,1.20947916e-06,1.8427985270000002e-06,2.595583625e-06,4.43670378e-06,1.043356415e-05,0.253791763,0.00198511556,0.000621374681,67.7051332,50.96747090000001,1.7042439749999995e-05,6.37730764,0.01107463555,5.396146880000001,0.0002971455446,2.622053726e-05,0.023121792300000003,22.0324858,0.0002971455446,2.622053726e-05,0.006249106000000001,7.973894049999998,0.0002971455446,2.622053726e-05,0.00168247865,7.197905426000001,0.0002971455446,2.622053726e-05,0.00529892021,2.63244603e-06,3.0112915999999998e-05,-0.27158508400000003,25.4717696,0.01226668815,-0.00328231119,-0.00389784533,1.7330567300000001e-06,1.99084911e-05
355,1702780200,0.8306520590000002,0.830679404,-0.0594191794,-1.42439229,1.50994611,0.8116453570000001,1.2549758199999999,1.183761116,0.037012302799999994,0.433791,2.8091620700000003e-05,8.716965970000002e-07,8.798234740000002e-07,1.1970109653999999e-06,1.7604544640000003e-06,2.17688705e-06,3.969707924e-06,1.0471886270000001e-05,0.412650037,0.0020480823299999997,0.000605856221,67.5891509,50.6074003,2.7635857600000003e-05,5.95467039,0.014230119149999998,8.83506009,0.000875174565,7.9165772e-05,0.0295770274,36.3434715,0.000875174565,7.9165772e-05,0.0067141784199999995,17.140138229999998,0.000875174565,7.9165772e-05,0.00231823606,16.614880149999998,0.000875174565,7.9165772e-05,0.0052883079799999995,3.36833639e-06,3.07010233e-05,-0.21403084200000003,17.7767696,0.0109930905,-0.00271825238,-0.00350360174,2.6334155200000005e-06,2.52567803e-05
355,1702780800,0.876730212,0.8767577449999999,-0.026625189164,-1.4576854,1.53248431,0.8398941019999999,1.2960770799999999,1.24008784,0.026026235599999996,0.43075972700000004,2.8396138200000005e-05,1.1309900930000002e-06,1.103785849e-06,1.455854737e-06,2.353541064e-06,3.08096434e-06,5.29589055e-06,1.250483607e-05,0.43558283500000006,0.00241300603,0.00034144974630000006,65.9629293,50.6109813,2.91607484e-05,6.216812589999998,0.014670507500000003,9.26755396,0.000858882736,7.766497438e-05,0.030522071,38.371376100000006,0.000858882736,7.766497438e-05,0.006748675,17.6799093,0.000858882736,7.766497438e-05,0.0023319629599999996,17.11758846,0.000858882736,7.766497438e-05,0.00528344438,2.2225074100000003e-06,2.9820702699999997e-05,0.010095870099999998,17.8868872,0.010562764249999999,-0.0030373002799999995,-0.00368842334,1.35926973e-06,1.7558676e-05
355,1702781400,0.760587469,0.7606149399999999,-0.000528835617,-1.4672782500000001,1.47878265,0.7845146620000001,1.22546241,1.1623479800000003,0.024990667899999996,0.37698435799999996,2.82406763e-05,9.78218028e-07,9.608140330000002e-07,1.2668985139999998e-06,2.116289558e-06,2.8207195019999998e-06,4.984768713e-06,1.1545096999999999e-05,0.37717350499999996,0.0030432949,5.14080974e-05,65.9264885,50.839929500000004,2.52916653e-05,5.92440515,0.0135546426,7.910221729999999,0.0006309061086999999,5.6854270730000004e-05,0.0283183933,32.9757062,0.0006309061086999999,5.6854270730000004e-05,0.0065054031099999994,13.7599964,0.0006309061086999999,5.6854270730000004e-05,0.00205295146,13.13639736,0.0006309061086999999,5.6854270730000004e-05,0.00526993853,1.94593518e-06,2.94308318e-05,0.016494499000000013,20.148398399999998,0.01052720135,-0.0032172665000000005,-0.0037927894000000005,1.32401371e-06,1.74364876e-05
355,1702782000,0.5042809450000001,0.5043084199999999,0.001936452125,-1.3382691000000002,1.2828766799999998,0.622749468,1.030718939,0.9595793260000001,0.024257714700000002,0.26017289,2.8301334699999994e-05,9.453132279999999e-07,9.434370105999997e-07,1.180879807e-06,1.6735026439999998e-06,2.0761502769999996e-06,3.467993046e-06,7.23725351e-06,0.24867547500000003,0.0034200621699999995,2.65436248e-05,67.6686658,51.51838829999999,1.6778368e-05,6.12597198,0.010716691950000001,5.1886612,0.00028527942519999993,2.5188244999999997e-05,0.022627173800000004,21.523925700000003,0.00028527942519999993,2.5188244999999997e-05,0.00615945138,7.392860860000001,0.00028527942519999993,2.5188244999999997e-05,0.00158300771,6.60684667,0.00028527942519999993,2.5188244999999997e-05,0.00528334018,2.01248155e-06,2.9494452699999997e-05,0.10031352019999999,37.7848475,0.013884981600000002,-0.0034922282400000003,-0.00400571531,1.6241988799999998e-06,1.9100715e-05
355,1702782600,0.392668705,0.392696254,0.001116752086,-1.26792054,1.2160121499999998,0.546870513,0.9362160709999999,0.860388753,0.0228584693,0.223421081,2.78495504e-05,4.0976293e-07,4.3010951099999995e-07,6.094189159999998e-07,1.0114134309999999e-06,1.4147280040000001e-06,2.64753452e-06,6.08483318e-06,0.193094091,0.0031940426699999997,3.328360594999999e-05,69.3692775,51.699040600000004,1.30575552e-05,6.19525038,0.00958236555,4.13495047,0.0002845273865,2.5183518319999997e-05,0.020162782499999997,16.8509352,0.0002845273865,2.5183518319999997e-05,0.0061753187200000005,7.371078870000001,0.0002845273865,2.5183518319999997e-05,0.001524191009,6.60823523,0.0002845273865,2.5183518319999997e-05,0.0052925811,2.0208440800000004e-06,2.9549568900000003e-05,0.0689248804,42.05903909999999,0.014038496349999999,-0.0036141580800000002,-0.00411643039,1.75359944e-06,2.0913356599999998e-05
355,1702783200,0.567254945,0.5672824139999999,0.0005813539390000001,-1.3772776100000002,1.33961591,0.667512487,1.0951834619999998,1.01811854,0.0297282869,0.29973946400000007,2.8605738400000003e-05,1.337190389e-06,1.3418363159999998e-06,1.6459196979999999e-06,2.3211708370000003e-06,3.0072087889999998e-06,4.89109123e-06,1.025104945e-05,0.28060724400000003,0.0029605269899999993,3.3707870100000006e-05,66.2427997,51.0846141,1.88611282e-05,6.269034490000001,0.011707395499999999,6.03896003,0.000540868544,4.85300593e-05,0.0244362726,24.747270399999998,0.000540868544,4.85300593e-05,0.006483845490000001,11.542865729999999,0.000540868544,4.85300593e-05,0.0019189971800000001,10.87731209,0.000540868544,4.85300593e-05,0.0052828795,1.99165346e-06,2.9535422100000004e-05,0.08277294182999999,27.031628899999998,0.0125457813,-0.00338282865,-0.003930940809999999,1.45201961e-06,1.85841074e-05
355,1702783800,0.519992767,0.5200203310000001,0.0014260046409999999,-1.3744306400000001,1.3601665,0.6399087229999999,1.0421568090000002,0.9628043929999999,0.0338956343,0.28998401399999996,2.8890128800000003e-05,1.527697588e-06,1.5825867350000002e-06,1.9420699520000003e-06,2.6951416099999998e-06,3.5515913e-06,5.63320607e-06,1.1890952509999998e-05,0.25672026499999995,0.003209811420000001,3.5876059e-05,65.7810815,51.28895,1.7283768399999998e-05,6.29977994,0.011118150050000001,5.483308169999999,0.0004168184718,3.726818671e-05,0.0232930794,22.477798900000003,0.0004168184718,3.726818671e-05,0.006270589159999999,9.43220535,0.0004168184718,3.726818671e-05,0.0017073334350000003,8.67271683,0.0004168184718,3.726818671e-05,0.00529016048,2.71374084e-06,3.01383871e-05,-0.5346863450000001,25.2445783,0.0117681735,-0.00329243521,-0.003895139,1.68396847e-06,1.9189057599999998e-05
355,1702784400,0.531850353,0.531878198,-0.0002245722766,-1.36316889,1.37479196,0.645007898,1.056107205,0.9707921450000001,0.0343344143,0.306746872,2.9446878700000005e-05,1.8119883189999998e-06,1.964300845e-06,2.437348728e-06,3.19629959e-06,4.4512829800000006e-06,7.35907005e-06,1.55236953e-05,0.262075234,0.00376074392,5.0655705700000005e-05,66.5395153,51.50037420000001,1.7667435200000002e-05,6.50102127,0.01129184485,5.72885764,0.0004549858415,4.074039733e-05,0.023478831599999996,23.0465321,0.0004549858415,4.074039733e-05,0.006406324069999999,10.67493776,0.0004549858415,4.074039733e-05,0.0018178309600000002,9.92969959,0.0004549858415,4.074039733e-05,0.00537211446,4.29446223e-06,3.2221492100000006e-05,-0.64654382555,25.6338592,0.016127195399999995,-0.00288592248,-0.0037105290399999996,3.12149295e-06,3.03769759e-05
355,1702785000,0.934811488,0.9348388589999999,0.00014063577599999997,-1.40822043,1.6887140299999999,0.8441222340000001,1.343516,1.261501027,0.047093631,0.5106443190000001,2.92091279e-05,2.163025878e-06,2.278173608e-06,2.786799542e-06,4.005613804999999e-06,5.22859851e-06,8.574660610000001e-06,1.831897059e-05,0.464058672,0.0032420855400000005,5.968096639999999e-05,63.7593135,50.953031700000004,3.1078737e-05,6.19406006,0.014767503900000001,9.91220708,0.0006932988690000001,6.250057838e-05,0.030745809899999997,40.855070299999994,0.0006932988690000001,6.250057838e-05,0.0066019883,15.764739150000002,0.0006932988690000001,6.250057838e-05,0.0022079132800000003,15.115641280000002,0.0006932988690000001,6.250057838e-05,0.005294003890000001,3.7228368500000002e-06,3.1097116e-05,-0.12772383544000004,64.1689451,0.0247614667,-0.00279035657,-0.00350986524,3.0340974999999997e-06,3.63870356e-05
355,1702785600,1.121739774,1.121767286,-0.0001199004407,-1.44919591,1.7939422600000001,0.9478985249999999,1.48564536,1.40651792,0.052831347699999996,0.5901673700000001,2.84719151e-05,1.2864635099999999e-06,1.215743183e-06,1.5832430699999997e-06,2.67315253e-06,3.422995834e-06,5.81822179e-06,1.3860358190000002e-05,0.5585417509999999,0.00224045838,5.68387327e-05,64.1489287,50.42683950000001,3.7315356899999996e-05,5.85338148,0.016583214000000002,11.853531700000001,0.0009371026345999999,8.480512116999999e-05,0.034465485899999995,49.1605057,0.0009371026345999999,8.480512116999999e-05,0.00688171898,20.51581673,0.0009371026345999999,8.480512116999999e-05,0.0025769109399999997,19.93385615,0.0009371026345999999,8.480512116999999e-05,0.00528836877,3.3791294799999998e-06,3.08704615e-05,-0.35578842250000003,12.10947,0.011341897699999999,-0.00261965186,-0.0033723377399999996,1.45992011e-06,1.80547824e-05
355,1702786200,1.15801304,1.158040366,-0.0008655938679999999,-1.49401153,1.7438407400000002,0.9710218949999998,1.50473343,1.4125556199999998,0.0495754179,0.576454823,3.09411679e-05,4.06508103e-06,4.216484737e-06,5.056369649999999e-06,6.88296003e-06,9.016181659999998e-06,1.4145067229999999e-05,2.9387814999999998e-05,0.575124827,0.0037249369099999997,8.03159782e-05,63.0430654,50.6557873,3.8486281100000004e-05,6.4334137,0.016970215200000003,12.3634069,0.0005962940787000001,5.3634011769999995e-05,0.0350595064,50.9898302,0.0005962940787000001,5.3634011769999995e-05,0.00661805095,15.513051039999999,0.0005962940787000001,5.3634011769999995e-05,0.00231038363,14.736021617,0.0005962940787000001,5.3634011769999995e-05,0.005265145850000001,2.78432806e-06,3.01487029e-05,-0.08820636899999999,12.539381310000001,0.012742491549999999,-0.0027287958900000004,-0.0034317867600000005,1.37908526e-06,1.7806536599999998e-05
355,1702786800,1.009041247,1.0090686400000002,0.000376985565,-1.46114403,1.63910006,0.889678849,1.40085526,1.3343281900000001,0.0291237093,0.47422808399999994,2.84092526e-05,1.2961176309999999e-06,1.3337088949999998e-06,1.868373643e-06,3.0906137999999998e-06,4.4106862199999995e-06,7.73773587e-06,1.815756853e-05,0.5024749199999999,0.0019265045950000001,8.02645802e-05,64.52595670000001,50.5155806,3.35433955e-05,6.2574661,0.015616396999999999,10.726224030000001,0.0005941544609,5.3467600960000006e-05,0.032407754,44.389566900000005,0.0005941544609,5.3467600960000006e-05,0.006632026889999999,16.14970275,0.0005941544609,5.3467600960000006e-05,0.00226751835,15.3893302,0.0005941544609,5.3467600960000006e-05,0.00530692579,3.68767566e-06,3.11688097e-05,-0.27116832599999996,22.91188867,0.014479169549999995,-0.0026914088699999997,-0.00341381792,1.73647007e-06,2.0968797899999998e-05
355,1702787400,1.1519670459999998,1.1519944140000002,0.001957435375,-1.43359611,1.7600412099999996,0.943265788,1.5001583,1.4087679869999998,0.053984693699999996,0.582283818,3.0611275900000006e-05,3.6432447239999997e-06,3.713809602e-06,4.361087271e-06,5.800779987999999e-06,7.3517309639999995e-06,1.1253474509999998e-05,2.276826642e-05,0.5740817239999999,0.0017856773849999996,5.39931413e-05,61.4209441,50.4102117,3.83126493e-05,5.946522760000001,0.016447097099999995,12.010686149999998,0.00101321189,9.178214962000001e-05,0.034268706999999995,50.319664599999996,0.00101321189,9.178214962000001e-05,0.0067676509,20.602239450000003,0.00101321189,9.178214962000001e-05,0.00246494799,20.108930570000002,0.00101321189,9.178214962000001e-05,0.00525717201,2.44283385e-06,2.9835298400000003e-05,0.017745696,16.835484559999998,0.0126832263,-0.00282429146,-0.00351830371,1.2726391699999999e-06,1.8145502149999997e-05
355,1702788000,0.558653131,0.558680595,-0.009991341607000001,-1.4292310900000003,1.3020397599999998,0.6677667479999999,1.06049486,0.999067994,0.021916802,0.290332457,2.8584697799999996e-05,1.293075424e-06,1.3232683758e-06,1.5780398120000002e-06,2.222879155e-06,2.8034786190000004e-06,4.429730775e-06,9.22291498e-06,0.27717620299999995,0.00198086659,0.0001454724929,64.13028119999998,50.7612637,1.85803249e-05,5.93616594,0.0116502676,5.879427010000001,0.0003260712852,2.892698361e-05,0.0243196034,24.365519100000004,0.0003260712852,2.892698361e-05,0.00627677628,8.769474994000001,0.0003260712852,2.892698361e-05,0.00171517588,7.960355820000001,0.0003260712852,2.892698361e-05,0.0052576329500000005,1.69559811e-06,2.9064317299999993e-05,-0.13531750599999998,34.3242594,0.012585619400000001,-0.00346291835,-0.00397165955,1.35071983e-06,1.72086049e-05
355,1702788600,0.55597071,0.5559980629999999,-0.006369412906999999,-1.39214996,1.31951528,0.66207809,1.0720077,1.008968275,0.020477838,0.28640715299999997,2.82689566e-05,1.128338422e-06,1.161819738e-06,1.5031297320000001e-06,2.258496779e-06,3.10445272e-06,5.27738823e-06,1.1668983990000001e-05,0.27520571,0.00253438401,0.00021817486199999999,67.19832410000001,50.9872805,1.8477232999999997e-05,6.42569895,0.01157923035,5.874687799999999,0.0005211204291,4.679418784e-05,0.024213448699999997,24.1416302,0.0005211204291,4.679418784e-05,0.006422456179999999,11.56169355,0.0005211204291,4.679418784e-05,0.0018776763599999999,10.93499104,0.0005211204291,4.679418784e-05,0.0052624835500000005,1.90549629e-06,2.92717807e-05,0.036595297000000006,65.5016469,0.017628628070000003,-0.0034245479000000003,-0.003966281,1.6447997999999996e-06,2.14128637e-05
355,1702789200,0.5046535279999999,0.50468075,0.0030804625315000002,-1.2844223499999998,1.2937144899999997,0.620197958,1.06402,0.9970429439999998,0.0126847775,0.25278662,2.86349424e-05,1.5888775170000002e-06,1.6377583719999998e-06,2.0494225400000003e-06,2.68086812e-06,3.4343421100000004e-06,5.58588691e-06,1.1211392389999999e-05,0.24795348299999995,0.0041423786399999996,0.00020119512900000001,67.32805929999999,51.7009817,1.6773239799999997e-05,6.46504687,0.011015618800000002,5.43077018,0.0003876750266,3.453337280000001e-05,0.0230971529,21.9426391,0.0003876750266,3.453337280000001e-05,0.006290598499999999,8.85526169,0.0003876750266,3.453337280000001e-05,0.0017194076200000002,8.147151497,0.0003876750266,3.453337280000001e-05,0.00524429843,1.8649255799999998e-06,2.9076014200000002e-05,0.1863245019,21.29811805,0.01114955355,-0.00330196284,-0.00389569043,1.3337761569999996e-06,1.79893066e-05
355,1702789800,0.571270385,0.5712976029999999,-0.007635461376999999,-1.40053724,1.32727804,0.672210816,1.08910824,1.022693704,0.0222676502,0.29957354899999994,2.79937089e-05,9.50704634e-07,9.821737170000002e-07,1.2703436609999998e-06,2.023964433e-06,2.7681449850000003e-06,4.71693145e-06,1.08800179e-05,0.282394155,0.0030115583700000004,0.00020503608900000002,67.9326204,51.092420399999995,1.8987495500000002e-05,6.419663559999999,0.01182174165,6.11702236,0.0003555241232000001,3.1621083379999995e-05,0.024654759000000002,25.060475200000003,0.0003555241232000001,3.1621083379999995e-05,0.006356417840000001,9.723592900000002,0.0003555241232000001,3.1621083379999995e-05,0.0018032463849999996,8.957545900000003,0.0003555241232000001,3.1621083379999995e-05,0.00524230927,1.5593541400000001e-06,2.8830182599999998e-05,-0.0189180105,27.9598192,0.0111672539,-0.00343530024,-0.003947820669999999,1.2663543499999999e-06,1.7303341800000003e-05
355,1702790400,0.598629459,0.598656898,-0.015067511199999998,-1.44357146,1.3283655399999998,0.693598395,1.0924458400000003,1.0339065600000001,0.0182238937,0.299340378,2.8687916999999993e-05,1.448352148e-06,1.4733933255e-06,1.785043737e-06,2.556614698e-06,3.2561144049999997e-06,5.1934062099999996e-06,1.095011985e-05,0.296537304,0.00255709546,0.000192359508,65.3354865,50.916569,1.9905967999999998e-05,6.11458357,0.012060265450000001,6.30768936,0.00048668474380000003,4.3623812750000004e-05,0.025165542800000003,26.077119,0.00048668474380000003,4.3623812750000004e-05,0.0064151218,11.28468928,0.00048668474380000003,4.3623812750000004e-05,0.0018847484799999995,10.56595166,0.00048668474380000003,4.3623812750000004e-05,0.00525517856,1.71528866e-06,2.90553208e-05,0.03631952100000001,30.7462356,0.012111985899999999,-0.00339299246,-0.003933485040000001,1.31615604e-06,1.7081086899999998e-05
355,1702791000,0.5853797100000001,0.5854068700000001,-0.01271085285,-1.4458331899999999,1.28538923,0.685418341,1.0846456,1.0231436999999999,0.0153133838,0.283280544,2.8332724700000004e-05,1.387801178e-06,1.398061207e-06,1.708730317e-06,2.496575263e-06,3.2797617400000005e-06,5.291776639999999e-06,1.1706558350000001e-05,0.290476075,0.0019840392999999996,0.000201284525,65.2882918,50.7459913,1.94614996e-05,6.2771791299999995,0.011887324500000001,6.09826116,0.00037919522259999993,3.376230145e-05,0.024875215200000002,25.40456,0.00037919522259999993,3.376230145e-05,0.00629101705,9.69026017,0.00037919522259999993,3.376230145e-05,0.0017822389600000003,8.9499724,0.00037919522259999993,3.376230145e-05,0.00524573376,1.75258199e-06,2.89816093e-05,0.13514920319999998,27.699705599999998,0.0116720013,-0.00337143737,-0.0039052592000000004,1.2562164399999999e-06,1.67994101e-05
355,1702791600,0.279807657,0.279834919,-0.0029758479699999994,-1.29368862,1.007130754,0.4544993,0.748297863,0.704759008,0.016954601349999997,0.1667248275,2.7874533100000004e-05,7.152099630000001e-07,8.506708719999999e-07,1.09074799e-06,1.4520521469999998e-06,1.90796535e-06,3.28562077e-06,6.65149131e-06,0.13781088599999997,0.00188430589,0.000192038297,67.08890399999999,51.7331955,9.3036887e-06,6.33756502,0.008049848940000002,3.05666305,0.0002941995559,2.5983073660000003e-05,0.016658108149999996,12.071339250000001,0.0002941995559,2.5983073660000003e-05,0.00605715908,6.527692040000001,0.0002941995559,2.5983073660000003e-05,0.0013705431,5.81969922,0.0002941995559,2.5983073660000003e-05,0.005325328250000001,3.3701592499999997e-06,3.05933632e-05,0.1561776588,25.5614394,0.013734466599999998,-0.0035201628000000006,-0.004094436050000001,2.13958101e-06,2.31562074e-05
355,1702792200,0.18107969800000004,0.1811068,0.025141600939999998,-1.1153292499999998,0.9222281599999999,0.362668447,0.6558200179999999,0.606206014,0.01147073086,0.11232854819999998,2.7473426100000003e-05,4.35798766e-07,5.444455949999999e-07,7.04727564e-07,9.45904933e-07,1.2297137850000002e-06,2.233120727e-06,4.589213569999999e-06,0.08791204429999999,0.0024450935799999996,0.00017154211900000002,70.6921385,52.8498155,6.01651071e-06,6.5377414,0.006554705200000001,1.9857381699999999,0.0001421132114,1.2247596564999999e-05,0.0136477307,7.712574120000001,0.0001421132114,1.2247596564999999e-05,0.0058113029999999994,3.82035232,0.0001421132114,1.2247596564999999e-05,0.0010534979069999999,3.044684584,0.0001421132114,1.2247596564999999e-05,0.00526451301,2.24174888e-06,2.9296681000000005e-05,-0.0270178407,42.857843200000005,0.013091007500000001,-0.0038265485199999996,-0.004261412260000001,1.8363875700000001e-06,2.02584351e-05
355,1702792800,0.180866289,0.180893268,0.0193586585,-1.11707128,0.896914881,0.36196912300000006,0.6613326690000001,0.606318517,0.00871169907,0.1039866884,2.73536697e-05,4.391098315e-07,5.268780236e-07,7.09131888e-07,9.05542769e-07,1.2251696850000002e-06,2.294042047e-06,4.46592981e-06,0.0875393918,0.0027147429700000005,0.00016800588999999998,72.39792909999998,53.16922530000001,6.00811799e-06,6.54187615,0.00654299351,1.9874085499999996,0.00019119566979999998,1.659017047e-05,0.0136701876,7.739142410000001,0.00019119566979999998,1.659017047e-05,0.00592502886,4.6502558800000005,0.00019119566979999998,1.659017047e-05,0.0011639957239999998,3.89351352,0.00019119566979999998,1.659017047e-05,0.005255222110000001,2.0177488200000002e-06,2.9027245699999996e-05,0.11117970919999998,46.794309600000005,0.0126177266,-0.0038792389400000007,-0.0042971879900000004,1.77703263e-06,2.22869146e-05
355,1702793400,0.205711589,0.205738925,0.0313449024,-0.9381994890000002,1.295252056,0.378649087,0.728984758,0.6232315079999999,0.022526862449999997,0.146713263,2.7839222800000002e-05,6.115478024e-07,7.4509187e-07,1.025823758e-06,1.397585693e-06,2.02478481e-06,3.65944014e-06,7.73728228e-06,0.0984443744,0.00420329583,0.00019028396199999997,73.80344210000001,54.1863316,6.83021363e-06,6.66128357,0.006953021129999999,2.43700986,0.0001252140332,1.0527818670000002e-05,0.0143506515,8.72711425,0.0001252140332,1.0527818670000002e-05,0.0057946673099999995,3.3698995599999995,0.0001252140332,1.0527818670000002e-05,0.0010335678900000001,2.5760955599999997,0.0001252140332,1.0527818670000002e-05,0.0053294671299999995,4.6263997000000005e-06,3.1933012200000003e-05,0.018722416900000004,208.20959900000003,0.0434062406,-0.0038103376400000005,-0.004259002329999999,7.325515659999999e-06,7.371865430000002e-05
355,1702794000,0.33290411150000004,0.33293148499999997,0.0346935004,-0.6934892999999999,1.4500942749999999,0.47574960999999993,0.8772642940000001,0.773986131,0.04898902695,0.36602594769999997,2.79487378e-05,7.0939453e-07,9.011566979999999e-07,1.4447391530000002e-06,1.708874593e-06,2.548383775e-06,1.735377556e-05,1.1561704969999997e-05,0.1625722927,0.00362810083,0.00021476261299999995,71.90238360000001,52.72549720000001,1.1049076159999999e-05,6.719156380000001,0.00878777505,3.8960782699999994,0.000430797963,3.8480450030000005e-05,0.0178535844,14.33858617,0.000430797963,3.8480450030000005e-05,0.00627410732,9.05910312,0.000430797963,3.8480450030000005e-05,0.00159388816,8.35433645,0.000430797963,3.8480450030000005e-05,0.00531726961,5.2015512900000004e-06,3.259329959999999e-05,0.227555361,139.93337545,0.0353294601,-0.00308665364,-0.00366722757,8.18025524e-06,9.08120035e-05
355,1702794600,0.407458086,0.407485404,0.0208953854,-1.19866663,1.2936019800000003,0.5522988520000001,0.9795673989999999,0.8759142259999999,0.0387234246,0.24895179599999998,2.77632067e-05,5.40807628e-07,5.90755499e-07,1.110978632e-06,1.2069514919999998e-06,1.6127428059999999e-06,1.4432930899999999e-05,7.840412520000001e-06,0.199869544,0.0036351023400000002,0.00019644813200000001,70.115578,51.8762745,1.354186985e-05,6.432786150000001,0.0099507472,4.554854520000001,0.0002560481824,2.246493228e-05,0.0204690274,17.5503372,0.0002560481824,2.246493228e-05,0.006154054860000001,6.841413149999999,0.0002560481824,2.246493228e-05,0.001505711887,6.04301699,0.0002560481824,2.246493228e-05,0.00527062518,2.6261722700000004e-06,3.00710937e-05,-0.0123818102,13.01089555,0.0109559152,-0.0029612570000000006,-0.0035049937499999997,1.58363077e-06,1.9192321399999996e-05
355,1702795200,0.41984902700000004,0.419876438,0.022062578399999998,-1.1926600300000003,1.30050218,0.560469526,1.0024055950000001,0.895864847,0.0398983968,0.24810429799999997,2.8113656100000006e-05,8.42413752e-07,9.54970884e-07,1.702690738e-06,1.905422485e-06,2.6555944870000005e-06,1.07636312e-05,1.0499711150000001e-05,0.20609988799999995,0.00359429425,0.000200010768,71.13637259999999,51.8086983,1.39476638e-05,6.62181568,0.010041659100000001,4.662837950000001,0.000521336878,4.67601891e-05,0.0207572539,18.0267766,0.000521336878,4.67601891e-05,0.00640644266,10.72187678,0.000521336878,4.67601891e-05,0.00179519169,10.10415146,0.000521336878,4.67601891e-05,0.0053110329,4.40495024e-06,3.1764420099999997e-05,0.11685721308,34.531764800000005,0.0224907685,-0.0028179683000000002,-0.0034042915200000004,3.00358656e-06,3.0921887800000004e-05
355,1702795800,0.19833912390000003,0.19836652140000002,0.039034264299999996,-0.96506452,0.995317887,0.360669417,0.660582674,0.595105667,0.021629568369999998,0.15365924140000004,2.7922717599999996e-05,6.26643802e-07,7.916021879999999e-07,1.075693377e-06,1.182249081e-06,1.652628716e-06,6.78968799e-06,6.4779359900000014e-06,0.0962024005,0.00275589218,0.00019204961100000002,71.6283905,53.66528999999999,6.58824017e-06,6.7266462,0.0066630271300000005,2.30435831,0.0002214421174,1.935439899e-05,0.01350597835,8.4374648,0.0002214421174,1.935439899e-05,0.00589947473,4.94681559,0.0002214421174,1.935439899e-05,0.001107101435,4.178385369999999,0.0002214421174,1.935439899e-05,0.00532953869,3.50610028e-06,3.09132603e-05,0.11295263349999998,53.23756970000001,0.0203517376,-0.0036929317900000003,-0.0041106169800000005,3.0887492099999993e-06,2.9965323300000004e-05
355,1702796400,0.1832084897,0.1832358399,0.055483613,-1.29918257,0.8780893040000001,0.374817152,0.596043203,0.543541591,0.02244873209,0.1431245331,2.7517061299999996e-05,2.6208596760000004e-07,4.25028961e-07,6.46905404e-07,8.08436721e-07,1.6231932550000002e-06,6.4413972100000005e-06,5.80462261e-06,0.0886672462,0.00274431776,0.000176423066,75.00796349999999,53.814755500000004,6.08214996e-06,6.75787366,0.006832475040000001,2.18611145,0.0001010437909,8.47657044e-06,0.013255281000000002,7.783673299999999,0.0001010437909,8.47657044e-06,0.00573814558,3.4003679300000003,0.0001010437909,8.47657044e-06,0.000938176173,2.573871926,0.0001010437909,8.47657044e-06,0.00534977836,4.3752937199999995e-06,3.17485027e-05,-0.0019299769700000136,58.7177011,0.023248651500000002,-0.00368084505,-0.004069995900000001,6.10827488e-06,5.44881607e-05
355,1702797000,0.220542575,0.22057013749999999,0.0435549202,-1.0705326780000002,0.9934428220000001,0.39238418900000005,0.719009439,0.6617451940000001,0.01429527907,0.14821671200000003,2.81010733e-05,6.40822139e-07,7.8157955e-07,1.022901111e-06,1.257709847e-06,1.6811332939999997e-06,3.518985219999999e-06,6.51755122e-06,0.1071779916,0.0028934905500000003,0.00018372887299999998,70.4943993,53.0711728,7.3238260400000005e-06,6.65983322,0.007226042830000001,2.43161369,0.0001849613809,1.604549595e-05,0.01486343955,9.455886950000002,0.0001849613809,1.604549595e-05,0.005937392089999999,4.55714373,0.0001849613809,1.604549595e-05,0.0011563724399999999,3.8031153960000004,0.0001849613809,1.604549595e-05,0.00531899942,2.62588092e-06,3.0187307300000002e-05,0.033172019839999976,84.26152520000001,0.0213945562,-0.00392656898,-0.00431106416,3.1850509199999996e-06,3.13344882e-05
355,1702797600,0.154316171,0.154343604,0.0736333595,-1.004046997,0.8602012569999999,0.328619625,0.6240940460000001,0.567279816,0.00938140237,0.0883665894,2.7773398599999998e-05,3.7988324660000003e-07,4.57694302e-07,6.269942259999999e-07,7.513837650000001e-07,9.330907259999998e-07,3.57447414e-06,3.4300527399999997e-06,0.0741220071,0.00285561209,0.00016989062899999997,72.7179359,54.2063275,5.12758784e-06,6.521555889999999,0.00623770982,1.7442238069999998,0.0001930027565,1.6717077289999998e-05,0.01246904665,6.55967922,0.0001930027565,1.6717077289999998e-05,0.005849034469999999,4.16501241,0.0001930027565,1.6717077289999998e-05,0.00101099384,3.4242828899999997,0.0001930027565,1.6717077289999998e-05,0.005274745459999999,1.77571452e-06,2.9144048500000004e-05,0.14034739524,47.733565,0.01286104085,-0.0038680256700000006,-0.00421409789,1.7867307500000001e-06,2.0456282499999998e-05
355,1702798200,0.0548569216,0.0548841793,0.12364470799999998,-1.049919306,0.60868108,0.20447279000000002,0.37879906,0.334997727,0.0038031996099999995,0.0365096228,2.7398559100000005e-05,1.575961914e-07,2.6901433999999997e-07,3.9494292600000004e-07,3.5163700299999997e-07,4.93817624e-07,2.82463933e-06,2.07005253e-06,0.023762692600000003,0.0034885661299999997,0.00017040970200000001,78.8680419,63.2325958,1.8203476899999997e-06,6.984667450000001,0.00399112886,0.71759389,6.06125573e-05,4.849306867e-06,0.007123914739999999,2.13331347,6.06125573e-05,4.849306867e-06,0.0055069147300000005,1.80054829,6.06125573e-05,4.849306867e-06,0.000555555649,0.9966635694000001,6.06125573e-05,4.849306867e-06,0.00527607238,1.91583956e-06,2.9184085499999998e-05,0.034705115599999996,59.528554400000004,0.0140439063,-0.0040076240299999994,-0.0043110679899999995,2.2020144300000003e-06,2.39106981e-05
355,1702798800,0.0627381184,0.0627653135,0.12387684700000001,-0.8095200309999999,0.765098369,0.208165465,0.41873778400000006,0.355135845,0.00643341221,0.046216320899999996,2.73623373e-05,1.9453683099999996e-07,2.8524445800000006e-07,4.5958221500000003e-07,5.31417192e-07,8.065122179999999e-07,3.51122127e-06,3.4163656499999997e-06,0.0270476745,0.0041365317099999995,0.00017535658300000002,81.6020154,64.011559,2.0780964699999997e-06,7.04459805,0.00414678712,0.8668696239999999,9.802873720000001e-05,8.21086428e-06,0.00742453829,2.4036885,9.802873720000001e-05,8.21086428e-06,0.00561519962,2.53470382,9.802873720000001e-05,8.21086428e-06,0.0006964466059999999,1.7628235085,9.802873720000001e-05,8.21086428e-06,0.005280363090000001,2.6381429399999997e-06,2.9849777799999997e-05,0.13519211789500002,161.00790159999997,0.0265106986,-0.00391001009,-0.0042760099699999995,4.5958157e-06,5.1728484e-05
355,1702799400,0.1489943049,0.1490217274,0.0776874511,-1.2558793299999997,0.825100191,0.33735735000000006,0.5887679780000001,0.528203643,0.01014591367,0.08951890970000001,2.7737525300000003e-05,3.640011734e-07,4.3700893900000004e-07,6.201837550000001e-07,7.40063068e-07,9.80049916e-07,3.81767897e-06,3.71464472e-06,0.0712805512,0.0030256001100000002,0.00017981177699999998,74.7849348,54.332373800000006,4.95001859e-06,6.688471869999999,0.00628391893,1.7139142499999998,0.00013666729970000002,1.1691459206e-05,0.012268113,6.28708395,0.00013666729970000002,1.1691459206e-05,0.005786864219999999,3.666682194,0.00013666729970000002,1.1691459206e-05,0.0009391034030000001,2.8739091164,0.00013666729970000002,1.1691459206e-05,0.00528439933,2.0288156099999996e-06,2.94648788e-05,0.007149470700000013,38.451958000000005,0.0122988459,-0.0037476648199999997,-0.004141236380000001,1.7566165799999998e-06,2.09464393e-05
355,1702800000,0.252668576,0.252695893,0.05998915419999999,-1.1307761069999998,1.025918823,0.42219340899999996,0.761123241,0.705509036,0.01167092711,0.1426488706,2.76391208e-05,3.9592362139999995e-07,4.49492215e-07,6.34791001e-07,8.449372180000001e-07,1.098220008e-06,3.94964047e-06,4.39996243e-06,0.12343673560000001,0.00270207144,0.0001833298,72.55983629999999,52.6724507,8.39826221e-06,6.388969250000001,0.00774896858,2.74371115,0.00025663778240000003,2.25429508e-05,0.0158397097,10.781582949999999,0.00025663778240000003,2.25429508e-05,0.00606789943,6.0743424500000005,0.00025663778240000003,2.25429508e-05,0.001322705327,5.308231709999999,0.00025663778240000003,2.25429508e-05,0.00526904536,1.79487664e-06,2.91332365e-05,0.13233271019999998,43.133990700000005,0.01311708596,-0.00376092747,-0.004124997010000001,1.6642517769999998e-06,2.0035501199999997e-05
355,1702800600,0.40263704,0.40266411,-0.0018741270999999998,-1.3620201,1.1651230900000002,0.5612967529999999,0.925003237,0.8708140739999999,0.011638367200000001,0.21269291799999998,2.84890895e-05,1.175389622e-06,1.2303908747999998e-06,1.4615458280000001e-06,1.9978912660000003e-06,2.577347234e-06,4.195057405e-06,8.26427558e-06,0.198716898,0.0023895122400000002,0.00018969995400000002,66.5461726,51.2728467,1.3385651650000001e-05,6.22460861,0.0098062139,4.2334963299999995,0.000348637084,3.0996723099999995e-05,0.0205787864,17.417308600000002,0.000348637084,3.0996723099999995e-05,0.006206922080000001,8.06634601,0.000348637084,3.0996723099999995e-05,0.0015805390800000003,7.28049618,0.000348637084,3.0996723099999995e-05,0.005243566560000001,2.1744037999999997e-06,2.92130512e-05,-0.09030573763,37.6166145,0.01154685765,-0.00335213121,-0.003944248169999999,2.2116518799999994e-06,2.1772224999999996e-05
355,1702801200,0.46831755499999994,0.4683446825,0.015657787750000002,-0.912057503,1.912895886,0.520758284,0.921553121,0.809499708,0.11192003936000001,0.9753841716,2.76148484e-05,6.409686079999999e-07,7.015015579999999e-07,1.3657873869999998e-06,2.343404216e-06,4.972560444e-06,1.635966928e-05,6.231690962e-05,0.2303222043,0.0034406062700000004,0.000306734768,70.0191525,52.5349049,1.5536527280000002e-05,6.75431138,0.01063845703,7.87121841,0.000294113448,2.596760892e-05,0.0195141163,20.79566336,0.000294113448,2.596760892e-05,0.00604740368,6.480062220000001,0.000294113448,2.596760892e-05,0.001451491878,5.792287419999999,0.000294113448,2.596760892e-05,0.00543855853,8.20743971e-06,3.54040189e-05,-0.14431396439999994,81.03923407959999,0.020845454800000003,-0.0019073486399999995,-0.00271670258,4.166336710000001e-06,4.55428818e-05
355,1702801800,0.19284577399999997,0.19287300150000003,0.011274393300000001,-1.123408185,0.945403851,0.361811164,0.649257336,0.590493028,0.01540703043,0.1266445184,2.78493431e-05,3.7958491799999996e-07,4.7546188900000007e-07,7.48236247e-07,1.086874766e-06,1.889444614e-06,4.42802266e-06,3.19906199e-05,0.09313921930000002,0.0030165122199999994,0.00022546634900000003,73.616729,54.097984499999995,6.400662040000001e-06,6.833432640000001,0.00714772253,2.9798762300000003,0.000267149123,2.356624051e-05,0.0134537085,8.31291004,0.000267149123,2.356624051e-05,0.00601668437,5.533527449999999,0.000267149123,2.356624051e-05,0.001269710616,4.81013718,0.000267149123,2.356624051e-05,0.00530773203,4.02749009e-06,3.12011951e-05,-0.09473816414999998,45.33398916,0.0197022924,-0.0029558786099999996,-0.0036441726,2.90307765e-06,2.8254375300000005e-05
355,1702802400,0.245315665,0.24534286700000002,-0.0280500921,-1.46317438,0.9478414260000001,0.44381005700000004,0.684845897,0.6356069099999999,0.013313732929999999,0.13948916849999998,2.77940395e-05,6.828500439999999e-07,7.623451709999999e-07,9.831867419999997e-07,1.2426792900000002e-06,1.7286553e-06,2.88562795e-06,2.5032907829999997e-05,0.11913365900000002,0.00330245052,0.000187719567,71.6435513,52.9831713,8.15183814e-06,6.45967484,0.00783962824,2.90429167,0.00027611506150000003,2.435405582e-05,0.0157173934,10.50928789,0.00027611506150000003,2.435405582e-05,0.00599083911,5.76530042,0.00027611506150000003,2.435405582e-05,0.0012762770300000002,5.035661075000001,0.00027611506150000003,2.435405582e-05,0.005273643999999999,2.80352331e-06,3.00212128e-05,-0.19862009500000002,79.6128523,0.02075426845,-0.00337669549,-0.0038896058100000006,2.99860803e-06,3.33772774e-05
355,1702803000,0.17050431,0.170531861,0.0272527928,-1.0780795849999998,0.924628223,0.35207904599999995,0.64415716,0.5833303009999999,0.01196231537,0.10525351309999997,2.8150389100000002e-05,7.231935274e-07,8.926858828000001e-07,1.264256098e-06,1.7263486529999997e-06,2.4473599620000003e-06,4.1926126659999995e-06,3.01191521e-05,0.0810062398,0.00401467691,0.00018910309100000005,73.10776289999998,54.91187090000001,5.65539142e-06,6.79717088,0.006737589130000001,2.18432636,0.00011295549129999998,9.408814030000002e-06,0.013088664699999999,7.16247365,0.00011295549129999998,9.408814030000002e-06,0.00574305481,2.98181519,0.00011295549129999998,9.408814030000002e-06,0.0009609259639999999,2.1849725340000004,0.00011295549129999998,9.408814030000002e-06,0.00537192964,5.706835980000001e-06,3.3234340499999995e-05,-0.03214440344999999,77.32006770000001,0.032285925199999996,-0.0030000205470000004,-0.00374244688,5.47860693e-06,4.7093519000000004e-05
355,1702803600,0.19115532600000001,0.191182644,0.01131452346,-1.135299096,0.922265648,0.37436486599999996,0.672058015,0.612243682,0.0114456101,0.11642968890000001,2.7899018500000002e-05,6.754276074e-07,8.234087299999999e-07,1.165365156e-06,1.57607744e-06,2.62176417e-06,4.327522719999999e-06,1.6539083140000003e-05,0.0914061796,0.00404777275,9.53237768e-05,72.531344,54.481599700000004,6.344667070000001e-06,6.948331710000001,0.00689941815,2.38658343,0.0001904781994,1.649931068e-05,0.01394360905,8.146218840000001,0.0001904781994,1.649931068e-05,0.00592120311,4.54348807,0.0001904781994,1.649931068e-05,0.001138701182,3.78384791,0.0001904781994,1.649931068e-05,0.00532608729,4.779258750000001e-06,3.215505689999999e-05,0.1148143062,274.27024249999994,0.051854109300000006,-0.00370433056,-0.00415541364,8.91046106e-06,9.27922478e-05
355,1702804200,0.5152390330000001,0.515266347,-0.02185944727,-1.3784834899999998,1.24541303,0.6245165540000001,1.0176310709999998,0.9480289230000001,0.0191264523,0.265431186,2.7943905299999997e-05,7.736884940000001e-07,7.947150976e-07,1.029696061e-06,1.4344371080000001e-06,1.893395043e-06,3.342470951e-06,7.074543660000001e-06,0.254795711,0.00263247747,0.00017432016255,67.88026789999999,51.378984,1.71401422e-05,6.18020114,0.01094976285,5.47666567,0.00038820482459999995,3.464899032000001e-05,0.0228298685,22.4598485,0.00038820482459999995,3.464899032000001e-05,0.00621679843,9.15613989,0.00038820482459999995,3.464899032000001e-05,0.00162427329,8.461259219999999,0.00038820482459999995,3.464899032000001e-05,0.00526867067,2.09267269e-06,2.9423417e-05,-0.21540824499999997,34.9433622,0.0121697414,-0.0034538164100000003,-0.00395424824,1.6954634e-06,2.0183283e-05
355,1702804800,0.61360273,0.6136302060000001,-0.028819688399999998,-1.3654357799999999,1.3573539399999999,0.6866497299999998,1.108758857,1.0495070599999998,0.018953183499999998,0.31126744300000003,2.8674602899999998e-05,1.5800495990000002e-06,2.158070259e-06,2.780158246e-06,2.85883986e-06,3.5152324349999994e-06,6.2267959800000005e-06,1.5440313019999997e-05,0.30362132799999997,0.00290986806,0.00023413540299999997,67.1249255,51.22959800000001,2.04016022e-05,6.45649962,0.01222753275,6.745262169999999,0.0006807293683,6.140447067e-05,0.0252353689,26.8781745,0.0006807293683,6.140447067e-05,0.006577030270000001,13.872549799999998,0.0006807293683,6.140447067e-05,0.00212915218,13.320904290000001,0.0006807293683,6.140447067e-05,0.005482427959999999,7.84329633e-06,3.53076132e-05,0.11992247019999999,69.34502869,0.020035462499999997,-0.0016035310800000002,-0.002942507875,3.7432916500000002e-06,3.89885636e-05
355,1702805400,1.0453598100000001,1.0453872299999998,-0.018088723700000003,-1.41931138,1.67866374,0.9065567010000001,1.45226935,1.3432159900000002,0.06784975285,0.5399477220000001,2.92068572e-05,2.1214651960000003e-06,2.292203973e-06,3.0768215696e-06,4.10683171e-06,5.30472076e-06,9.010995253999999e-06,2.0078073340000004e-05,0.517794273,0.004588595959999999,0.000249235915,66.15383020000002,51.0173081,3.4748713e-05,6.29206495,0.0157608917,11.082308430000001,0.0007227537839999999,6.5279888657e-05,0.032731461100000005,45.6317522,0.0007227537839999999,6.5279888657e-05,0.00660537774,15.9180791,0.0007227537839999999,6.5279888657e-05,0.00228081138,15.35160464,0.0007227537839999999,6.5279888657e-05,0.00532133459,4.477277390000001e-06,3.1871111800000004e-05,-0.0702723691,47.10719428,0.019102338190000002,-0.00228549367,-0.00320680304,3.0228819299999998e-06,3.24742859e-05
355,1702806000,1.27409693,1.2741242300000002,-0.013145062499999999,-1.49886995,1.83628107,1.0212672600000001,1.57527309,1.4956956600000002,0.0329378784,0.626003859,2.8793334000000004e-05,1.745796007e-06,1.7121959244000002e-06,2.365916787e-06,3.5326916569999998e-06,4.592918872e-06,8.26089486e-06,1.781522727e-05,0.6295187190000001,0.007242490430000001,0.000245635118,67.48049010000001,51.18530500000001,4.23680328e-05,5.98316796,0.017589489399999998,13.285613949999998,0.0011776396205999998,0.0001069393995,0.036654004100000005,55.1262836,0.0011776396205999998,0.0001069393995,0.006948404700000001,24.86447723,0.0011776396205999998,0.0001069393995,0.0027111274200000003,24.397525729999998,0.0011776396205999998,0.0001069393995,0.005268383,3.28828862e-06,3.07387514e-05,-0.03987818405347,8.94719992,0.011011040770000001,-0.0023865821200000003,-0.0031432135399999997,1.6436301e-06,1.93097823e-05
355,1702806600,1.2076672000000002,1.20769443,-0.0103326014,-1.41907697,1.79652982,0.983165921,1.58521088,1.491008,0.0282999895,0.555103325,3.10536658e-05,4.31356918e-06,4.4678845053000005e-06,5.3236462336999995e-06,7.05318276e-06,8.9158393366e-06,1.3948009901e-05,2.6969423500000004e-05,0.594113849,0.00941889395,0.000225918274,65.511776,51.6078388,4.0135232300000004e-05,6.199246100000001,0.0169946946,12.642552400000001,0.001278283853,0.00011606862360000001,0.0356468644,52.2315643,0.001278283853,0.00011606862360000001,0.007095342669999999,26.389992099999994,0.001278283853,0.00011606862360000001,0.0028461408,26.009763200000002,0.001278283853,0.00011606862360000001,0.00523441017,2.6907353699999997e-06,2.9862642900000004e-05,0.016437306025000004,16.44263032,0.01115690385,-0.00258894374,-0.0033507148600000003,1.49265153e-06,1.95439025e-05
355,1702807200,0.71541998,0.715447389,-0.00939759678,-1.2850551200000002,1.5213839200000001,0.7387186530000001,1.2642011,1.1710857300000002,0.0253664853,0.35185585100000005,2.91263234e-05,1.9267903980000004e-06,1.998590355e-06,2.5742412225999997e-06,3.362179826e-06,4.303420193000001e-06,7.261211933000001e-06,1.4247220700000002e-05,0.34914320400000004,0.008328341120000003,0.00020101508200000002,69.257912,52.451696500000004,2.3778258300000002e-05,6.152581229999999,0.012874803600000002,7.55966928,0.0007447054352,6.721270320000001e-05,0.027139283199999996,30.725813200000005,0.0007447054352,6.721270320000001e-05,0.006586421069999999,14.79866822,0.0007447054352,6.721270320000001e-05,0.0021125855699999996,14.27586956,0.0007447054352,6.721270320000001e-05,0.00526341569,2.51876738e-06,2.9871783500000002e-05,-0.0324268907,20.56853888,0.011860288100000001,-0.00295715601,-0.00360018461,1.38231579e-06,1.7479218299999998e-05
355,1702807800,0.687757533,0.687784897,-0.0082845135,-1.26307363,1.51793382,0.726440453,1.2483381,1.1618604600000002,0.026378215700000002,0.3498696760000001,2.8009298700000002e-05,8.056254309999998e-07,8.229782784999999e-07,1.249190008e-06,1.928929219e-06,2.8420126779999997e-06,5.136775950000001e-06,1.176196707e-05,0.334765429,0.0088738362,0.000214233064,72.78620889999999,52.645108099999995,2.28499836e-05,6.22420406,0.01268591185,7.310705560000001,0.000858448975,7.764084029999999e-05,0.026746757299999997,29.4908914,0.000858448975,7.764084029999999e-05,0.00671129797,16.87245618,0.000858448975,7.764084029999999e-05,0.0022223340499999997,16.3812764,0.000858448975,7.764084029999999e-05,0.00526216501,2.58600251e-06,2.9898298000000003e-05,-0.0382584923,19.15872013,0.0124571002,-0.0029221054899999997,-0.00364907754,1.80151801e-06,1.97798701e-05
355,1702808400,0.690849705,0.6908769140000001,-0.005203097524,-1.20205438,1.5165087700000002,0.717180279,1.2703512900000002,1.16107297,0.031205989,0.352302685,2.86497121e-05,1.6971726150000001e-06,1.7489216624000002e-06,2.3322099520000004e-06,3.1632824150000005e-06,4.238615351000001e-06,7.361763265e-06,1.5085956129999998e-05,0.335195788,0.0099837205,0.00020799432,71.99769040000001,53.071557600000006,2.2949677e-05,6.385009479999999,0.01265090265,7.3629036999999995,0.000442623278,3.9555605499999996e-05,0.026657563500000002,29.628541599999995,0.000442623278,3.9555605499999996e-05,0.00635756623,10.68608356,0.000442623278,3.9555605499999996e-05,0.0018727752900000003,9.964718550000002,0.000442623278,3.9555605499999996e-05,0.00524588993,2.2655299800000005e-06,2.94941317e-05,-0.1362525945,17.71966357,0.010582120649999999,-0.00303174569,-0.0036842358499999998,1.4341936599999998e-06,1.8003009700000003e-05
355,1702809000,0.48324193299999996,0.483268884,-0.006360682332000001,-1.086228916,1.3398784099999999,0.593522732,1.0741827760000002,0.9742797489999999,0.028021974170000002,0.262911107,2.76690231e-05,1.166340927e-06,2.0233178879999994e-06,2.8388977099999996e-06,2.75987056e-06,3.10905297e-06,5.70762183e-06,1.8007630100000004e-05,0.22951968699999997,0.011828055499999999,0.000236495305,76.4922998,55.416537600000005,1.6044148500000004e-05,6.66909907,0.010585999799999999,5.397117880000001,0.0004991569095,4.475841627e-05,0.021959554,20.3306658,0.0004991569095,4.475841627e-05,0.006323161109999999,10.857721399999999,0.0004991569095,4.475841627e-05,0.0018920371300000002,10.221345629999998,0.0004991569095,4.475841627e-05,0.00555325365,1.093466607e-05,3.7848818800000005e-05,0.008891220669999996,11.43364415,0.013299166150000003,-0.00027250286000000013,-0.0022547243849999994,2.39250109e-06,2.1676837499999998e-05
355,1702809600,0.319877056,0.319903913,0.004839867106,-0.926064427,1.16718564,0.47083181500000004,0.919940582,0.8313628850000001,0.011357335239999999,0.17010550900000002,2.7493671199999995e-05,8.08143148e-07,9.59080839e-07,1.681844557e-06,1.5025938090000001e-06,1.89862341e-06,3.69871125e-06,8.464915520000001e-06,0.14750122000000002,0.01223216125,0.000185409281,78.4818666,57.8643466,1.062772975e-05,6.55228958,0.00847252125,3.49561546,0.00037789728849999996,3.365517906e-05,0.0176656941,12.9173688,0.00037789728849999996,3.365517906e-05,0.0060845132300000005,7.550042479999999,0.00037789728849999996,3.365517906e-05,0.00147690761,6.90535858,0.00037789728849999996,3.365517906e-05,0.00529997489,4.11609234e-06,3.1014883100000005e-05,0.03464892265,25.891165550000004,0.01166432947,-0.00270315217,-0.00352776852,1.4978018930000003e-06,1.8185028e-05
355,1702810200,0.273590678,0.2736178,0.00269792729,-0.9139110800000001,1.09799604,0.4365894600000001,0.856788649,0.7734236109999999,0.0097839669,0.145362818,2.74653171e-05,4.014099585e-07,4.3686581510000005e-07,6.61947636e-07,9.198593279999999e-07,1.3421844089999997e-06,2.46484695e-06,5.295736689999999e-06,0.12446157400000002,0.0121565062,0.00016518058200000002,79.48669190000001,58.984361,9.084342800000002e-06,6.465200560000001,0.007780658,2.96428443,0.0004388899107,3.927069439999999e-05,0.0163254899,10.9832085,0.0004388899107,3.927069439999999e-05,0.0062182355,8.89474913,0.0004388899107,3.927069439999999e-05,0.001503405522,8.26406295,0.0004388899107,3.927069439999999e-05,0.005236119690000001,1.6026295199999998e-06,2.8720498299999997e-05,-0.085676859,35.588306,0.011690611699999999,-0.00361157851,-0.00414655297,1.3525053800000002e-06,1.73496814e-05
355,1702810800,0.284764927,0.28479197999999994,0.01800268032,-0.7773264819999999,1.1056462699999998,0.42647929500000004,0.8958648519999999,0.8027870229999999,0.009322212020000002,0.146659559,2.7642898700000002e-05,6.617639245000001e-07,7.364282979000001e-07,1.0994983425e-06,1.271404447e-06,1.6771512210000002e-06,3.1676629130000002e-06,5.90065482e-06,0.1290147986,0.01321895065,0.00013331305199999998,78.84697550000001,59.5409638,9.458382049999999e-06,6.414136880000001,0.00816877926,3.09823442,0.0003603312611,3.2105942050000004e-05,0.01659342515,11.4132667,0.0003603312611,3.2105942050000004e-05,0.00613410509,7.8802725900000015,0.0003603312611,3.2105942050000004e-05,0.00143933398,7.212633679999999,0.0003603312611,3.2105942050000004e-05,0.00523896393,2.0653864099999998e-06,2.90833919e-05,0.18402884760000002,45.0537344,0.014242237949999997,-0.0034673553899999994,-0.00400594022,1.63286331e-06,1.9742278800000002e-05
355,1702811400,0.298452583,0.298479665,-0.005719263300000001,-0.9221387660000001,1.1070713,0.459348647,0.8938022880000001,0.8040995540000001,0.008990039180000001,0.152578712,2.76921034e-05,6.734967095000002e-07,7.154131657e-07,1.035025715e-06,1.223175338e-06,1.601050085e-06,2.9359743670000002e-06,5.496234620000001e-06,0.135324948,0.01375973365,0.0001271144484,80.289614,59.4601463,9.91247885e-06,6.410848939999999,0.00795802709,3.1612808599999993,0.0002981705882,2.651290182e-05,0.016945009500000004,11.850354199999998,0.0002981705882,2.651290182e-05,0.006001239849999999,6.595653780000001,0.0002981705882,2.651290182e-05,0.00131789998,5.87834318,0.0002981705882,2.651290182e-05,0.00522399566,1.6166298649999997e-06,2.86507496e-05,-0.0042298794,30.7478269,0.010913686490000001,-0.0034835715500000004,-0.0040617906,1.3984200299999998e-06,1.74424578e-05
355,1702812000,0.27011533600000004,0.27014236300000005,-0.01049127679,-0.9046223710000001,1.0705826999999999,0.438018748,0.856076135,0.765885879,0.00844140461,0.14042445199999998,2.7550749199999998e-05,5.860025573999999e-07,6.41014966e-07,9.182721485e-07,1.0760935389999997e-06,1.3700212800000001e-06,2.6068943659999997e-06,4.8800575599999994e-06,0.1219707864,0.01294156945,0.000132611675,80.7714611,59.734210299999994,8.972209e-06,6.196701389999999,0.007589162340000001,2.89624518,0.0004339329295999999,3.8788246200000005e-05,0.016113486599999997,10.71444605,0.0004339329295999999,3.8788246200000005e-05,0.00621064187,8.80951415,0.0004339329295999999,3.8788246200000005e-05,0.0015071401100000001,8.14949608,0.0004339329295999999,3.8788246200000005e-05,0.00522735872,1.5912682600000002e-06,2.8603388e-05,0.030620226629999997,41.162201499999995,0.010866451199999998,-0.0036282690899999996,-0.0041358673,1.37858138e-06,1.7592088100000003e-05
355,1702812600,0.285061501,0.28508861799999996,-0.006084768534000001,-1.083449785,1.1082338200000001,0.46237552600000004,0.8473383799999998,0.7565105860000001,0.0145316019,0.160518061,2.79471105e-05,9.410903440000001e-07,1.060263616e-06,1.412973428e-06,1.6268801369999999e-06,2.08260996e-06,3.85861366e-06,6.6886829800000005e-06,0.13175188759999998,0.01066814885,9.20415866e-05,76.91189139999999,57.5742327,9.467449899999999e-06,6.472878979999999,0.007964222109999999,3.08731922,0.0004152551127,3.709459411e-05,0.016710962099999997,11.553253600000001,0.0004152551127,3.709459411e-05,0.00618192325,8.52973317,0.0004152551127,3.709459411e-05,0.0014991024000000001,7.90922484,0.0004152551127,3.709459411e-05,0.00526397476,2.40216496e-06,2.95253671e-05,0.059575334199999996,35.916572200000004,0.014996144049999998,-0.00342241696,-0.00401121915,1.8804172000000002e-06,2.15698001e-05
355,1702813200,0.355422019,0.35544914,0.0009994099594,-1.30558082,1.1578478300000001,0.5302298750000001,0.9029525700000001,0.821687585,0.01243726214,0.193978999,2.7883518100000006e-05,9.061620509999999e-07,1.013920582e-06,1.4620070139999998e-06,1.8119451939999998e-06,2.341932554e-06,4.4227794e-06,8.3164526e-06,0.168190908,0.009461793500000001,3.71320173e-05,74.93790720000001,55.5527666,1.18022575e-05,6.52985574,0.0090179474,3.8066729599999993,0.00038542288920000005,3.442384968999999e-05,0.018812904400000004,14.7185722,0.00038542288920000005,3.442384968999999e-05,0.00619019215,8.810919810000001,0.00038542288920000005,3.442384968999999e-05,0.001565484705,8.110039150000002,0.00038542288920000005,3.442384968999999e-05,0.005281550800000001,3.0201053500000002e-06,3.0157694e-05,0.02030092874000001,24.0771205,0.013641192399999998,-0.0032162686600000004,-0.0038539858100000005,1.95926878e-06,2.14556488e-05
355,1702813800,0.252222409,0.25224956800000004,-0.0002117690705,-1.01885547,1.0391942100000002,0.42603218200000004,0.8066121310000002,0.728947257,0.00867409809,0.134194751,2.7597781000000003e-05,5.218229446e-07,6.10895112e-07,9.47180436e-07,1.085173291e-06,1.4273814329999998e-06,2.91229518e-06,4.931774499999999e-06,0.11640513639999998,0.00966611845,2.6753172299999998e-05,78.43166040000001,57.718906200000006,8.37893542e-06,6.513994579999999,0.007534050990000001,2.7461496999999997,0.000317018708,2.8145957096e-05,0.015758661099999998,10.241475900000001,0.000317018708,2.8145957096e-05,0.00604953048,6.758663750000001,0.000317018708,2.8145957096e-05,0.00133581569,6.071576108,0.000317018708,2.8145957096e-05,0.00527149372,2.56997015e-06,2.9733780200000005e-05,0.027748513770000004,51.433312799999996,0.015553755499999999,-0.00340161659,-0.003989513639999999,2.09922528e-06,2.43547705e-05
355,1702814400,0.25569271499999996,0.25571991299999997,-0.004905093184999999,-0.894219266,1.0945084,0.417631323,0.822850131,0.747247791,0.010331580449999999,0.1506395701,2.7668698600000002e-05,5.555600394e-07,6.3141141e-07,9.588161150000002e-07,1.086439053e-06,1.429667797e-06,2.7590452599999996e-06,5.11315797e-06,0.11770354400000001,0.0100023741,0.00012734597469999997,79.3060481,57.94143439999999,8.49412942e-06,6.44934408,0.007568042410000001,2.79090799,0.0004575513059,4.101752894e-05,0.015868584499999998,10.4125257,0.0004575513059,4.101752894e-05,0.006271474500000001,9.189885120000001,0.0004575513059,4.101752894e-05,0.00155918432,8.59426531,0.0004575513059,4.101752894e-05,0.0052609545699999994,2.2895533999999996e-06,2.94387022e-05,0.01265212150000002,48.1610078,0.0157535492,-0.0034788101,-0.004059169919999999,1.86640488e-06,2.2111092900000002e-05
355,1702815000,0.285357825,0.285384856,-0.01040898398,-0.9360596990000001,1.0919583200000003,0.447782137,0.868751509,0.787149034,0.00846080471,0.14969642,2.7377578499999998e-05,4.5570601000000003e-07,5.188064570000001e-07,8.91111887e-07,1.042872556e-06,1.3723625780000002e-06,2.897817034e-06,5.32366351e-06,0.131347705,0.01113057315,0.000187730417,78.2382965,57.9125362,9.4803835e-06,6.42031139,0.007940122899999999,3.0968756500000003,0.000290651311,2.5710385029999995e-05,0.0167427187,11.536489549999999,0.000290651311,2.5710385029999995e-05,0.0059932074100000005,6.37300849,0.000290651311,2.5710385029999995e-05,0.001332462965,5.6754744200000005,0.000290651311,2.5710385029999995e-05,0.00526641878,2.88969097e-06,2.9947989599999995e-05,0.1233277408,28.4338908,0.012898780500000002,-0.0031496436699999996,-0.00381613747,1.90205252e-06,2.23230342e-05
355,1702815600,0.34386412699999996,0.34389130300000004,-0.0318693582,-1.257959786,1.10557127,0.5153672589999999,0.879889364,0.806274618,0.0142838253,0.18068726799999998,2.80151827e-05,9.846239569999998e-07,1.1076180379999998e-06,1.5687584279999997e-06,1.834433844e-06,2.281476886e-06,4.179368329999999e-06,7.73206852e-06,0.16417688200000002,0.00749730136,0.00023734448499999997,74.0687236,54.81736909999999,1.142435365e-05,6.49062543,0.008867393929999998,3.72749094,0.00018246587900000002,1.574211851e-05,0.018494396000000003,14.351479399999999,0.00018246587900000002,1.574211851e-05,0.00593185931,4.7753672,0.00018246587900000002,1.574211851e-05,0.0013090536399999997,4.015119199999999,0.00018246587900000002,1.574211851e-05,0.0052899978100000005,3.4598142200000002e-06,3.0558931100000006e-05,-0.05184987365,27.4855516,0.015013066300000003,-0.00306895097,-0.00375305603,2.07695933e-06,2.18069778e-05
355,1702816200,0.44671783000000004,0.446745112,-0.019434655365999996,-1.38888028,1.19201139,0.593897138,0.967304517,0.90366507,0.01578504245,0.227679521,2.8452976400000004e-05,1.362396239e-06,1.4830781799999999e-06,1.867791446e-06,2.206826174e-06,2.761001606e-06,4.62522974e-06,9.03860325e-06,0.219264438,0.00382852357,0.000241429104,67.5197842,51.8135896,1.48512156e-05,6.16114796,0.0103835062,4.80751102,0.00041624351099999997,3.7197728483e-05,0.021608781500000004,19.3865135,0.00041624351099999997,3.7197728483e-05,0.006267931860000001,9.15823924,0.00041624351099999997,3.7197728483e-05,0.0016546351800000002,8.485536489999998,0.00041624351099999997,3.7197728483e-05,0.0052900570899999996,2.61599843e-06,2.99596653e-05,-0.08890900201,36.6028724,0.0135932892,-0.00341006086,-0.00393213803,2.19870364e-06,2.30782986e-05
355,1702816800,0.309739593,0.309767079,-0.0410736538,-1.5138520899999999,0.9947178849999998,0.506220648,0.75966068,0.7198344799999999,0.01102727577,0.17010984499999998,2.79021867e-05,5.54427569e-07,7.13465262e-07,9.518772150000002e-07,1.238190602e-06,1.6496807099999998e-06,2.9138984949999995e-06,6.6964818800000005e-06,0.15190457799999998,0.00269772792,0.00025233095499999997,69.5002307,51.8572789,1.029284085e-05,6.51006062,0.0087714184,3.3623746199999998,0.0002563780099,2.2558258970000002e-05,0.018012002300000003,13.395396,0.0002563780099,2.2558258970000002e-05,0.00601995741,6.096297470000001,0.0002563780099,2.2558258970000002e-05,0.001338983248,5.3705568360000004,0.0002563780099,2.2558258970000002e-05,0.00532708764,3.02930105e-06,3.0466551800000003e-05,0.11169890679999998,37.764491400000004,0.013904604999999997,-0.0036138685900000004,-0.00410201569,2.55745268e-06,2.4923743500000002e-05
355,1702817400,0.30115800699999995,0.301185454,-0.0427002784,-1.4515441070000001,1.008293269,0.49468383599999993,0.7487478569999999,0.6910710800000001,0.0182458629,0.174372996,2.8002412200000004e-05,7.06936239e-07,8.762623220000001e-07,1.109248917e-06,1.3297717140000003e-06,1.7925530049999997e-06,3.016426947e-06,6.56185359e-06,0.148059455,0.00225849105,0.000245073903,68.82144650000001,51.69328469999999,1.000829975e-05,6.431061789999999,0.008611768849999998,3.2763859100000006,0.0003158184305,2.8013765990000007e-05,0.0176053642,13.03110154,0.0003158184305,2.8013765990000007e-05,0.00604576743,6.764609129999999,0.0003158184305,2.8013765990000007e-05,0.001349637816,6.07844152,0.0003158184305,2.8013765990000007e-05,0.00532374249,2.8726350499999997e-06,3.0303066499999996e-05,0.08467795517000001,43.532660400000005,0.015212775100000001,-0.0037256958600000003,-0.004155839850000001,2.5119511599999997e-06,2.45777003e-05
355,1702818000,0.0650762333,0.06510346599999998,-0.058400928399999996,-1.165161816,0.6445696739999999,0.22432382300000003,0.371448835,0.32370988300000003,0.00957463971,0.05799626040000001,2.73558631e-05,1.82899175e-07,3.57311279e-07,5.191030310000001e-07,4.458609e-07,5.98812365e-07,1.0490296470000001e-06,2.53438349e-06,0.0301972701,0.00211511661,0.00021990188399999999,75.3022524,57.110353599999996,2.1602989499999997e-06,6.858557,0.003987431339999999,0.8064648440000001,0.00013983269119999999,1.1914588700000001e-05,0.00778031471,2.66692588,0.00013983269119999999,1.1914588700000001e-05,0.00574623474,3.17073161,0.00013983269119999999,1.1914588700000001e-05,0.000861025188,2.4387521330000004,0.00013983269119999999,1.1914588700000001e-05,0.005320815920000001,2.9483069000000003e-06,3.0201873800000002e-05,0.006562440999999986,55.94200169999999,0.0153903639,-0.00409583366,-0.0044890537,2.96696413e-06,2.5877318500000004e-05
355,1702818600,0.09557510520000001,0.09560219610000001,-0.06019432950000001,-1.2376232459999996,0.70318397,0.26737289900000005,0.439663414,0.386186779,0.01088294012,0.07077752439999999,2.73149209e-05,2.797512764e-07,4.59411374e-07,6.29864896e-07,5.762220689999999e-07,7.82896287e-07,1.3505464879999999e-06,3.1481093e-06,0.045530921099999996,0.00201891813,0.0002302447,74.26976490000001,55.311701400000004,3.1733536700000003e-06,6.84229098,0.00466215237,1.1054000970000002,7.37130811e-05,5.9968057699999995e-06,0.00940775425,3.98508747,7.37130811e-05,5.9968057699999995e-06,0.00557293269,2.1306302199999996,7.37130811e-05,5.9968057699999995e-06,0.0007142612890000001,1.344797927,7.37130811e-05,5.9968057699999995e-06,0.00529064264,2.56331669e-06,2.9651158499999995e-05,-0.117225212,62.9206911,0.015948326300000003,-0.00419605384,-0.00448138832,2.9488644699999995e-06,2.6136212599999998e-05
355,1702819200,0.0589108306,0.0589379937,-0.0822143535,-1.3189945599999997,0.5918805779999999,0.21897920299999996,0.33668527000000004,0.30660936,0.00563573381,0.0462101563,2.7285402199999997e-05,1.70862174e-07,3.41558874e-07,5.080948229999999e-07,3.9774103600000007e-07,5.56244957e-07,9.936082739999998e-07,2.35897644e-06,0.027362959799999996,0.00185400735,0.00023299806,76.473693,56.868658800000006,1.95498854e-06,6.963401739999999,0.0038195079799999998,0.732445232,0.00011821691029999999,9.97325371e-06,0.00754316439,2.40689789,0.00011821691029999999,9.97325371e-06,0.005678125480000001,2.762964703,0.00011821691029999999,9.97325371e-06,0.0007746653140000001,2.006216034,0.00011821691029999999,9.97325371e-06,0.005303264300000001,2.6181222399999998e-06,2.9789168499999996e-05,0.10853252600000003,63.64050099999999,0.015712694399999998,-0.00427315494,-0.00454820194,2.91915175e-06,2.5655315899999997e-05
355,1702819800,0.0644615304,0.0644889809,-0.0819772285,-1.31633778,0.6024933889999999,0.227343451,0.35296077200000003,0.32044728499999997,0.00542938375,0.047465595900000004,2.7542350900000004e-05,1.3460170859999997e-07,2.98460819e-07,4.5010256500000003e-07,3.8222494300000003e-07,5.161400539999999e-07,9.70743708e-07,2.3886010300000004e-06,0.0305533505,0.0014276248200000001,0.00024452631900000004,76.14600200000001,54.976705100000004,2.1397098000000004e-06,6.943757700000001,0.004024546549999999,0.8002477590000001,9.40835217e-05,7.88196827e-06,0.008023232540000001,2.72551615,9.40835217e-05,7.88196827e-06,0.005642808910000001,2.4665156,9.40835217e-05,7.88196827e-06,0.0007071841849999999,1.6891254599999996,9.40835217e-05,7.88196827e-06,0.00532466102,2.51098758e-06,2.9952509500000004e-05,-0.03617858294,64.9277492,0.01563133455,-0.00429685019,-0.004571006819999999,2.90831516e-06,2.6036957499999995e-05
355,1702820400,0.0480684893,0.048095615700000004,0.005258279039999998,-0.8835538219999999,0.578155147,0.184067887,0.340810402,0.309121936,0.00416917943,0.037721406199999995,2.72636992e-05,2.13049545e-07,4.376285890000001e-07,8.00135295e-07,4.51091479e-07,6.815625979999999e-07,1.530461111e-06,2.8357866100000004e-06,0.0221612971,0.0016378759399999997,0.00022796252800000001,76.1301531,57.538115100000006,1.5936890200000003e-06,7.048272800000001,0.0035069640200000004,0.6550188969999999,8.98611069e-05,7.3850658399999996e-06,0.00683232651,1.9800054200000001,8.98611069e-05,7.3850658399999996e-06,0.00562257682,2.3019535400000004,8.98611069e-05,7.3850658399999996e-06,0.0007041955310000001,1.52612807,8.98611069e-05,7.3850658399999996e-06,0.00532071284,3.5103186700000003e-06,3.06639864e-05,-0.0013129272000000024,48.94631989999999,0.0164009035,-0.0037522038700000004,-0.00420021854,3.30370124e-06,2.78707755e-05
355,1702821000,0.048317847799999994,0.048345088800000005,0.05530964150999999,-0.700183378,0.5869679160000001,0.178168233,0.35371079499999997,0.312722047,0.00492923166,0.0369515906,2.74368778e-05,2.7492377899999997e-07,5.002125210000001e-07,8.84519173e-07,5.26804084e-07,7.518763360000001e-07,1.577434764e-06,2.9287694e-06,0.02227926695,0.0017176592500000002,0.0001543553651,73.5940881,58.029702,1.60289232e-06,7.077791469999999,0.00344408172,0.633203355,4.68217966e-05,3.5183415549999995e-06,0.00673158707,1.9660930999999997,4.68217966e-05,3.5183415549999995e-06,0.005493739459999999,1.55865634,4.68217966e-05,3.5183415549999995e-06,0.0005729777529999999,0.763601227,4.68217966e-05,3.5183415549999995e-06,0.00533150919,3.6698248799999996e-06,3.09027663e-05,0.03035254009999997,48.2611155,0.0170708917,-0.00373768861,-0.00417138955,3.5307032900000006e-06,2.9067605e-05
355,1702821600,0.0457443482,0.04577151150000001,0.0112508326,-0.5533434399999999,0.6276191520000001,0.173440824,0.349960683,0.292133917,0.0074319848099999985,0.0428685931,2.7326480599999998e-05,2.37546575e-07,4.6796178199999997e-07,8.588462549999999e-07,4.5049158900000005e-07,7.053382700000001e-07,1.480360397e-06,2.8493413400000004e-06,0.021112856399999998,0.0017346036,1.7464510200000003e-05,73.75006869999999,57.75403499999999,1.51716588e-06,6.981816219999999,0.0033142856499999997,0.615130493,5.1296927399999994e-05,3.954254793e-06,0.006504560800000001,1.89231062,5.1296927399999994e-05,3.954254793e-06,0.00549371104,1.620250179,5.1296927399999994e-05,3.954254793e-06,0.0005665838330000001,0.8255593560000001,5.1296927399999994e-05,3.954254793e-06,0.00532438577,3.6432960299999993e-06,3.08172755e-05,-0.0030175108999999957,49.827570300000005,0.0179689533,-0.00367151944,-0.0041525849999999994,3.53806049e-06,2.9258703099999995e-05
355,1702822200,0.05635407480000001,0.056381335399999996,0.0164876858,-0.739747945,0.651207392,0.193071987,0.37936158,0.335935255,0.0057740864000000005,0.0468159894,2.7360951399999997e-05,1.863681242e-07,4.059669560000001e-07,8.1232313e-07,3.9483800499999997e-07,6.0783611e-07,1.454464496e-06,2.6906059700000004e-06,0.0262496589,0.00190160087,1.90999475e-05,74.579806,56.9631386,1.86989315e-06,6.8914417100000005,0.0036873350099999994,0.732821154,8.323547910000001e-05,6.85098578e-06,0.00740021748,2.34750832,8.323547910000001e-05,6.85098578e-06,0.00559524131,2.23166863,8.323547910000001e-05,6.85098578e-06,0.000675706025,1.436770433,8.323547910000001e-05,6.85098578e-06,0.00533515392,3.70734635e-06,3.09717689e-05,0.0897631321,47.060281599999996,0.0174118433,-0.0036131050100000005,-0.00411033033,3.4917942000000003e-06,2.8922172299999997e-05
355,1702822800,0.0475003145,0.0475276657,0.018583525849999998,-0.8037054549999999,0.570054901,0.18033667599999997,0.350185688,0.3162846549999999,0.0033788428600000004,0.0329793473,2.7486058699999997e-05,1.98667973e-07,4.07000628e-07,8.316605490000002e-07,4.36137706e-07,6.228052550000001e-07,1.5580743660000001e-06,2.6507659600000003e-06,0.0219879079,0.00173556195,1.98169845e-05,73.13600640000001,57.3759587,1.57559306e-06,6.9991083000000005,0.00339262306,0.6175205210000001,5.667698450000001e-05,4.412605149999999e-06,0.00683876434,1.9750893900000004,5.667698450000001e-05,4.412605149999999e-06,0.00553360767,1.7023558900000002,5.667698450000001e-05,4.412605149999999e-06,0.000585373004,0.915784174,5.667698450000001e-05,4.412605149999999e-06,0.00533381316,3.4789255199999997e-06,3.08264013e-05,0.025063278799999998,48.149414300000004,0.0166986404,-0.0037019555599999998,-0.00415112984,3.33745115e-06,2.8652299600000004e-05
355,1702823400,0.0509345701,0.0509619304,0.01497741195,-0.770823609,0.607331043,0.185438663,0.356823396,0.31812221199999996,0.0049407170799999995,0.038450228600000004,2.7519516100000002e-05,3.80009666e-07,7.85145434e-07,1.3981923869999998e-06,1.026378321e-06,7.61258843e-07,1.8695617570000001e-06,4.80793301e-06,0.023691299,0.00173808469,2.6698946200000002e-05,72.56156189999999,57.1621898,1.6899059300000002e-06,7.005726460000001,0.0036444077899999996,0.7788493510000001,7.29867799e-05,5.877543374e-06,0.007014973229999999,2.13362559,7.29867799e-05,5.877543374e-06,0.00559589284,2.03673678,7.29867799e-05,5.877543374e-06,0.0007124089399999999,1.239301763,7.29867799e-05,5.877543374e-06,0.0054705527600000005,7.0516044399999995e-06,3.44332059e-05,0.03184397161,42.3376133,0.018349739900000002,-0.002769092932,-0.00385686358,4.5328202000000005e-06,3.037314e-05
355,1702824000,0.0644174221,0.0644445939,0.01888755595,-0.8099143799999998,0.636581922,0.205987894,0.386261795,0.351723236,0.006105058209999999,0.0461892386,2.7350699900000004e-05,4.2006273239999996e-07,8.344360070000001e-07,1.5194769849999999e-06,1.094667481e-06,9.16334713e-07,2.19057566e-06,6.25025512e-06,0.030441965800000005,0.0017169798299999997,3.63438852e-05,73.8742305,56.4412423,2.13723955e-06,7.08403472,0.00401088759,0.9524481509999999,9.74313546e-05,8.06977106e-06,0.007784883740000001,2.74870738,9.74313546e-05,8.06977106e-06,0.00561484418,2.41410746,9.74313546e-05,8.06977106e-06,0.0007827069019999998,1.6414258920000002,9.74313546e-05,8.06977106e-06,0.00545561974,7.397891790000002e-06,3.45783985e-05,-0.0010026683500000022,36.610777760000005,0.0175103839,-0.00244522538,-0.0036220822779999993,3.97481229e-06,2.93852621e-05
355,1702824600,0.051626115999999986,0.05165362,0.035780616900000006,-0.762691716,0.615281285,0.183566203,0.360498503,0.328622525,0.004144311479999999,0.0395270088,2.7706797699999997e-05,2.8118989300000003e-07,5.003957729999999e-07,9.41293207e-07,5.28336631e-07,7.42368289e-07,1.79368599e-06,2.9701277299999997e-06,0.024245685500000003,0.0015377872899999998,2.1594262199999997e-05,71.4157362,56.3337545,1.7135741599999999e-06,7.04043116,0.00363354018,0.688357929,4.48545242e-05,3.312701720000001e-06,0.007102829870000001,2.1643052999999997,4.48545242e-05,3.312701720000001e-06,0.005527915279999999,1.5771617059999998,4.48545242e-05,3.312701720000001e-06,0.000580867628,0.7739445509999999,4.48545242e-05,3.312701720000001e-06,0.005351775500000001,3.65088327e-06,3.11602074e-05,-0.0323057324,45.80608769999999,0.017225742800000002,-0.0035781104499999993,-0.00409981951,3.3211453700000003e-06,2.76997279e-05
355,1702825200,0.052603687200000006,0.05263091760000001,0.0914589912,-0.7711008730000001,0.625331593,0.186403575,0.37272388,0.336422773,0.0042937619,0.042317769799999995,2.7328090700000004e-05,1.673030445e-07,3.6630541499999994e-07,7.66721807e-07,3.38939478e-07,5.19263106e-07,1.3753751e-06,2.39884513e-06,0.0245804636,0.0015033662399999998,0.00021195765500000002,74.9648088,56.298152800000004,1.7463070700000001e-06,6.97856278,0.0037335055000000004,0.693980743,5.460851350000001e-05,4.205938209000001e-06,0.0072202694400000005,2.2088129,5.460851350000001e-05,4.205938209000001e-06,0.00556886115,1.8558398399999998,5.460851350000001e-05,4.205938209000001e-06,0.000642861222,1.032680587,5.460851350000001e-05,4.205938209000001e-06,0.005316402620000001,3.2528827999999997e-06,3.05098097e-05,-0.1632945623,53.2731896,0.017789326100000002,-0.0037332469299999997,-0.00416443186,3.16312704e-06,2.8073537600000002e-05
355,1702825800,0.042477619,0.0425044709,0.098080442,-0.670499051,0.558092026,0.163512857,0.33867284,0.30780939199999996,0.00332021718,0.030512825200000003,2.6937672100000003e-05,1.5623070149999997e-07,3.59039987e-07,7.1421328e-07,3.23032141e-07,5.3741343e-07,1.4195726199999997e-06,2.40795753e-06,0.0195364186,0.0014015138,0.000294839229,76.93064100000001,57.39806120000001,1.40856299e-06,7.10828881,0.0033705722299999996,0.59025843,6.50923402e-05,5.14893948e-06,0.006452315910000001,1.7618897100000002,6.50923402e-05,5.14893948e-06,0.00554203329,1.90513135,6.50923402e-05,5.14893948e-06,0.000639584842,1.1214445300000002,6.50923402e-05,5.14893948e-06,0.00527642161,3.21194014e-06,3.0035180100000004e-05,0.08919939639999999,52.335200199999996,0.016903672099999996,-0.0036888142699999992,-0.004192615260000001,3.31101347e-06,2.7446655600000003e-05
355,1702826400,0.0713511489,0.0713779801,0.045316191900000004,-0.833129012,0.6267941419999999,0.20964825,0.407337431,0.36593617700000003,0.005683676590000001,0.0470173501,2.69142622e-05,1.539891254e-07,3.48359281e-07,7.92613254e-07,3.3760852799999997e-07,5.14613893e-07,1.42948176e-06,2.47881013e-06,0.0339875275,0.0013685820699999999,0.0003132915,75.4259126,55.61107869999999,2.3700419499999997e-06,6.924012240000001,0.0041068079,0.91345762,8.067399380000001e-05,6.52193213e-06,0.008104851159999999,3.04424494,8.067399380000001e-05,6.52193213e-06,0.0056121376700000005,2.31678687,8.067399380000001e-05,6.52193213e-06,0.0007578048920000001,1.5467847099999998,8.067399380000001e-05,6.52193213e-06,0.00527537852,3.4819691199999992e-06,3.0259756399999997e-05,-0.14435396064,46.1292377,0.0171998472,-0.00342809651,-0.0040431899700000004,3.2785804900000004e-06,2.82546843e-05
355,1702827000,0.44325361599999996,0.443280679,-0.017261406899999998,-1.36385818,1.1917113599999998,0.584043917,0.950654013,0.9000274850000001,0.01745695755,0.22656025300000002,2.8072435699999996e-05,1.1611815739999999e-06,1.224132081e-06,1.7131122770000003e-06,2.0268980870000004e-06,2.560378322e-06,4.58557931e-06,8.45508619e-06,0.21971592749999996,0.0015831082300000001,0.000305045469,65.64596569999999,50.861396400000004,1.4739824000000001e-05,6.27327961,0.010264151429999998,4.70733516,0.0002789494551,2.458028451e-05,0.0214250068,19.2762233,0.0002789494551,2.458028451e-05,0.00604901552,6.585013600000001,0.0002789494551,2.458028451e-05,0.001464995845,5.8365583,0.0002789494551,2.458028451e-05,0.005257188729999999,2.79602416e-06,2.9877683400000004e-05,-0.12844118755,34.1405053,0.016328853899999995,-0.0031742370800000004,-0.00372825036,1.9148617600000003e-06,2.17774502e-05
355,1702827600,0.1946858943,0.1947129571,0.03401313096,-1.1451549799999998,0.8730266550000001,0.36605704499999997,0.6354944039999999,0.593793136,0.00945036313,0.11204932110000002,2.7251798800000003e-05,2.448213404e-07,3.450782765e-07,8.03656487e-07,5.73716259e-07,7.816245230000001e-07,2.152744393e-06,3.2853642900000006e-06,0.09559308820000001,0.00145174922,0.000289712056,71.6464569,52.76368769999999,6.472335889999999e-06,6.489351859999999,0.0066536622299999985,2.147753506,0.0001106091279,9.375747752999999e-06,0.01364932861,8.439571130000001,0.0001106091279,9.375747752999999e-06,0.00571730832,3.4202129,0.0001106091279,9.375747752999999e-06,0.000937184785,2.591391886,0.0001106091279,9.375747752999999e-06,0.00526305564,2.67079204e-06,2.9762162300000002e-05,-0.07800599870000001,42.24319833,0.0149415915,-0.0033685065699999997,-0.003881226289999999,2.2877389199999994e-06,2.39102465e-05
355,1702828200,0.0538928127,0.05391990249999999,0.1051022331,-0.786030825,0.59784325,0.18757217399999998,0.382061662,0.34894815200000007,0.0032616342,0.0358043954,2.72230671e-05,1.97325013e-07,3.92231316e-07,7.991394200000002e-07,3.8547125399999997e-07,5.8225882e-07,1.5262433009999997e-06,2.46046216e-06,0.025090628999999996,0.00155689162,0.000292394077,75.55008329999998,56.381829100000004,1.78854569e-06,7.017468720000001,0.0037888137799999997,0.715272577,7.05231448e-05,5.58832075e-06,0.00729868184,2.2232967300000004,7.05231448e-05,5.58832075e-06,0.00561315193,2.1091222700000003,7.05231448e-05,5.58832075e-06,0.000707247572,1.326838488,7.05231448e-05,5.58832075e-06,0.0052988684,3.2313791400000002e-06,3.0314611e-05,-0.0893025827,55.5754995,0.0169735941,-0.0037311109100000004,-0.004157621759999999,3.1764338699999996e-06,2.7860477899999997e-05
355,1702828800,0.05052852539999999,0.0505557846,0.0331061363,-0.686654405,0.6345568690000001,0.182104715,0.362036055,0.32134731,0.0048802017399999995,0.043713996399999996,2.7348391e-05,1.502326196e-07,3.31276854e-07,7.775955139999999e-07,3.378507880000001e-07,5.11672696e-07,1.512659255e-06,2.2586842e-06,0.0235966314,0.0016216775600000001,3.9963121600000004e-05,75.4146604,56.718588499999996,1.67752285e-06,6.993448950000001,0.00355315847,0.672674874,8.21791839e-05,6.669738426999999e-06,0.007031898780000001,2.1309416800000003,8.21791839e-05,6.669738426999999e-06,0.00560963426,2.1646600499999997,8.21791839e-05,6.669738426999999e-06,0.000673126935,1.374553769,8.21791839e-05,6.669738426999999e-06,0.00531193456,3.1752624199999995e-06,3.0454377299999996e-05,-0.09246224350000001,54.25903079999999,0.0177397386,-0.0035906037700000003,-0.004120027430000001,3.10543532e-06,2.8459826299999997e-05
355,1702829400,0.021978572000000002,0.0220056747,0.031396850600000005,-0.9732296149999999,0.463439147,0.1286965326,0.21641910899999997,0.18934328000000003,0.00264977849,0.0204469005,2.72154176e-05,1.5781096590000002e-07,3.48766052e-07,7.543525649999999e-07,3.3593321600000004e-07,4.84067521e-07,1.554814741e-06,2.16775051e-06,0.00978860727,0.0011755057900000002,1.91760016e-05,75.26885359999999,61.960614799999995,7.274739589999999e-07,7.25410035,0.00256299781,0.35903815299999997,4.87851482e-05,3.781476466e-06,0.004440153079999999,0.896919185,4.87851482e-05,3.781476466e-06,0.005453543369999999,1.5382408100000002,4.87851482e-05,3.781476466e-06,0.00046851669900000006,0.7482456241,4.87851482e-05,3.781476466e-06,0.005296591200000001,3.09691323e-06,3.02112831e-05,0.15708251588999997,58.3105135,0.017890951699999998,-0.0037484365800000002,-0.00415780964,3.0628656600000003e-06,2.8309215199999997e-05
355,1702830000,0.019107552799999997,0.0191349247,0.0364436959,-0.871776581,0.43831338100000006,0.11992606800000001,0.20614379600000002,0.181430538,0.00216002659,0.01763205555,2.74873982e-05,1.496342854e-07,3.5351746800000003e-07,6.78885218e-07,3.07795435e-07,4.53344314e-07,1.388909966e-06,2.0973678099999995e-06,0.008465553649999999,0.0010658266899999998,1.6816251600000003e-05,74.79329070000001,61.75408070000001,6.3278264e-07,7.30334886,0.002419015,0.321981783,4.6381669100000004e-05,3.5858976460000004e-06,0.00419394664,0.773145523,4.6381669100000004e-05,3.5858976460000004e-06,0.00544238116,1.443165958,4.6381669100000004e-05,3.5858976460000004e-06,0.000437608869,0.6428833110000001,4.6381669100000004e-05,3.5858976460000004e-06,0.005325031529999999,3.01445679e-06,3.0419885699999993e-05,0.10722640353000001,62.5005287,0.018201449300000002,-0.00379873395,-0.00430665903,3.2848495699999995e-06,2.8794567400000003e-05
355,1702830600,0.013621106,0.01364845025,0.03362437690000001,-0.8043542910000001,0.428938094,0.103975793,0.17389281000000004,0.152367151,0.00159070483,0.0140600915,2.74166017e-05,1.23506808e-07,3.3183173900000004e-07,7.18022832e-07,2.6784811799999996e-07,3.9134508199999997e-07,1.4086116499999999e-06,2.0255793600000002e-06,0.005692179459999999,0.00109709928,1.59029617e-05,76.2074025,66.0678455,4.50741145e-07,7.44725602,0.0021505112400000003,0.273978686,2.78480355e-05,2.015045837e-06,0.00347624007,0.5354939489999999,2.78480355e-05,2.015045837e-06,0.00534430373,1.0975579450000001,2.78480355e-05,2.015045837e-06,0.00031551082200000004,0.2945589493,2.78480355e-05,2.015045837e-06,0.0053199269799999995,3.16712399e-06,3.0491896999999997e-05,0.28262237,72.5300406,0.0206254672,-0.0038543124799999993,-0.00421850177,3.38695419e-06,3.0314130300000002e-05
355,1702831200,0.0154162841,0.0154436418,0.011062450368,-0.9916747929999999,0.393987033,0.108335545,0.170705212,0.151092112,0.001889921827,0.014318360059999998,2.74559736e-05,1.429793395e-07,3.50634502e-07,7.440504550000001e-07,3.1856717400000005e-07,4.5280316200000007e-07,1.49891939e-06,2.1175847200000003e-06,0.00643785352,0.00124719456,1.7316604600000003e-05,78.5889021,68.9721504,5.09844898e-07,7.46668683,0.0022150364400000005,0.299450746,3.4501267499999996e-05,2.5040553149999997e-06,0.0035977519299999995,0.605388268,3.4501267499999996e-05,2.5040553149999997e-06,0.0054240767200000005,1.2726781999999999,3.4501267499999996e-05,2.5040553149999997e-06,0.000399719547,0.47004180500000003,3.4501267499999996e-05,2.5040553149999997e-06,0.00532727657,3.24459339e-06,3.0620433599999996e-05,0.025172115000000002,59.9411603,0.0182149998,-0.00362049723,-0.00418408875,3.54581857e-06,3.09015108e-05
355,1702831800,0.0125021668,0.0125293679,0.017385309709999998,-1.012292743,0.374748935,0.1005666619,0.153979704,0.134891615,0.00126773023,0.01105227655,2.72696754e-05,1.1658737840000001e-07,3.3287752e-07,7.05322531e-07,2.6434549700000003e-07,3.8802754499999995e-07,1.315155606e-06,1.89279935e-06,0.004846406740000001,0.00138354553,1.60197729e-05,77.85570999999999,72.61871239999999,4.1338902500000003e-07,7.40362316,0.00206458514,0.261051905,3.48432945e-05,2.566380117e-06,0.0032096619699999995,0.46480745300000004,3.48432945e-05,2.566380117e-06,0.00538738992,1.219050627,3.48432945e-05,2.566380117e-06,0.000376255254,0.426474532,3.48432945e-05,2.566380117e-06,0.00531627961,3.35719777e-06,3.0545501700000005e-05,0.014587447799999992,59.434061099999994,0.0185095692,-0.00359876217,-0.00421856405,3.5324537599999996e-06,2.9953747800000006e-05
355,1702832400,0.0122811185,0.01230822435,0.029271357300000002,-0.31563578200000003,0.418137763,0.09184393810000001,0.171680242,0.140141777,0.00195043955,0.014924332500000002,2.7179746500000004e-05,1.1119294799999999e-07,3.1801387899999996e-07,7.240843550000001e-07,2.8764652599999996e-07,4.0568368499999994e-07,1.4672237870000001e-06,1.92120829e-06,0.004676818940000001,0.0014419636,1.6434734999999996e-05,77.977972,75.15349160000001,4.0577324e-07,7.477249670000001,0.00201900177,0.27098786100000005,4.8985151650000005e-05,3.7576421500000005e-06,0.00307986525,0.4534873270000001,4.8985151650000005e-05,3.7576421500000005e-06,0.0054466586,1.497560289,4.8985151650000005e-05,3.7576421500000005e-06,0.000438573903,0.7033157578999999,4.8985151650000005e-05,3.7576421500000005e-06,0.005302475520000001,3.2084381400000003e-06,3.03387574e-05,-0.016054587600000003,60.2542453,0.0176218364,-0.00385200099,-0.0041719484,3.38705741e-06,2.8579837900000003e-05
355,1702833000,0.009914966199999998,0.00994202525,0.01984075967,-0.764550588,0.35903596099999996,0.08778351660000001,0.13954175900000002,0.1215037086,0.0010547257300000002,0.00896311954,2.71182939e-05,1.007700815e-07,3.0530954800000003e-07,6.20427267e-07,2.57536229e-07,3.81615288e-07,1.2586261850000001e-06,1.8300514700000002e-06,0.0035743219200000003,0.00136181401,1.64778087e-05,79.95638550000001,78.34998549999999,3.27316531e-07,7.518650410000001,0.0018509350699999999,0.225681881,3.03281453e-05,2.17253046e-06,0.00275260683,0.35192081999999997,3.03281453e-05,2.17253046e-06,0.00537165994,1.1983685720000001,3.03281453e-05,2.17253046e-06,0.000371512728,0.40508685799999994,3.03281453e-05,2.17253046e-06,0.00529505075,3.04678507e-06,3.01093554e-05,0.0167235884,65.02483400000001,0.0177449884,-0.0039553216100000005,-0.004300133279999999,3.17303214e-06,2.8067580100000002e-05
355,1702833600,0.010658607569999999,0.010685797050000001,0.02547363572,-0.6484445213999999,0.36923626800000003,0.08834048759999999,0.150379593,0.12862892610000004,0.001265702551,0.010659026079999998,2.72453777e-05,8.47347966e-08,2.54731737e-07,6.182755730000001e-07,2.6797482800000003e-07,3.32028217e-07,1.184684767e-06,1.60347743e-06,0.0040265223999999995,0.00128254833,1.577057415e-05,79.36888400000001,75.63410400000001,3.5221798100000005e-07,7.5072632299999995,0.0018779981499999997,0.228516361,4.4194918450000004e-05,3.4021276100000013e-06,0.00288174697,0.386543131,4.4194918450000004e-05,3.4021276100000013e-06,0.00542640422,1.4043355219999998,4.4194918450000004e-05,3.4021276100000013e-06,0.00040628444200000005,0.6118443765999999,4.4194918450000004e-05,3.4021276100000013e-06,0.00530021174,2.87661415e-06,3.00629799e-05,-0.047042263640000005,69.00669409999999,0.0175647596,-0.00389824698,-0.00429248449,3.1620160799999994e-06,2.85983148e-05
355,1702834200,0.011723697500000001,0.01175076095,0.028670825699999996,-0.716545018,0.411725065,0.0956123676,0.153529688,0.13271655200000002,0.0017471483550000003,0.0134944447,2.7117545999999998e-05,7.875861010000001e-08,2.5487812e-07,6.622172490000001e-07,2.8480097799999996e-07,3.37434282e-07,1.385159225e-06,1.6444851999999998e-06,0.00463936126,0.00120074429,1.70234242e-05,77.99124379999998,71.52995389999998,3.87808596e-07,7.51824777,0.0020035378,0.256413213,2.049550095e-05,1.334684714e-06,0.0030747582899999996,0.43758260800000004,2.049550095e-05,1.334684714e-06,0.0053133561099999995,1.0119357480000002,2.049550095e-05,1.334684714e-06,0.000314806787,0.20359872699999998,2.049550095e-05,1.334684714e-06,0.0052895986,3.10457849e-06,3.01331188e-05,0.2592866116,63.9199813,0.0186518378,-0.0037721360199999996,-0.00417085893,3.25329959e-06,2.8623655099999997e-05
355,1702834800,0.028869570899999995,0.028896408900000004,0.016124457900000003,-0.9348122990000001,0.471126879,0.1436866404,0.247470056,0.21724413299999998,0.0033593945899999997,0.022486967,2.70070164e-05,1.7960039799999998e-07,3.6053989500000007e-07,7.28699731e-07,4.4094825000000005e-07,5.631068290000001e-07,1.5813811499999998e-06,2.32089338e-06,0.013067981750000002,0.00134394192,1.646922895e-05,74.5971716,61.57218620000001,9.567708039999999e-07,7.217791319999999,0.0027700857699999998,0.4322965859999999,3.71072094e-05,2.7802430459999997e-06,0.00504151403,1.1737036170000001,3.71072094e-05,2.7802430459999997e-06,0.00540117396,1.349252993,3.71072094e-05,2.7802430459999997e-06,0.00046751461100000004,0.5584403136,3.71072094e-05,2.7802430459999997e-06,0.005275192810000001,3.18331066e-06,3.00256022e-05,-0.0848016911,65.08792650000001,0.0188425812,-0.0038432280799999994,-0.0042396332000000005,3.3687878299999995e-06,2.86013414e-05
355,1702835400,0.01219226845,0.012219567599999998,0.01223470962,-0.8488977940000002,0.382924188,0.097182087,0.15439221,0.1319290245,0.00144430194,0.010941660450000001,2.73595475e-05,8.57901111e-08,2.57476558e-07,6.500904400000001e-07,2.8126019400000003e-07,3.40093915e-07,1.348762314e-06,1.6714720200000002e-06,0.0046007468,0.00147530848,1.5355518449999997e-05,79.5700706,75.11063010000001,4.03004754e-07,7.473494089999998,0.00201457116,0.25110908300000007,3.6070367549999996e-05,2.7367278920000004e-06,0.0030948124299999998,0.4391128,3.6070367549999996e-05,2.7367278920000004e-06,0.00538566998,1.2589270259999998,3.6070367549999996e-05,2.7367278920000004e-06,0.000353553127,0.4614837276,3.6070367549999996e-05,2.7367278920000004e-06,0.0053107273900000005,2.9979756800000002e-06,3.02937832e-05,-0.1911232707,64.21054899999999,0.017072727099999997,-0.00385798606,-0.004232455309999999,3.1184697099999995e-06,2.83038161e-05
355,1702836000,0.018214851100000002,0.0182419633,0.015938517936,-0.5898104157199999,0.43820088300000004,0.112645417,0.191368341,0.165155044,0.00300728421,0.0193106102,2.7186448700000004e-05,1.0221827590000002e-07,2.7749607999999996e-07,6.58557735e-07,3.1388405999999996e-07,3.90862187e-07,1.402283636e-06,1.8517178800000003e-06,0.0076171606699999995,0.0014695557200000002,1.5616801e-05,76.02740530000001,69.98967940000001,6.034136919999999e-07,7.3498907,0.00228944508,0.317732305,2.401539595e-05,1.7103278079999998e-06,0.0037195810100000004,0.7033511480000001,2.401539595e-05,1.7103278079999998e-06,0.00533252638,1.10404578,2.401539595e-05,1.7103278079999998e-06,0.000320235201,0.303609318,2.401539595e-05,1.7103278079999998e-06,0.00529835681,3.0817499500000002e-06,3.0213316099999996e-05,0.05394042310000001,64.65038510000001,0.0177206273,-0.003816004529999999,-0.00419237952,3.32693168e-06,2.9385771699999998e-05
355,1702836600,0.01475338585,0.0147802599,0.0179552824,-1.024263899,0.41465016099999996,0.10906931819999999,0.170667708,0.147304495,0.0017246362000000002,0.013981678,2.69373718e-05,8.6580352e-08,2.4434161100000005e-07,5.960220579999999e-07,3.1850830500000006e-07,3.70806044e-07,1.3800004599999999e-06,1.7720366600000001e-06,0.005994498910000001,0.00136132961,1.60269557e-05,76.971919,68.75090320000001,4.878912219999999e-07,7.338149830000001,0.00218964954,0.282571956,3.706518695e-05,2.72611148e-06,0.00353557068,0.549970751,3.706518695e-05,2.72611148e-06,0.00535952691,1.266521556,3.706518695e-05,2.72611148e-06,0.000378379322,0.4728815194,3.706518695e-05,2.72611148e-06,0.005264858020000001,2.79754596e-06,2.9652057399999996e-05,-0.020389239600000005,72.0489487,0.018781981,-0.00390877771,-0.004303688910000001,2.96997574e-06,2.7552805100000004e-05
355,1702837200,0.026424909499999993,0.02645195835,0.01116278507,-1.1051764339999999,0.416450216,0.13960230019999997,0.210906438,0.190543314,0.001719621457,0.017467572100000002,2.7104520500000004e-05,8.324972100000001e-08,2.4182471500000003e-07,6.457156319999999e-07,3.0089938600000005e-07,3.7537700899999997e-07,1.51241688e-06,1.8186193699999998e-06,0.011941764359999999,0.00124912278,1.6512546900000002e-05,75.6050724,64.1845448,8.759913280000002e-07,7.208337309999999,0.00268812527,0.403173286,2.1324950499999998e-05,1.365668376e-06,0.00471071232,1.0802329990000001,2.1324950499999998e-05,1.365668376e-06,0.0053501769599999995,1.0866177000000001,2.1324950499999998e-05,1.365668376e-06,0.00037465064,0.2801134199,2.1324950499999998e-05,1.365668376e-06,0.00527874987,2.9460814899999996e-06,2.99506243e-05,0.008203592000000001,56.4721276,0.017561543699999998,-0.00341970864,-0.004156971529999999,3.18314448e-06,2.85859195e-05
355,1702837800,0.01438026235,0.014407323150000002,0.01703089974,-0.852761774,0.412662598,0.10423871900000001,0.166805086,0.14700448700000002,0.00188863771,0.0147511925,2.7142363300000003e-05,1.095490036e-07,2.74291675e-07,6.903960069999999e-07,3.30725841e-07,4.02871171e-07,1.4712671599999999e-06,1.83358084e-06,0.0057782432500000005,0.00139073115,1.59392134e-05,77.6710454,70.97349829999999,4.75600111e-07,7.417736410000001,0.00213448816,0.278410711,2.5308929600000003e-05,1.7680798639999994e-06,0.00342936266,0.5429660199999999,2.5308929600000003e-05,1.7680798639999994e-06,0.0053390385200000005,1.09184007,2.5308929600000003e-05,1.7680798639999994e-06,0.00033633691,0.29435724150000003,2.5308929600000003e-05,1.7680798639999994e-06,0.00528965627,3.03621746e-06,3.00821893e-05,0.14604484170000004,62.46601919999999,0.018876686499999996,-0.0035962932099999996,-0.004159989729999999,3.00305859e-06,2.8387993199999997e-05
355,1702838400,0.05713597170000001,0.0571626896,0.01633637583,-0.6280417514000001,0.611756171,0.19318301599999999,0.352473259,0.320184772,0.00440646035,0.041849601699999996,2.67986921e-05,1.3625858199999997e-07,3.24825397e-07,6.669285699999999e-07,3.9355444999999997e-07,5.3854766e-07,1.529197597e-06,2.55709977e-06,0.026962747800000002,0.0015806174299999999,1.837043075e-05,75.04572699999999,58.923882000000006,1.8956220970000001e-06,7.0033602,0.0036324046,0.734706329,8.548403814999999e-05,7.039874544000001e-06,0.0071402665700000005,2.395326981,8.548403814999999e-05,7.039874544000001e-06,0.00556158804,2.25450489,8.548403814999999e-05,7.039874544000001e-06,0.000678785988,1.471167396,8.548403814999999e-05,7.039874544000001e-06,0.0052677236099999995,3.0937107899999997e-06,2.9865163799999998e-05,0.0051709257000000005,66.5590238,0.0181184031,-0.00393197937,-0.004229084750000001,3.1441381299999997e-06,2.7717108700000002e-05
355,1702839000,0.037257371,0.0372841873,0.0017299506000000003,-1.104537127,0.48766487999999997,0.15997295890000002,0.260182947,0.23141956600000002,0.0031671040300000003,0.025134402699999996,2.6946220300000006e-05,1.7069797109999998e-07,3.5432992e-07,8.197833709999999e-07,4.50467308e-07,5.669793750000001e-07,1.750643354e-06,2.4034609700000005e-06,0.01709924659,0.00150495261,1.7818459299999998e-05,75.48771550000001,66.19259869999999,1.235274515e-06,7.211650610000001,0.0030559382599999996,0.539730957,4.7505751100000006e-05,3.677955243e-06,0.00548334093,1.537192003,4.7505751100000006e-05,3.677955243e-06,0.00543106528,1.5739840159999998,4.7505751100000006e-05,3.677955243e-06,0.00049566356,0.7879263035,4.7505751100000006e-05,3.677955243e-06,0.00527246366,3.30417683e-06,3.0113795200000002e-05,-0.08091650289999999,67.85653959999999,0.0206666957,-0.0038075614999999994,-0.00411263379,3.45758197e-06,3.17220686e-05
355,1702839600,0.07320049619999999,0.0732272716,0.0005222811920000001,-1.67773219,0.503865377,0.25037982700000005,0.33949786700000006,0.320859798,0.003824245657000001,0.03861449869999999,2.6924154599999996e-05,2.1217321349999998e-07,3.9481640700000003e-07,8.033019440000001e-07,5.01301845e-07,6.402301030000001e-07,1.878717288e-06,2.96647301e-06,0.0352465813,0.00132566538,2.04028911e-05,71.9869392,53.90640950000001,2.42950966e-06,6.858734889999999,0.00447723943,0.8985116870000001,8.095474124999999e-05,6.817200185e-06,0.00859183594,3.13449446,8.095474124999999e-05,6.817200185e-06,0.0055054066,2.221940014,8.095474124999999e-05,6.817200185e-06,0.0006458628170000001,1.4548353645,8.095474124999999e-05,6.817200185e-06,0.0052683847899999995,3.21513462e-06,2.9988396599999998e-05,0.10284160139999998,61.0023633,0.0182610664,-0.00380251769,-0.00416101165,3.17108061e-06,2.7787823599999998e-05
355,1702840200,0.06759102809999999,0.06761757669999999,0.0028720889539999997,-1.3914010229999998,0.522653449,0.22251402700000003,0.336797782,0.305146814,0.006962882367000001,0.0426221264,2.6656163800000002e-05,1.4596369400000002e-07,3.00590764e-07,7.145121029999999e-07,3.9755311800000004e-07,4.62048558e-07,1.601138803e-06,2.14624775e-06,0.03238058075,0.00139202857,1.6985659000000004e-05,73.89663739999999,56.746088699999994,2.245673194e-06,6.9083954799999985,0.004023004550000001,0.816062303,0.00010878048030000002,9.154629580000001e-06,0.00771400096,2.8773161099999998,0.00010878048030000002,9.154629580000001e-06,0.00558650493,2.6463425299999996,0.00010878048030000002,9.154629580000001e-06,0.000720134919,1.8857918084999998,0.00010878048030000002,9.154629580000001e-06,0.00524119466,2.95596789e-06,2.95547623e-05,0.003445892000000006,58.455922199999996,0.0163485649,-0.0036638641699999995,-0.00405507836,3.0631427500000006e-06,2.6877807600000004e-05
355,1702840800,0.11399267659999998,0.11401927840000001,0.007243468659999999,-1.19141906,0.7362974820000001,0.291513389,0.5090405349999999,0.46902681699999993,0.0067404458200000005,0.06996627559999999,2.69302261e-05,4.0898059899999995e-07,5.89273792e-07,1.0470779589999999e-06,7.228694469999999e-07,9.65625952e-07,2.1200046700000002e-06,3.58381305e-06,0.0558266038,0.001141289,1.866692885e-05,67.96605829999999,52.0359783,3.78674449e-06,6.52134781,0.005255265869999999,1.30037859,8.478974759999999e-05,6.8902386e-06,0.01088820345,4.941679000000001,8.478974759999999e-05,6.8902386e-06,0.0055781578200000004,2.32341604,8.478974759999999e-05,6.8902386e-06,0.0007842870760000001,1.5570309,8.478974759999999e-05,6.8902386e-06,0.00524628256,3.21089618e-06,2.98049383e-05,-0.037454947,48.7808011,0.016679338699999997,-0.00344530001,-0.003964835219999999,3.15072229e-06,2.77336227e-05
355,1702841400,0.0215189559,0.021545747599999998,0.024709436829999997,-0.79743372,0.45312633199999997,0.120500986,0.21563158099999996,0.18540566,0.0034620423499999997,0.0202455869,2.6884163199999998e-05,1.239868165e-07,2.93038361e-07,6.392018960000001e-07,3.4028494499999997e-07,4.3546557099999994e-07,1.4605698950000002e-06,1.99336133e-06,0.009582453500000001,0.00115571474,1.5853345299999997e-05,76.09544969999999,64.2229943,7.13018581e-07,7.34666501,0.0024317701,0.354269088,4.40782226e-05,3.3233892700000005e-06,0.00416243385,0.87561107,4.40782226e-05,3.3233892700000005e-06,0.00540067858,1.405709966,4.40782226e-05,3.3233892700000005e-06,0.00043926289800000004,0.6212767987,4.40782226e-05,3.3233892700000005e-06,0.00526884734,3.0004141600000002e-06,2.9827172800000004e-05,-0.10717293310000002,66.57370230000001,0.0191361124,-0.0037333153699999995,-0.0042147674000000005,3.14141423e-06,2.80438525e-05
355,1702842000,0.01812141805,0.01814815145,0.024240511,-1.0159628909999998,0.4487011880000001,0.1209160785,0.194668445,0.169767684,0.00202292537,0.0165225027,2.6822520400000004e-05,1.0692790380000001e-07,2.7129244e-07,6.92033372e-07,3.2259112500000004e-07,3.8216780100000006e-07,1.5980647800000001e-06,1.8568663099999997e-06,0.00769649776,0.0013425153800000003,1.6346143100000002e-05,77.5575916,65.1406198,5.99711828e-07,7.382585909999999,0.00243299395,0.32088519299999996,2.5652087600000002e-05,1.8018808049999998e-06,0.0040108259799999995,0.7055435800000001,2.5652087600000002e-05,1.8018808049999998e-06,0.00530655373,1.065185079,2.5652087600000002e-05,1.8018808049999998e-06,0.000337859824,0.2754565483,2.5652087600000002e-05,1.8018808049999998e-06,0.00525352317,2.9999504e-06,2.9757006699999994e-05,-0.1411860366,62.7692383,0.016595187899999995,-0.0038000431300000007,-0.004088944420000001,3.02355627e-06,2.80545214e-05
355,1702842600,0.0174350926,0.017462060499999998,0.023139405550000002,-0.9071792700000001,0.43643832299999996,0.11566447310000001,0.19515595700000002,0.167667623,0.00198858373,0.017238170599999998,2.7061820200000004e-05,1.2021822e-07,2.9713019899999994e-07,7.02919607e-07,3.1053572900000004e-07,4.0789208e-07,1.4095686039999998e-06,1.92233938e-06,0.00735756588,0.0013386768300000002,1.6025582000000002e-05,76.292623,65.7241502,5.76702603e-07,7.3146895700000005,0.0023555093099999996,0.3080290499999999,3.0256190750000003e-05,2.161605705e-06,0.00393085817,0.6750704439999999,3.0256190750000003e-05,2.161605705e-06,0.00536751789,1.190007086,3.0256190750000003e-05,2.161605705e-06,0.00038093379099999995,0.3928499167,3.0256190750000003e-05,2.161605705e-06,0.00527910903,3.01305984e-06,2.99547741e-05,-0.035946790730000004,60.552502600000004,0.017204872099999997,-0.00371885863,-0.004267541839999999,3.10718207e-06,2.7827478900000002e-05
355,1702843200,0.014709407050000001,0.0147362246,0.02067951591,-1.0552469939999998,0.398974681,0.10949028040000001,0.17205525100000002,0.14906705,0.00152743558,0.01356466725,2.6874300600000004e-05,8.083417049999999e-08,2.38324789e-07,6.28190418e-07,2.9572188499999996e-07,3.4885231099999997e-07,1.40866828e-06,1.71517174e-06,0.0059444165,0.00138952451,1.59197371e-05,79.06055059999998,69.27280780000001,4.86486388e-07,7.38433871,0.00222463877,0.283522832,3.1482666e-05,2.279278153e-06,0.0035362004699999996,0.550697678,3.1482666e-05,2.279278153e-06,0.005356560329999999,1.2279427100000002,3.1482666e-05,2.279278153e-06,0.00037967725399999994,0.4339120328,3.1482666e-05,2.279278153e-06,0.0052600178,2.93721651e-06,2.97079943e-05,-0.013253122000000006,64.7265639,0.017522693,-0.00373283855,-0.00417574122,2.89517412e-06,2.6232158899999996e-05
355,1702843800,0.012577207499999998,0.01260405,0.01705299587,-0.8434263129999999,0.399312183,0.0985536935,0.157204802,0.136916679,0.0013560968700000002,0.012174526599999999,2.6906087600000004e-05,9.975308700000002e-08,2.6971407099999994e-07,6.860058539999999e-07,2.98823338e-07,3.7458139300000003e-07,1.4004934200000002e-06,1.78176959e-06,0.00484110357,0.00142685805,1.564127155e-05,79.31025650000001,73.00185400000001,4.1565543200000006e-07,7.444632370000001,0.00206483465,0.26953512299999993,2.75395578e-05,1.969069177e-06,0.00321589862,0.4670416359999999,2.75395578e-05,1.969069177e-06,0.00532156248,1.116154435,2.75395578e-05,1.969069177e-06,0.00033513094800000006,0.32385192749999997,2.75395578e-05,1.969069177e-06,0.00527341918,3.16720937e-06,3.00038252e-05,-0.11878987939999996,61.25592140000001,0.0176702363,-0.00375881509,-0.00415027881,3.2434087599999997e-06,2.7701285200000004e-05
355,1702844400,0.014081398,0.01410836465,-0.00202896194,-1.1801452000000001,0.38191165899999996,0.10700310050000002,0.153942201,0.140479288,0.001418786026,0.012022562,2.7021190599999997e-05,8.351275619999999e-08,2.4914555600000006e-07,6.42498733e-07,3.10547147e-07,3.7879395099999995e-07,1.439678486e-06,1.8355818300000002e-06,0.00565322109,0.0013668484599999998,1.55612362e-05,77.9553641,70.8787442,4.6576511499999993e-07,7.44236121,0.0021280435399999996,0.28478114899999996,3.68221842e-05,2.67124557e-06,0.0034227176400000005,0.531167418,3.68221842e-05,2.67124557e-06,0.005410149489999999,1.3124524260000001,3.68221842e-05,2.67124557e-06,0.000421871054,0.520449096,3.68221842e-05,2.67124557e-06,0.005287079009999999,3.15594809e-06,3.01222774e-05,-0.0848688566,64.20747619999999,0.0177750014,-0.00379140689,-0.004265054400000001,3.2850785600000003e-06,2.88200172e-05
355,1702845000,0.014307337999999998,0.014334343400000001,0.00820346039,-0.860065884,0.41611270200000006,0.10336464590000001,0.16856764800000001,0.14914205400000002,0.0016564536349999999,0.014122470600000001,2.7076170999999997e-05,1.0735448779999999e-07,2.8307168199999997e-07,6.904765249999999e-07,2.94329636e-07,3.81432161e-07,1.4401735749999997e-06,1.86347567e-06,0.00564122231,0.0014918381699999999,1.545477415e-05,77.5399134,72.55877129999999,4.7349359399999995e-07,7.437004549999999,0.0021493023299999996,0.284762865,4.44870384e-05,3.363107824e-06,0.0033852578999999995,0.5212199099999999,4.44870384e-05,3.363107824e-06,0.005419946890000001,1.4272015869999999,4.44870384e-05,3.363107824e-06,0.000430355301,0.6270254994,4.44870384e-05,3.363107824e-06,0.005288130970000001,3.24127869e-06,3.0209054300000004e-05,-0.00430915899999999,61.499786300000004,0.0180902608,-0.0038600321399999997,-0.004171337,3.3131026300000005e-06,2.88735199e-05
355,1702845600,0.009976343549999999,0.01000330765,0.014095682719999999,-0.8619387880000001,0.35442332,0.08857336099999999,0.13425409800000002,0.12064118189999999,0.0012990678799999998,0.00947564883,2.7029158599999997e-05,1.0281114970000001e-07,2.8831940200000003e-07,6.531804709999999e-07,2.98985873e-07,3.9337943799999997e-07,1.3340716060000002e-06,1.8884432400000001e-06,0.0037027267900000002,0.0012641865200000001,1.619885435e-05,79.6927575,76.1870806,3.29367529e-07,7.587210799999999,0.0018666482300000002,0.237204922,2.6208413699999998e-05,1.911019965e-06,0.00278790161,0.36203752399999994,2.6208413699999998e-05,1.911019965e-06,0.0053252813700000005,1.10098713,2.6208413699999998e-05,1.911019965e-06,0.000326788435,0.3078056631,2.6208413699999998e-05,1.911019965e-06,0.00529791229,3.33037207e-06,3.0313804700000003e-05,0.028747029,63.954744500000004,0.018911083,-0.00393973716,-0.00424563862,3.5669276700000003e-06,2.9327647600000002e-05
355,1702846200,0.014490485029999996,0.014517181499999999,0.023087412600000003,-0.05598805400000001,0.439363411,0.09365826099999999,0.173817809,0.14381688939999998,0.00280819051,0.01800717322,2.6764076099999996e-05,1.0439208e-07,2.7894726099999996e-07,6.55620626e-07,3.2886140000000004e-07,4.0229566599999994e-07,1.41833239e-06,1.9184345599999997e-06,0.00598223569,0.00124120565,1.6561651e-05,76.87608509999998,73.90450729999999,4.79376918e-07,7.475671860000001,0.00198060532,0.279030736,3.4897657400000005e-05,2.5229345799999997e-06,0.0031669989599999995,0.5523637750000001,3.4897657400000005e-05,2.5229345799999997e-06,0.0053757351,1.2755695159999998,3.4897657400000005e-05,2.5229345799999997e-06,0.00041626036000000003,0.488601035,3.4897657400000005e-05,2.5229345799999997e-06,0.00527234483,3.2854847300000004e-06,3.0026742800000003e-05,-0.15306994346,64.4120944,0.0191515642,-0.0038169866600000005,-0.004235953030000001,3.41108153e-06,2.94883209e-05
355,1702846800,0.0114780658,0.011505236399999999,0.015710928114,-0.880252456,0.384799253,0.0958865956,0.14430440400000002,0.128291413,0.0015009429009999998,0.013007485800000001,2.7228311e-05,9.40244724e-08,2.65580334e-07,6.683810689999999e-07,2.9409284499999995e-07,3.9605137100000005e-07,1.39376255e-06,1.98683782e-06,0.00446794544,0.0012480883000000002,1.7741136300000002e-05,77.7621261,72.4640734,3.78997725e-07,7.51503462,0.00198979672,0.257450493,3.19199888e-05,2.3073975800000002e-06,0.0030511655900000005,0.424061021,3.19199888e-05,2.3073975800000002e-06,0.005379784229999999,1.1898703869999998,3.19199888e-05,2.3073975800000002e-06,0.000367118713,0.39129001739999997,3.19199888e-05,2.3073975800000002e-06,0.0053105568,3.19395759e-06,3.03887877e-05,0.059354094,64.4710006,0.018458018449999995,-0.003937545530000001,-0.00422847801,3.28814703e-06,2.8923447499999998e-05
355,1702847400,0.0109956642,0.0110228771,0.0320976047,-0.45945912380000004,0.38599928299999997,0.08802480210000001,0.159829879,0.134141595,0.00145189436,0.010621178499999998,2.72707167e-05,9.335716349999999e-08,2.61796947e-07,6.71817339e-07,2.955758460000001e-07,3.9058308200000006e-07,1.3847796569999999e-06,1.8378834600000004e-06,0.00427314758,0.0012025918,1.7014285699999998e-05,77.5588834,73.0213645,3.63369666e-07,7.5117555199999995,0.00190828431,0.233182995,2.1391609400000005e-05,1.4772912110000002e-06,0.00295604945,0.40877557800000003,2.1391609400000005e-05,1.4772912110000002e-06,0.0053286283400000006,1.037255457,2.1391609400000005e-05,1.4772912110000002e-06,0.000309618303,0.2282295117,2.1391609400000005e-05,1.4772912110000002e-06,0.00531495065,3.31180123e-06,3.05295012e-05,0.07007839829999998,60.8998423,0.018839211,-0.0038370560999999997,-0.0042078902599999995,3.4056250900000002e-06,2.97405419e-05
355,1702848000,0.007729082480000001,0.007756020620000001,0.0341652442,-0.22184744370000004,0.369536281,0.07523282329999999,0.12982896500000002,0.10931583519999999,0.001181246687,0.009056139179999999,2.7003458399999998e-05,1.0053002889999998e-07,2.8017801799999997e-07,5.94991004e-07,3.0673556400000006e-07,3.76497717e-07,1.2563449949999998e-06,1.84652996e-06,0.0026854224499999997,0.00115721568,1.7018709399999998e-05,79.5984756,79.82563300000001,2.54616256e-07,7.650438339999999,0.0016730031,0.215020033,2.45720923e-05,1.7223470870000002e-06,0.0023788971199999996,0.27204700000000004,2.45720923e-05,1.7223470870000002e-06,0.00532477354,1.0730597239999997,2.45720923e-05,1.7223470870000002e-06,0.0003171458,0.2699673994,2.45720923e-05,1.7223470870000002e-06,0.00527367106,2.80591145e-06,2.97032004e-05,0.0793399186,73.85163689999999,0.0182249372,-0.00401020129,-0.00435297262,3.2528127400000005e-06,2.9178875799999997e-05
355,1702848600,0.0120769184,0.012103852100000001,0.028693703799999998,-0.32832291179999995,0.42803806599999994,0.0918199623,0.16474252900000003,0.1399542755,0.00218746252,0.0158798197,2.7021139300000003e-05,1.1821281289999999e-07,3.0269608800000003e-07,7.42170328e-07,3.49536985e-07,4.4825827499999995e-07,1.634630075e-06,2.0654401900000005e-06,0.00483232395,0.00118305191,1.7232797200000004e-05,76.9879811,70.583191,3.98542893e-07,7.487197110000001,0.00202652562,0.27525374999999996,2.403758225e-05,1.610285214e-06,0.00310633118,0.46277488099999997,2.403758225e-05,1.610285214e-06,0.0053446543,1.0875324010000003,2.403758225e-05,1.610285214e-06,0.00035730180299999996,0.29098059299999995,2.403758225e-05,1.610285214e-06,0.00529184604,3.40671771e-06,3.0357525099999995e-05,0.00908036800000003,60.52993560000001,0.018131140049999998,-0.0037263563399999996,-0.004139855770000001,3.2985701899999997e-06,2.83216093e-05
355,1702849200,0.013527905449999999,0.013554881699999998,0.0259398562,-0.745158421,0.387574327,0.1020909214,0.164742534,0.14209183900000003,0.0015406869000000002,0.012094991449999998,2.7046292100000002e-05,1.000363102e-07,2.66255717e-07,6.24757685e-07,3.19807036e-07,3.90340787e-07,1.350219194e-06,1.8307818999999999e-06,0.005488610539999999,0.00125416725,1.6175582950000003e-05,77.353788,70.83479570000002,4.475094330000001e-07,7.436563090000002,0.00209997992,0.264745998,1.55459477e-05,1.0106209239999998e-06,0.00332525152,0.51084789,1.55459477e-05,1.0106209239999998e-06,0.00530145436,0.9931064190000001,1.55459477e-05,1.0106209239999998e-06,0.000302754271,0.17750860500000004,1.55459477e-05,1.0106209239999998e-06,0.0052867235999999995,2.9814110300000004e-06,2.99796067e-05,-0.0019688210300000107,73.05888379999999,0.019794043700000003,-0.00405433057,-0.004330591999999999,3.25861025e-06,2.96780031e-05
355,1702849800,0.0412632186,0.04129013325,0.013820190629999998,-1.148975916,0.513203157,0.1673782144,0.286283736,0.244919982,0.0042346517,0.0295540583,2.7050097800000002e-05,1.92002449e-07,3.92384584e-07,8.1993529e-07,4.348575650000001e-07,6.07482266e-07,1.8028220399999998e-06,2.5971832000000004e-06,0.019350032649999998,0.0012557035900000002,1.88710518e-05,73.8938914,59.265333899999995,1.368385126e-06,7.16868956,0.00318792102,0.568491977,6.271394019999999e-05,5.102611711e-06,0.0059254245,1.73764143,6.271394019999999e-05,5.102611711e-06,0.005485735120000001,1.8524693200000002,6.271394019999999e-05,5.102611711e-06,0.000561662838,1.073123288,6.271394019999999e-05,5.102611711e-06,0.00528913988,3.41250531e-06,3.0337360799999995e-05,0.08459224700000001,58.128105600000005,0.018121946899999998,-0.0038115204699999995,-0.0041047337,3.3323359299999995e-06,2.95597808e-05
355,1702850400,0.044391796299999994,0.0444187734,0.00887945444,-1.033862341,0.5465416729999999,0.172155661,0.29727157299999996,0.261832992,0.003869984372,0.0348327781,2.71131306e-05,1.8350841e-07,3.9005486499999994e-07,8.062817690000002e-07,4.37558011e-07,5.64489991e-07,1.6994740000000001e-06,2.44733822e-06,0.020888197100000006,0.00128219723,1.8778862599999996e-05,71.93086260000001,59.8107481,1.4729429789999999e-06,7.094776640000001,0.0032736099400000004,0.59677249,5.23042889e-05,3.99907386e-06,0.006219959999999999,1.8826493880000001,5.23042889e-05,3.99907386e-06,0.00545988207,1.594038015,5.23042889e-05,3.99907386e-06,0.000536263178,0.8016208678,5.23042889e-05,3.99907386e-06,0.00528700801,3.26785175e-06,3.02124943e-05,-0.0952883819,61.6270269,0.0186556498,-0.00375723664,-0.00414360237,3.42990627e-06,2.9117987499999994e-05
355,1702851000,0.016968940699999997,0.016996003,0.025294751799999998,-0.898865125,0.446038619,0.11417474329999999,0.190018297,0.15982988,0.00243408241,0.0187586783,2.7138401899999998e-05,1.0363759630000001e-07,2.8735155900000003e-07,6.124391079999999e-07,3.40471929e-07,4.04300377e-07,1.3781921839999998e-06,1.93524964e-06,0.00723182483,0.0012301345799999998,1.72111671e-05,73.84186559999999,64.87747920000001,5.622041239999999e-07,7.377597139999999,0.00232433192,0.31684242100000004,3.5434184399999996e-05,2.660387537e-06,0.0038663425899999994,0.67849467,3.5434184399999996e-05,2.660387537e-06,0.00537612099,1.256254115,3.5434184399999996e-05,2.660387537e-06,0.000378406138,0.4505174491,3.5434184399999996e-05,2.660387537e-06,0.00529770523,3.13425573e-06,3.01767906e-05,0.06464623526,64.7995862,0.017834926699999996,-0.004037567859999999,-0.004321322840000001,3.0632266899999998e-06,2.60972516e-05
355,1702851600,0.022117218600000006,0.022143993299999998,0.021005306699999997,-0.898199007,0.455976421,0.1266844501,0.215031562,0.180905523,0.00287942524,0.0206540021,2.6873708999999998e-05,1.4888665099999998e-07,3.67839962e-07,7.91714349e-07,3.4101387400000003e-07,4.6428806200000005e-07,1.580741895e-06,2.21904583e-06,0.009795215020000001,0.00124013865,1.71802936e-05,75.3149369,63.5597433,7.324580730000001e-07,7.3679093899999994,0.00253859051,0.366877735,4.80768942e-05,3.73776017e-06,0.004363709259999999,0.906937673,4.80768942e-05,3.73776017e-06,0.005417361260000001,1.502034074,4.80768942e-05,3.73776017e-06,0.000477183052,0.7188508265,4.80768942e-05,3.73776017e-06,0.00527859763,3.39154922e-06,3.01905702e-05,0.028018821199999995,59.5538153,0.018090950999999997,-0.00383308416,-0.00414057965,3.4801740200000004e-06,2.91819973e-05
355,1702852200,0.0190588827,0.01908570855,0.020812694899999998,-1.107074823,0.43160067599999996,0.1227173684,0.197968544,0.17171774199999998,0.0018526781700000002,0.015771029149999997,2.69058171e-05,1.2687129499999998e-07,3.4531253300000004e-07,7.941652490000001e-07,2.91661219e-07,4.3419336399999997e-07,1.655614391e-06,2.2013698300000003e-06,0.008081497670000002,0.00142411015,1.78645132e-05,77.40506339999999,65.2381762,6.3069263e-07,7.427084750000001,0.00250546151,0.349746738,3.260765405e-05,2.4139441429999996e-06,0.0041545192500000005,0.75376443,3.260765405e-05,2.4139441429999996e-06,0.00532969406,1.192259975,3.260765405e-05,2.4139441429999996e-06,0.00037147851500000007,0.3996484659999999,3.260765405e-05,2.4139441429999996e-06,0.00528375934,3.54803046e-06,3.0365306599999998e-05,0.090567435,54.5639249,0.0196024431,-0.0035911417699999995,-0.004074260990000001,3.4315504399999997e-06,2.88796144e-05
355,1702852800,0.0484195095,0.0484464571,-3.2361355000000076e-05,-1.57167112,0.46156409,0.20117517899999998,0.279983553,0.25677034400000004,0.0025330155700000003,0.027958701699999998,2.70703378e-05,1.843874466e-07,4.1879510900000006e-07,8.490641429999999e-07,3.91988348e-07,5.56338286e-07,1.749176065e-06,2.6043774200000003e-06,0.021531015999999997,0.00265250953,1.9351369700000002e-05,75.6310576,62.979543899999996,1.6067068700000002e-06,7.150702810000001,0.0037036325100000002,0.664817555,7.18383895e-05,5.82942864e-06,0.006636604989999999,1.9524930330000003,7.18383895e-05,5.82942864e-06,0.005526189999999999,1.99123469,7.18383895e-05,5.82942864e-06,0.000614289768,1.2144371560000002,7.18383895e-05,5.82942864e-06,0.005297375149999999,3.5678509500000003e-06,3.051883610000001e-05,-0.1370392536,54.2731492,0.0178036525,-0.00359869349,-0.00408428297,3.4739822500000007e-06,2.89690788e-05
355,1702853400,0.042956712699999997,0.0429835166,0.00048553101225000015,-1.4200486,0.49325254999999996,0.18696389500000002,0.27559590900000003,0.24923260799999997,0.00251151596,0.0262944571,2.6951307899999998e-05,2.070774425e-07,4.1680340499999994e-07,7.77143302e-07,4.5098319600000003e-07,6.054674529999998e-07,1.6508121799999996e-06,2.4743453499999997e-06,0.018222630099999998,0.0032342700500000003,1.472111315e-05,79.9152655,67.3374307,1.4246325400000002e-06,7.1118998300000005,0.0034841022,0.5968137299999999,0.00014136880009999999,1.2027728449999999e-05,0.006084619300000001,1.64721098,0.00014136880009999999,1.2027728449999999e-05,0.0056432587400000005,3.02516244,0.00014136880009999999,1.2027728449999999e-05,0.0007386279460000001,2.289010922,0.00014136880009999999,1.2027728449999999e-05,0.00527672398,3.32967735e-06,3.01156383e-05,0.04776545740000001,59.2460541,0.0177315597,-0.0038417522699999997,-0.004220618600000001,3.4404523199999998e-06,2.9230808700000005e-05
355,1702854000,0.06096522929999999,0.06099200780000001,-0.0021043792460000003,-1.385598357,0.5558419490000001,0.21721457099999997,0.32907254900000005,0.290483872,0.005316728169999999,0.036875230800000006,2.69300337e-05,2.12560418e-07,4.2048433800000003e-07,8.987804589999999e-07,4.2512727500000006e-07,5.776430099999999e-07,1.980462026e-06,2.632185e-06,0.026860074899999996,0.0036001915700000003,1.5026377549999997e-05,76.402905,65.7950362,2.023092847e-06,6.913385319999999,0.0040019734,0.789552362,6.131428980000001e-05,4.90862857e-06,0.007126465089999999,2.40674084,6.131428980000001e-05,4.90862857e-06,0.005465788859999999,1.864350636,6.131428980000001e-05,4.90862857e-06,0.000579558805,1.0812542209999998,6.131428980000001e-05,4.90862857e-06,0.00527111307,3.4901080199999997e-06,3.02703526e-05,-0.1196805434,50.597506599999996,0.01660281365,-0.00350758368,-0.003984479399999999,3.22116447e-06,2.82615011e-05
355,1702854600,0.2913433383333333,0.29136994555555557,-0.0020618260366666668,-1.0209040466666668,1.0097391677777778,0.4171126111111111,0.7260221722222222,0.6531449333333333,0.01901017706666667,0.1652126128888889,2.7358203999999996e-05,1.2232081277777778e-06,2.2916807222222222e-06,3.499464931111111e-06,2.9394110544444444e-06,2.6777812511111107e-06,5.6035936222222224e-06,1.5165747255555556e-05,0.14096034977777777,0.004616314044444444,6.0775886444444446e-05,74.53595777777778,58.58709533333334,9.674061466666667e-06,6.8597739777777775,0.007771578444444445,3.516509712222222,0.00036057806277777784,3.223807167222222e-05,0.015280538733333333,12.590097151111113,0.00036057806277777784,3.223807167222222e-05,0.006028524166666666,8.127992144444443,0.00036057806277777784,3.223807167222222e-05,0.0015101792233333335,7.484037263333333,0.00036057806277777784,3.223807167222222e-05,0.0056405600777777775,1.4084346977777776e-05,4.071177055555556e-05,-0.023415576277777777,30.164280888888886,0.018509989777777777,-0.00026138553333333327,-0.0023384826903333333,4.149827022222223e-06,3.2386454e-05
355,1702855200,0.612761963,0.6127890650000001,-0.0012190080529999997,-1.4008791600000001,1.39005492,0.7008354440000001,1.1323845799999999,1.0499570400000002,0.0318385766,0.322285214,2.8654577400000002e-05,1.799774359e-06,2.141577209e-06,2.7167053700000004e-06,3.24159927e-06,4.22843382e-06,7.70765899e-06,1.5630280549999998e-05,0.30078952699999995,0.00550017949,5.222265649999999e-05,67.0666276,51.821653500000004,2.0359417599999996e-05,6.497190710000001,0.012155961699999999,6.55522717,0.0006923569355999999,6.249347902e-05,0.025332774699999998,26.535467900000004,0.0006923569355999999,6.249347902e-05,0.006539401540000001,14.080816290000001,0.0006923569355999999,6.249347902e-05,0.0020702988199999997,13.54580433,0.0006923569355999999,6.249347902e-05,0.00529027966,4.0597201199999996e-06,3.1135308500000007e-05,-0.0932696075,15.635041900000001,0.011094294699999998,-0.0025398073649999997,-0.00335656152,2.1720917e-06,1.96256911e-05
355,1702855800,0.34229443800000003,0.342321334,-0.0044358398700000004,-1.2324209400000001,1.0850956299999999,0.496628782,0.856976146,0.7859864999999999,0.01427783989,0.1855693076,2.78525017e-05,1.0524134610000003e-06,1.1449378520000001e-06,1.6967923400000004e-06,1.732271116e-06,2.198519168e-06,4.322843419999999e-06,7.027488709999998e-06,0.1679506495,0.0031529998499999997,2.3427768500000003e-05,68.13976840000001,52.046221100000004,1.138047724e-05,6.410793020000002,0.008853308180000002,3.6644990299999995,0.000312717272,2.76738801e-05,0.018441637599999998,14.7723877,0.000312717272,2.76738801e-05,0.0060785069899999995,6.6977553400000005,0.000312717272,2.76738801e-05,0.0014470914799999998,5.99439188,0.000312717272,2.76738801e-05,0.00523524292,2.7183898400000005e-06,2.95917527e-05,0.0875090771,32.899458499999994,0.0132500285,-0.00317937167,-0.0037003687200000005,2.0118167300000003e-06,2.13415464e-05
355,1702856400,0.28956641099999997,0.289593065,-0.0032503799940000002,-1.2029628000000003,1.025693815,0.4567395719999999,0.8013994600000001,0.7426726840000001,0.013041372200000002,0.1539430999,2.7059093199999997e-05,5.497456960000001e-07,8.739224719999999e-07,1.248714691e-06,1.23823849e-06,1.58326526e-06,3.45976746e-06,7.71428727e-06,0.1421829399,0.0025474796500000005,3.56105623e-05,69.5797752,51.9688173,9.62294784e-06,6.555826610000001,0.008284786480000002,3.2193721799999997,0.0002152870725,1.877778565e-05,0.017127790950000003,12.6094014,0.0002152870725,1.877778565e-05,0.00598739597,5.486337229999999,0.0002152870725,1.877778565e-05,0.0013693906200000002,4.75744027,0.0002152870725,1.877778565e-05,0.0052877444,4.281165050000001e-06,3.0933981999999996e-05,0.0336165445,32.66465554,0.013475726799999999,-0.0030219502799999996,-0.00373277505,2.7958307900000005e-06,2.30415961e-05
355,1702857000,0.530378047,0.530404624,-0.0006219030200000002,-1.34063097,1.319140254,0.634891304,1.03420657,0.972254665,0.0252201618,0.292624455,2.75994321e-05,1.1735559259999999e-06,1.256123599e-06,1.845278211e-06,2.189902893e-06,2.8405433999999996e-06,5.27708043e-06,9.609003240000001e-06,0.262642985,0.00248613785,3.46781919e-05,66.0149181,51.0567161,1.763514327e-05,6.18627427,0.011194050729999998,5.703169699999999,0.000351458842,3.125560617e-05,0.0233567008,23.267767900000003,0.000351458842,3.125560617e-05,0.00620851055,9.141709039999999,0.000351458842,3.125560617e-05,0.0017021939900000002,8.393763240000002,0.000351458842,3.125560617e-05,0.00521582285,3.11806281e-06,2.97549427e-05,-0.28379120160000004,74.42455319999999,0.0194625488,-0.00304755513,-0.00360695226,3.49314271e-06,3.89449371e-05
355,1702857600,0.46725540800000004,0.46728229100000007,-0.0007320632235999999,-1.45769357,1.2097118999999998,0.614331247,0.9630293899999998,0.9107153010000001,0.017534292950000002,0.247909377,2.7749749899999998e-05,1.044623913e-06,1.1454862659999998e-06,1.6765304939999998e-06,1.7986571089999998e-06,2.3125925720000003e-06,4.499985122999999e-06,8.160932440000002e-06,0.231679236,0.00189904085,2.7914717799999998e-05,65.04477890000001,50.836226700000005,1.5537028600000003e-05,6.08248546,0.0106978185,4.96782064,0.0001864814177,1.622320281e-05,0.022245716899999997,20.3986774,0.0001864814177,1.622320281e-05,0.00595348194,5.7861183700000005,0.0001864814177,1.622320281e-05,0.001405613123,4.9717806410000005,0.0001864814177,1.622320281e-05,0.00523947385,3.10866336e-06,2.98781085e-05,-0.0013027152999999958,29.9250829,0.014643200749999998,-0.0030663699,-0.0036081123,2.3320328e-06,2.3163491799999998e-05
355,1702858200,1.2048043490000002,1.2048314599999999,-0.00043623704200000007,0.22541006280000003,3.9077317900000006,0.9049934279999998,1.4583445199999998,1.306502366,0.3878072252,3.040127288,3.07494002e-05,4.392241014e-06,5.8397535150000004e-06,9.32364972e-06,1.38621896e-05,2.1169674339999998e-05,5.01592223e-05,0.00012409776996,0.598084791,0.00379452662,0.000290373398,63.013856200000006,50.6450387,3.98993303e-05,6.75713442,0.017352802849999998,17.63197207,0.0008629940488000002,7.81276613e-05,0.0328580478,52.6208846,0.0008629940488000002,7.81276613e-05,0.006929285150000001,24.10119337,0.0008629940488000002,7.81276613e-05,0.00271476067,23.372746760000002,0.0008629940488000002,7.81276613e-05,0.005741347709999999,4.810564377e-05,7.524325219999999e-05,-0.6385020047,390.70886091,0.165560454,0.0002247767200000001,-0.0011656947594999999,0.00014069506675999996,0.0015009856049999998
355,1702858800,0.7215502719999999,0.7215771329999999,-0.0012306783199999998,-1.46318758,1.79731737,0.758547109,1.141872357,1.0797704490000002,0.058363218849999995,0.663911527,2.8256220400000003e-05,1.659428832e-06,1.7636131674e-06,2.532644553e-06,3.2964080759999995e-06,4.655509258e-06,1.0663275379999998e-05,2.875005697e-05,0.358899859,0.00174487535,7.56978642e-05,63.634061900000006,50.510924,2.3977648399999997e-05,6.326896410000001,0.013447955849999998,8.32853,0.0008985345884000003,8.141670108e-05,0.0270907382,31.3237998,0.0008985345884000003,8.141670108e-05,0.00654207079,17.366344960000003,0.0008985345884000003,8.141670108e-05,0.002147007863,16.923053016000004,0.0008985345884000003,8.141670108e-05,0.00528269569,4.9484884900000005e-06,3.18698332e-05,-0.002050939530000007,33.200671966,0.01892779985,-0.00229981399,-0.0030157973629999996,2.77218242e-06,3.11617385e-05
355,1702859400,0.716350236,0.7163772829999999,-0.0005048125154,-1.52727255,1.87213213,0.767712281,1.13875971,1.0989710499999998,0.025070466200000002,0.394651682,2.8552606399999998e-05,1.8566333590000001e-06,2.2513584574999994e-06,3.263031233e-06,4.481539138e-06,5.514606550000001e-06,9.521242827e-06,1.6249323989999996e-05,0.35693524099999996,0.001104747345,9.045689890000001e-05,63.8222626,50.3457244,2.3817575200000002e-05,6.12795795,0.01340319805,7.973786909999999,0.00041512374680000003,3.7163500570000004e-05,0.0275591515,31.307573299999994,0.00041512374680000003,3.7163500570000004e-05,0.006329336180000001,10.35933101,0.00041512374680000003,3.7163500570000004e-05,0.0019186631799999999,9.66408245,0.00041512374680000003,3.7163500570000004e-05,0.005294813779999999,1.2954330010000001e-05,3.9894551e-05,-0.028700987,302.321504,0.0775116036,-0.0028294301699999997,-0.0034296748,3.768170534000001e-05,0.00040291203350000004
355,1702860000,0.670255644,0.670282354,-0.00010619778320000001,-1.43603783,1.7530285199999998,0.7345687780000001,1.1258968800000002,1.052094633,0.048291246999999995,0.416222853,2.80692664e-05,1.7150021040000001e-06,2.00329237e-06,2.8922305390000004e-06,4.095181716e-06,5.916335514000001e-06,1.063078787e-05,2.2067467619999997e-05,0.332840196,0.0021504795400000003,8.648576319999999e-05,68.6237294,50.6412308,2.22640692e-05,6.68488741,0.01301182825,7.55977781,0.0004138381664,3.6926576279999996e-05,0.0265540979,29.355367800000003,0.0004138381664,3.6926576279999996e-05,0.00633047579,10.14716083,0.0004138381664,3.6926576279999996e-05,0.00192386669,9.404122749999999,0.0004138381664,3.6926576279999996e-05,0.00538094592,1.12535836e-05,3.7988094999999996e-05,-0.10303751984000001,201.50904280000003,0.0666332057,-0.0027385688100000005,-0.0034524184399999996,1.812299762e-05,0.0001652051266
355,1702860600,0.9266570740000001,0.9266840159999999,-0.000855401513,-1.3713359200000004,2.05708776,0.8483924140000001,1.3365033099999999,1.24233792,0.056380965799999995,0.524495839,2.7844629500000002e-05,1.329251845e-06,1.657980409e-06,2.6170016460000004e-06,4.674320869999999e-06,7.499656739999999e-06,1.4101697370000001e-05,3.177458265e-05,0.457680827,0.005417763139,0.0001653859889,75.8940588,51.261157000000004,3.0744673300000005e-05,6.91996652,0.0153571981,10.75781333,0.0007964590121999999,7.198117495e-05,0.030899675500000008,40.5469863,0.0007964590121999999,7.198117495e-05,0.00654098009,16.12966059,0.0007964590121999999,7.198117495e-05,0.00225291332,15.578278289999997,0.0007964590121999999,7.198117495e-05,0.005627578780000001,1.855815078e-05,4.55252022e-05,0.2980428291,246.3148438,0.08674445850000001,-0.001680342022,-0.00310995457,2.028997195e-05,0.00016632803979999998
355,1702861200,0.5577419079999999,0.557768724,-0.0008994775389999999,-1.0772670899999999,2.07996347,0.6476202090000001,1.0294814249999997,0.8953773500000001,0.0809937441,0.5101505649999999,2.94008289e-05,2.5712192949999994e-06,3.08406723e-06,4.27578944e-06,6.68020596e-06,1.0261260960000002e-05,1.938369025e-05,4.69018104e-05,0.26955882200000003,0.009005924279999999,0.00021044542339999998,81.8747096,53.8804609,1.8407327899999997e-05,7.392925349999999,0.01182403835,7.248178090000001,0.0008739797518000001,7.909690557999997e-05,0.023085292700000003,23.924265,0.0008739797518000001,7.909690557999997e-05,0.0064352948399999995,16.53755193,0.0008739797518000001,7.909690557999997e-05,0.0019809767,16.09771466,0.0008739797518000001,7.909690557999997e-05,0.005760866359999999,2.020329888e-05,4.7114303100000004e-05,-0.023585844099999996,71.30832360000001,0.0667120261,-0.0010671983100000002,-0.003059895987,1.7047188600000002e-05,0.0001292199868
355,1702861800,0.39747767700000003,0.397504559,-0.00036632129899999996,-0.575756013,2.085813685,0.535756339,0.891027197,0.740572596,0.07255693855,0.4533734549999999,2.76713149e-05,1.1175799179999999e-06,1.791464979e-06,3.15399797e-06,5.9994899300000004e-06,1.1576236970000001e-05,2.4159633160000002e-05,6.20961209e-05,0.18623884200000002,0.01205338392,0.00033583853540000003,81.6534273,55.52527210000001,1.3023157300000001e-05,7.48134541,0.010501007330000001,7.0920031099999985,0.0002882277476,2.553718772e-05,0.019144099900000003,16.6820459,0.0002882277476,2.553718772e-05,0.00594978191,6.21321248,0.0002882277476,2.553718772e-05,0.0014794417,5.519572800000001,0.0002882277476,2.553718772e-05,0.00607059802,3.124533455e-05,5.81029201e-05,-0.1573243373,59.30602639999999,0.055600345399999994,0.00031548165799999986,-0.0026554655500000005,1.9839105789999998e-05,0.00012527926580000002
355,1702862400,0.33776543699999995,0.337792488,-0.0005669642129999999,-0.5523202200000001,1.93273395,0.49685956600000003,0.7961117950000001,0.6761456370000001,0.064675907,0.41401483699999997,2.8056701599999994e-05,1.24926788e-06,1.803407935e-06,2.82961915e-06,5.3037615500000004e-06,9.75976972e-06,2.0698108279999998e-05,5.011794322e-05,0.1556895358,0.012802343019999999,0.0002975642705,85.766085,56.8212632,1.103803262e-05,7.55306478,0.00963436925,5.57377348,0.0009644090523,8.746951699e-05,0.0175508493,13.799703599999997,0.0009644090523,8.746951699e-05,0.00628974187,17.78952831,0.0009644090523,8.746951699e-05,0.00176518998,17.443442530000002,0.0009644090523,8.746951699e-05,0.005910972150000001,2.339164328e-05,5.03695318e-05,0.12135241599999998,34.0005982,0.048834078399999994,-0.0002487904780000001,-0.002656344889,1.2950736519999999e-05,8.11010327e-05
355,1702863000,0.460826723,0.460853721,-0.0006590073409999999,0.22820115200000002,2.4065985000000003,0.561792668,0.9332159780000001,0.7256846379999999,0.11318878809999999,0.527450124,2.8651522499999997e-05,2.150631684e-06,3.11426346e-06,5.56813938e-06,1.0028299299999999e-05,1.92723157e-05,3.86282551e-05,9.66450317e-05,0.213391956,0.016313814700000005,0.000530481809,85.692358,57.16932270000001,1.5015326599999997e-05,7.787128340000001,0.011441712900000001,9.14086195,0.0005183502839999998,4.654969123e-05,0.019887858899999996,18.7878421,0.0005183502839999998,4.654969123e-05,0.006128758159999999,9.836797090000001,0.0005183502839999998,4.654969123e-05,0.00177056133,9.29712717,0.0005183502839999998,4.654969123e-05,0.0065454624,4.69006347e-05,7.389318e-05,0.016212463169999997,22.203294999999997,0.06392198730000001,0.0030882237699999997,-0.0015715512736,2.5928361100000002e-05,0.0001430849572
355,1702863600,0.4528339580000001,0.45286063699999995,-0.0012966844336,-0.28576768,2.197154577,0.554520906,0.9405662060000001,0.7947617520000001,0.0929646356,0.5443217890000001,2.72679489e-05,1.096821308e-06,2.0603746819999996e-06,4.000050167e-06,7.634234186000002e-06,1.498616717e-05,3.076957759e-05,7.25459915e-05,0.21376614649999998,0.012143343579999999,0.0003737912932,80.4951505,55.057490400000006,1.4877023500000001e-05,7.5056686599999995,0.010981193180000001,8.339230590000001,0.0002815175072,2.4854459170000006e-05,0.0199217837,18.963513229999997,0.0002815175072,2.4854459170000006e-05,0.00597927425,6.198329869999999,0.0002815175072,2.4854459170000006e-05,0.00159795044,5.506447019999999,0.0002815175072,2.4854459170000006e-05,0.00629856448,4.349738188e-05,7.01802483e-05,0.016013550499999994,71.6369373,0.0789480957,0.0012272122699999999,-0.0019854093615999996,2.6305125960000002e-05,0.0001720275549
355,1702864200,0.1902672316,0.19029411300000001,-0.0021817389860000003,1.1082873269999998,1.8540191,0.33568781400000003,0.650419851,0.509828062,0.0608413125,0.33505676100000004,2.73119972e-05,7.75025282e-07,1.5283896520000002e-06,2.8129214599999997e-06,5.2130523899999996e-06,9.832854649999998e-06,1.9066064340000003e-05,4.6503631499999996e-05,0.0866667386,0.00815126566,0.00022944686899999998,81.49127800000001,57.868867699999996,6.20765121e-06,7.75369854,0.0069132010999999995,3.9551848,0.00016893436059999998,1.456156358e-05,0.012462023650000001,7.762657750000001,0.00016893436059999998,1.456156358e-05,0.00586244085,4.68711126,0.00016893436059999998,1.456156358e-05,0.0012440206300000003,3.91547184,0.00016893436059999998,1.456156358e-05,0.0059092267999999995,3.02650823e-05,5.70688288e-05,-0.026037372000000003,91.38755630000001,0.08255587849999999,-0.001249640434,-0.00356147311,2.510040015e-05,0.00016449771
355,1702864800,0.185954862,0.1859817835,-0.0005399532062000001,0.5886535019999999,1.708627156,0.329842658,0.612618712,0.474201969,0.05350741769999999,0.2665742236,2.7616288200000006e-05,1.074417962e-06,1.9829317319999996e-06,3.4829858330000005e-06,6.0231437000000005e-06,1.106318808e-05,2.242257821e-05,5.7711055860000006e-05,0.08470484049999999,0.007843152930000001,0.0003249659363,83.66204649999999,57.377976000000004,6.04196197e-06,7.858753130000001,0.007136016099999999,4.55322708,0.00053754,4.8395231659999994e-05,0.012037946099999999,7.61948084,0.00053754,4.8395231659999994e-05,0.00591012664,9.838096799999999,0.00053754,4.8395231659999994e-05,0.001313677104,9.306984777999999,0.00053754,4.8395231659999994e-05,0.006091264880000001,3.30554446e-05,6.0000090399999994e-05,-0.028006899000000002,70.6499627,0.0664221369,0.0003476839999999999,-0.00252031784,2.106757468e-05,0.000126536296
355,1702865400,0.3690838374,0.369110651,0.0015237368349999996,0.211748708,1.9009705200000002,0.48385146200000007,0.804699579,0.676895659,0.0713203558,0.403273029,2.72816178e-05,8.07203476e-07,1.5674526920000002e-06,3.060269234e-06,5.91160437e-06,1.054323982e-05,2.106563679e-05,5.42670291e-05,0.17580866109999999,0.008301469643000001,0.000334103887,84.9397602,56.1354389,1.21108746e-05,7.674448539999998,0.00968428395,6.212516290000001,0.0003881234422,3.469656673e-05,0.0174514744,15.636410680000001,0.0003881234422,3.469656673e-05,0.00598306475,8.05651924,0.0003881234422,3.469656673e-05,0.001519474205,7.428913202000001,0.0003881234422,3.469656673e-05,0.00613383996,3.2454227579999996e-05,5.926083839999999e-05,0.08276386699999999,42.7959884,0.059251889099999996,0.00105519558,-0.001985326288,2.014896227e-05,0.00013992094929999997
355,1702866000,0.7287176289999999,0.728744717,-5.163487728e-05,-1.1766842189999998,2.2087799500000003,0.754688411,1.1849611699999998,1.0563322400000001,0.0738777717,0.5570963840000001,2.8540960600000004e-05,1.997660024e-06,2.4831980020000004e-06,4.0029574250000005e-06,7.199206740000001e-06,1.2906382088e-05,2.6088503534e-05,6.813539548e-05,0.35426606699999996,0.00956600814,0.0004024722937,80.3782831,52.6234384,2.4040571600000002e-05,7.226278949999999,0.014148014300000001,10.00864485,0.0008248134817,7.456938358e-05,0.026977335800000002,30.7911605,0.0008248134817,7.456938358e-05,0.006530038220000001,15.612187289999998,0.0008248134817,7.456938358e-05,0.0022539141199999996,15.205315970000001,0.0008248134817,7.456938358e-05,0.00610707914,2.9328894420000003e-05,5.6485741199999996e-05,-0.08654270063,64.0569082,0.0518406611,0.0010120107200000002,-0.001737266128,1.4920955400000003e-05,0.00010082075210000002
355,1702866600,0.792971634,0.792998839,-0.0011141867940000002,-1.067971672,2.43149925,0.7806507220000001,1.20791187,1.061957429,0.108837184,0.6986936329999999,2.8514048499999998e-05,1.811645186e-06,2.507152205e-06,4.24096431e-06,7.90628796e-06,1.5015183249999999e-05,3.0813880749999995e-05,7.46631053e-05,0.385133281,0.01079423808,0.00041990199050000003,82.4597615,52.60979790000001,2.61371481e-05,7.457793100000001,0.014735905200000001,11.41960894,0.00045761434500000004,4.0949164259999994e-05,0.0280438471,34.0581598,0.00045761434500000004,4.0949164259999994e-05,0.00650002796,13.360850199999998,0.00045761434500000004,4.0949164259999994e-05,0.00219491205,12.578753760000001,0.00045761434500000004,4.0949164259999994e-05,0.00624087955,3.445888467e-05,6.16119928e-05,0.084782412192,42.6441849,0.0594086891,0.0015750580220000002,-0.0018268163460000001,1.989897722e-05,0.00013547372370000001
355,1702867200,0.6761425130000001,0.6761693759999999,-0.0010574274320000001,-1.230563327,2.07775092,0.7278019070000001,1.11254648,1.0220936900000002,0.0627194291,0.494682276,2.8018161500000004e-05,1.604012635e-06,2.1051367499999997e-06,3.5308692e-06,6.46149535e-06,1.150011939e-05,2.2274660799999995e-05,5.4288672599999994e-05,0.33025835200000003,0.007384256845000001,0.0003257202015,80.8117011,52.1313029,2.2349034599999998e-05,7.40108496,0.013535976299999999,9.091405609999999,0.0012444620827,0.00011311378171000001,0.026130818899999998,28.8873008,0.0012444620827,0.00011311378171000001,0.006612027550000001,23.898405636,0.0012444620827,0.00011311378171000001,0.0023005750260000003,23.571595345,0.0012444620827,0.00011311378171000001,0.00607380582,2.881130543e-05,5.57120628e-05,-0.0647051343,142.33539480000002,0.056828699999999996,0.00111895437,-0.0022548078522,1.9066448770000002e-05,0.000127756724
355,1702867800,0.6645298119999999,0.6645570770000001,-0.00034421184800000006,-1.1255824239999999,2.1039642499999998,0.714701294,1.12597187,1.01485598,0.068893408,0.508028723,2.82588112e-05,1.40236845e-06,1.845658565e-06,2.8791634520000003e-06,5.70304771e-06,1.0269150915e-05,2.037231618e-05,5.498252166e-05,0.320747633,0.01110268472,0.0003160304497,83.11160149999999,53.2991411,2.19300706e-05,7.306905929999999,0.013514119200000002,9.21957149,0.0006294043919999999,5.6647272699999993e-05,0.025796027,28.5168497,0.0006294043919999999,5.6647272699999993e-05,0.006536915609999999,13.10671889,0.0006294043919999999,5.6647272699999993e-05,0.00215640874,12.575809099999999,0.0006294043919999999,5.6647272699999993e-05,0.0059834365100000005,2.4740252070000002e-05,5.19392445e-05,-0.009372660449999997,25.5708165,0.04385016557,0.00022494447200000005,-0.0022131193899999997,1.316711731e-05,7.882002810000001e-05
355,1702868400,1.2330721259999997,1.233099161,-0.00041954108200000005,-1.1058166100000002,2.74958392,0.9522515800000002,1.5489098000000001,1.3695418240000001,0.13544027230000003,0.8766603459999999,2.7712403200000004e-05,1.38754533e-06,2.29654826e-06,4.90616362e-06,9.92812129e-06,1.837094857e-05,4.00075982e-05,0.00010403138540000001,0.5970809189999999,0.018655509600000002,0.000617801213,85.59174060000001,53.1091576,4.0650980400000006e-05,7.516551130000001,0.0184535264,17.432136500000002,0.0007620475126000001,6.884331877000001e-05,0.0349745214,53.79754290000001,0.0007620475126000001,6.884331877000001e-05,0.00679082169,20.3689741,0.0007620475126000001,6.884331877000001e-05,0.00271294872,19.632272999999998,0.0007620475126000001,6.884331877000001e-05,0.0066835157999999995,4.826395199999999e-05,7.52245899e-05,-0.0033737010099999963,15.59383784,0.0529853302,0.003914594448,-0.00022780053,2.2575062000000003e-05,0.000129271865
355,1702869000,0.7148679399999999,0.714894765,0.00025471195219999997,-1.084949468,2.1921294199999997,0.7456914350000001,1.1457724400000002,1.011630855,0.0939881995,0.607636031,2.8179374500000004e-05,1.7355204510000001e-06,2.2512238609999994e-06,3.5846459400000006e-06,6.64976038e-06,1.2284466120000002e-05,2.58872875e-05,6.35642028e-05,0.34786373,0.00915257143,0.0003003704684,79.407646,52.4574125,2.3599978099999996e-05,7.32988317,0.013732932,9.953963569999999,0.0004913285853000001,4.41333377e-05,0.026731428600000003,30.9976021,0.0004913285853000001,4.41333377e-05,0.00630326019,11.188942149999999,0.0004913285853000001,4.41333377e-05,0.0019709917,10.489922373999999,0.0004913285853000001,4.41333377e-05,0.005949413400000001,2.833285605e-05,5.51830079e-05,-0.08924393230000002,139.230204,0.0733351894,-0.0002073117010000001,-0.002711711698,2.3240674799999998e-05,0.000182930733
355,1702869600,0.550804682,0.5508314729999999,6.868312800000001e-05,-1.223149229,2.04613747,0.6478716420000001,1.005518201,0.923015685,0.06565998379999999,0.46733650199999993,2.7681539399999996e-05,1.226457449e-06,1.630180215e-06,2.578021532e-06,4.87106822e-06,8.19336182e-06,1.539432642e-05,3.9695489099999994e-05,0.269327526,0.00576931677,0.0002309637144,77.6468049,51.9462403,1.82061986e-05,7.24778989,0.01181703865,7.125281590000002,0.0004467607692,4.007069567999999e-05,0.0232733777,23.6408647,0.0004467607692,4.007069567999999e-05,0.0062087413600000006,10.17468412,0.0004467607692,4.007069567999999e-05,0.0017783824839999996,9.509045635,0.0004467607692,4.007069567999999e-05,0.00568285944,1.951043779e-05,4.63883096e-05,-0.2818459368,241.6405219,0.07210630859999999,-0.0014496514399999997,-0.003253652009999999,1.896941388e-05,0.0001541185599
355,1702870200,0.36165957400000004,0.36168618199999997,0.0010331757590000001,-1.0289729692000003,1.613824223,0.5266888080000001,0.830125344,0.744210201,0.0439784524,0.30095854499999997,2.69302222e-05,6.793487239999999e-07,1.339656753e-06,2.686101019e-06,5.344385923999999e-06,9.479409585e-06,1.877796492e-05,4.591139743e-05,0.17246035399999998,0.007948105746,0.00033663431109999997,83.278568,54.35902709999999,1.1882544549999998e-05,7.42787366,0.010200198550000001,5.6938866599999995,0.000374704316,3.3429502889999996e-05,0.018892632,15.3575478,0.000374704316,3.3429502889999996e-05,0.00610782564,7.854817115,0.000374704316,3.3429502889999996e-05,0.0016649625750000002,7.2307780909999995,0.000374704316,3.3429502889999996e-05,0.00600909283,2.8799798129999997e-05,5.5402123599999995e-05,-0.0059329525,37.1457108,0.0538971643,0.0007886936410000002,-0.0022421542740000003,1.688960344e-05,0.0001073387252
355,1702870800,0.5520283220000001,0.552055306,0.0017532124478,-0.36120723750000006,2.6205424799999997,0.623925768,1.038181691,0.848200898,0.11964053660000003,0.609693186,2.91546718e-05,3.007545806e-06,4.19417e-06,6.91954217e-06,1.2167433800000001e-05,2.0923829300000002e-05,4.16028433e-05,9.599092639999999e-05,0.258458446,0.0167520652,0.0006166642050000001,87.2810895,56.40958230000001,1.806967555e-05,7.856731120000001,0.012709313549999999,9.897492119999999,0.0003178948081,2.819767564e-05,0.0222338275,22.8797202,0.0003178948081,2.819767564e-05,0.006168612410000001,8.76715744,0.0003178948081,2.819767564e-05,0.00191274139,8.020080622,0.0003178948081,2.819767564e-05,0.006808121540000001,5.6097261e-05,8.304022939999999e-05,-0.11635457600000002,80.3852045,0.08379301889999999,0.00444512158,-0.00014887775299999992,3.4727626e-05,0.00025182681
355,1702871400,0.679500756,0.67952754,0.0023092503880000003,-0.7267797879999999,2.7363460500000003,0.7026125980000001,1.20164917,0.990780271,0.113722528,0.6912309109999999,2.7862716799999997e-05,1.7074365599999998e-06,2.7092909560000003e-06,4.89535498e-06,9.406086820000002e-06,1.7219837799999998e-05,3.25370737e-05,8.53731994e-05,0.31704349,0.02200374845,0.000547907312,87.1301752,56.337604899999995,2.22847241e-05,7.642515460000001,0.013774249799999999,10.45363948,0.0004065374131,3.630847205e-05,0.0252663515,28.134250199999997,0.0004065374131,3.630847205e-05,0.00633746573,11.18083066,0.0004065374131,3.630847205e-05,0.00210172337,10.44117988,0.0004065374131,3.630847205e-05,0.006531823279999999,4.51232565e-05,7.19653898e-05,-0.2026143704,78.14446015,0.07690430070000001,0.0036073188147,-0.000430019842,2.37860818e-05,0.00015010056300000002
355,1702872000,0.636094726,0.636121508,0.00315356594,-1.0030741619999999,2.08078854,0.6821538599999999,1.1787359849999999,1.0222062,0.07482990510000001,0.502211921,2.8022836500000005e-05,1.7238610980000003e-06,2.528418805e-06,4.272276436e-06,7.252581124000001e-06,1.224856553e-05,2.3818295269999997e-05,5.841829273e-05,0.303929765,0.013625868990000001,0.0003799812649,76.52045289999998,53.57562039999999,2.09461224e-05,7.04315648,0.0130374203,8.983765270000001,0.0006377384824,5.748940040399999e-05,0.0249566263,26.8788044,0.0006377384824,5.748940040399999e-05,0.00647307615,14.23330766,0.0006377384824,5.748940040399999e-05,0.0021660603600000003,13.63823408,0.0006377384824,5.748940040399999e-05,0.00609381393,3.010146565e-05,5.687263419999999e-05,-0.15791305218,42.61510940000001,0.0432336888,0.0010900010400000002,-0.00139069073,1.3525654919999998e-05,9.966724099999999e-05
355,1702872600,0.322513507,0.32254061100000003,0.00270132033,-1.2267074300000003,1.14460993,0.4863752589999999,0.820225031,0.749610385,0.0301698338,0.21073134100000002,2.76978717e-05,6.840562314e-07,8.252682740000001e-07,1.0478895e-06,1.4729030090000001e-06,2.0378035499999997e-06,3.53242679e-06,7.6166179399999995e-06,0.159934622,0.0012754941400000002,2.8849195399999998e-05,64.6889063,50.914450800000004,1.0721133990000001e-05,6.55406627,0.008588118700000001,3.4284044600000003,0.000255636487,2.2446892890000003e-05,0.0179226096,13.903999200000001,0.000255636487,2.2446892890000003e-05,0.0060271091200000005,6.08043282,0.000255636487,2.2446892890000003e-05,0.0013783254939999999,5.35357632,0.000255636487,2.2446892890000003e-05,0.0052740026,2.7040878400000004e-06,2.97667258e-05,-0.047169307529999996,63.3094176,0.02123074815,-0.00364093751,-0.0040991173600000005,2.4611417599999995e-06,2.79076556e-05
355,1702873200,0.274167425,0.274194159,0.000677164615,-1.00567205,1.1187341590000002,0.449991275,0.737047502,0.680495771,0.030446382540000004,0.238151703,2.71839399e-05,5.620639450000001e-07,6.65498093e-07,1.113006483e-06,1.422450404e-06,2.18551538e-06,1.542375943e-05,8.59496849e-06,0.135728073,0.0012759271440000001,4.92889959e-05,65.2590645,51.058677,9.105013279999999e-06,6.67056816,0.008254143549999999,3.30295423,0.0001946606679,1.692637888e-05,0.01646293775,11.823121449999999,0.0001946606679,1.692637888e-05,0.005933778440000001,5.1594020800000004,0.0001946606679,1.692637888e-05,0.001297747619,4.38318719,0.0001946606679,1.692637888e-05,0.0052564000399999995,4.95243272e-06,3.16672754e-05,0.06436149199999999,65.22921796,0.027473885849999997,-0.0029116414600000003,-0.0035623450699999995,4.7957869899999995e-06,4.51742917e-05
355,1702873800,0.440747959,0.44077481,0.00251667472,-1.3974025400000003,1.2016116599999997,0.5906975539999999,0.9499789940000001,0.889752151,0.0203279565,0.24021769600000004,2.7808586399999998e-05,1.092181196e-06,1.109371265e-06,1.41598898e-06,1.7733423339999999e-06,2.2109670859999995e-06,3.6447720349999997e-06,6.956250739999999e-06,0.219398078,0.000940112565,1.660903816e-05,61.326370999999995,50.453763300000006,1.4663858049999998e-05,5.78630997,0.010334180500000002,4.63750215,0.0003957348835,3.528091494e-05,0.021567195999999997,19.236732,0.0003957348835,3.528091494e-05,0.006171262360000001,8.517196479999999,0.0003957348835,3.528091494e-05,0.00161060841,7.7875924229999995,0.0003957348835,3.528091494e-05,0.00520842341,1.79629183e-06,2.8651823500000003e-05,0.07219889198999999,27.647264300000007,0.01205573079,-0.0033714355699999998,-0.00385900246,1.3541703999999999e-06,1.7282366700000004e-05
355,1702874400,0.7417244860000001,0.741751445,0.0029815595400000004,-1.45912218,1.43531881,0.768236873,1.2077993800000002,1.1450224510000002,0.022357594099999996,0.36873114000000007,2.8424297999999996e-05,1.6718852919999996e-06,1.6806401865e-06,2.0698571800000004e-06,2.806855197e-06,3.4885604529999995e-06,5.599411774000001e-06,1.123356215e-05,0.369416252,0.0013863714099999998,2.9599514899999996e-05,62.12641649999999,50.4134866,2.46748249e-05,5.874986389999999,0.0134038471,7.7730742500000005,0.0006388961484,5.75278176e-05,0.0279117343,32.426364899999996,0.0006388961484,5.75278176e-05,0.0064851045800000005,13.788194349999998,0.0006388961484,5.75278176e-05,0.0020861660300000003,13.179691599999998,0.0006388961484,5.75278176e-05,0.00520304557,2.14741381e-06,2.89744633e-05,-0.0481526052,19.639254060000003,0.0123242688,-0.0030447067200000005,-0.0036072974299999998,1.37281498e-06,1.7811107e-05
355,1702875000,0.6750301409999999,0.675056746,0.0030741236899999996,-1.40093902,1.46239462,0.7230384799999999,1.16883568,1.085058138,0.040775979700000006,0.379231578,2.8174562499999997e-05,1.8254754320000002e-06,1.8955648470000002e-06,2.426922276e-06,3.3408805039999996e-06,4.51448727e-06,7.647637517e-06,1.539674157e-05,0.33566933800000004,0.0017531740499999997,5.39344731e-05,63.21942730000001,50.6269021,2.2438113200000003e-05,6.4134895599999995,0.012501498,6.938028269999999,0.000446520629,3.992035162000001e-05,0.0262361474,29.164051899999997,0.000446520629,3.992035162000001e-05,0.00631111468,10.82068484,0.000446520629,3.992035162000001e-05,0.0018843559799999999,10.124052939999999,0.000446520629,3.992035162000001e-05,0.005201701299999999,2.40954246e-06,2.9118075200000003e-05,-0.03945889745,25.74672665,0.014807895699999999,-0.0029964669,-0.00359092149,1.55626506e-06,2.0895300299999998e-05
355,1702875600,0.48842365499999996,0.48845044400000004,0.00559645322,-1.3005589199999998,1.42886863,0.61556076,1.0079557749999999,0.9376411059999998,0.02398449041,0.278087426,2.74484082e-05,8.297508950000002e-07,1.0030401689999999e-06,1.591668555e-06,2.5329462480000004e-06,4.027210693e-06,8.698836014e-06,1.961222332e-05,0.23955942600000002,0.00450940985,0.00010389571584999998,70.0985054,51.710382800000005,1.619390165e-05,6.56774188,0.011176904999999999,5.889398700000001,0.00044746559895000003,4.006272698e-05,0.0226754683,21.4202347,0.00044746559895000003,4.006272698e-05,0.0062778262,9.67199304,0.00044746559895000003,4.006272698e-05,0.0017585222999999997,9.05459682,0.00044746559895000003,4.006272698e-05,0.00536135964,8.19479112e-06,3.49915232e-05,0.10266247340000001,45.24311535,0.030117243949999994,-0.0023809481958999997,-0.0034527235099999997,9.898572733999999e-06,9.759655170000001e-05
355,1702876200,0.5653708639999999,0.565397653,0.0041815757499999995,-0.8173920070000001,2.4143986699999997,0.646669804,1.012080882,0.9460038630000002,0.086010593,0.609701148,2.7575201499999997e-05,1.131643642e-06,1.703302384e-06,2.7782700499999997e-06,5.293683130000001e-06,9.764808120000002e-06,1.926716775e-05,4.814604920000001e-05,0.273857196,0.00849060166,0.0002487297401,78.3519024,52.85138489999999,1.8648072300000004e-05,7.2811999499999995,0.0120062836,7.900819090000001,0.0004815021966,4.329914935e-05,0.0236870934,24.475997400000004,0.0004815021966,4.329914935e-05,0.00623564442,10.77854628,0.0004815021966,4.329914935e-05,0.00179946655,10.0990519,0.0004815021966,4.329914935e-05,0.005763705169999999,2.2456603820000002e-05,4.92510963e-05,0.1013846321,205.8694092,0.0750019805,-0.0010055204530000001,-0.0032397398199999995,2.719915863e-05,0.0002466002287
355,1702876800,0.6672224290000001,0.667249053,0.0027736978700000003,-0.645348132,2.4914260300000004,0.698101708,1.10043357,0.9714671639999999,0.11306902239999998,0.678635182,2.71941335e-05,9.6335927e-07,1.4225658839999999e-06,2.709024829e-06,5.655834545e-06,1.1215589709999999e-05,2.369275627e-05,6.0868805200000006e-05,0.31753939499999995,0.01561504718,0.000349314675,84.6127961,54.59237949999999,2.1967447700000002e-05,7.41424344,0.013353581599999997,9.963239240000002,0.000628668343,5.661289734e-05,0.0253023353,28.2249838,0.000628668343,5.661289734e-05,0.00629399305,12.288193330000002,0.000628668343,5.661289734e-05,0.0019716185299999997,11.688270249999999,0.000628668343,5.661289734e-05,0.00605009231,2.9161894259999995e-05,5.580127970000001e-05,-0.08592846509999999,33.2451832,0.0487020028,0.000986466694,-0.002313199141,1.5741663310000002e-05,9.2691658e-05
355,1702877400,0.49886261000000004,0.498889183,0.002211516555,-0.582556224,2.59807933,0.595279139,0.988567693,0.8551386049999999,0.09233049709999999,0.5703361420000002,2.7464905600000002e-05,1.217891443e-06,1.742951464e-06,2.923122985e-06,5.584070229999999e-06,1.071410918e-05,2.2195396580000003e-05,5.59917359e-05,0.236081918,0.01293280734,0.0003152117831,83.286082,54.6956397,1.63876602e-05,7.4859597,0.01147874255,7.6478728799999995,0.00043869457990000003,3.931281466e-05,0.0217015793,21.0509922,0.00043869457990000003,3.931281466e-05,0.006121300960000001,9.75019259,0.00043869457990000003,3.931281466e-05,0.00168676482,9.11027502,0.00043869457990000003,3.931281466e-05,0.0059080114399999994,2.562408058e-05,5.2223717999999995e-05,-0.3311791041,207.05925390000002,0.0657717534,-5.797782100000013e-05,-0.0025012332449999997,1.75743863e-05,0.0001363830399
355,1702878000,0.45775846699999995,0.457785172,0.00719214778,-1.0875842639999997,1.5721604599999999,0.575302617,0.9857550850000001,0.8770768,0.04213014987000001,0.31989177900000004,2.7427945399999998e-05,9.255227030000001e-07,1.219730383e-06,1.8819014380000003e-06,3.7270884349999995e-06,6.6468044480000005e-06,1.3434437860000001e-05,3.6826715250000004e-05,0.219581919,0.009027932030000001,0.00020392599685000002,74.464332,53.2002944,1.5093526599999998e-05,6.871697270000001,0.01085308755,6.249713989999999,0.0009141745778999998,8.286513014999998e-05,0.0211551926,19.302266950000003,0.0009141745778999998,8.286513014999998e-05,0.00650066319,17.62551202,0.0009141745778999998,8.286513014999998e-05,0.00202091065,17.25653132,0.0009141745778999998,8.286513014999998e-05,0.0055881989799999995,1.409705212e-05,4.07716878e-05,0.05913386389999999,25.5539059,0.027548730000000004,-0.0014946061339999998,-0.0030894113599999997,6.84871323e-06,4.67446828e-05
355,1702878600,0.35757753000000003,0.35760430200000004,0.0033001805706999996,-1.2860889500000003,1.1321970499999998,0.5186743229999999,0.882214424,0.8279127690000001,0.015600397050000001,0.19254760800000004,2.7486666600000006e-05,8.001194554999998e-07,8.209583147e-07,9.934091368e-07,1.424754957e-06,1.915895666e-06,2.945028847e-06,6.424930110000001e-06,0.17739386299999998,0.00135837842,2.0473706549999997e-05,63.69961799999999,50.793003899999995,1.1893032350000001e-05,6.170405390000001,0.009279165950000001,3.7583807200000003,0.00024170303070000006,2.120854085e-05,0.0194169751,15.5985786,0.00024170303070000006,2.120854085e-05,0.006002550359999999,6.10869889,0.00024170303070000006,2.120854085e-05,0.0013942490100000001,5.364218446,0.00024170303070000006,2.120854085e-05,0.00519005869,1.4909379200000001e-06,2.81821411e-05,-0.01423447260000001,37.1297402,0.011162046399999999,-0.0035781556900000002,-0.00400557999,1.40232222e-06,1.7433491500000002e-05
355,1702879200,0.29521854799999997,0.29524525599999996,0.004114783950000001,-1.2873253300000003,1.0258438249999997,0.46801084299999995,0.7910116440000001,0.7385100499999999,0.01444776841,0.160276722,2.7198411899999998e-05,5.86135225e-07,6.45398012e-07,8.4041756e-07,1.180621541e-06,1.6417624559999999e-06,2.755756343e-06,6.0252237e-06,0.1465310837,0.0010402487440000002,2.377388874e-05,65.21602,50.8422798,9.81408241e-06,6.368833959999999,0.00838445387,3.1365355399999997,0.00024360764169999998,2.1368134590000002e-05,0.01745965955,12.930347990000001,0.00024360764169999998,2.1368134590000002e-05,0.005997680649999999,6.02741324,0.00024360764169999998,2.1368134590000002e-05,0.0013369252760000003,5.24300687,0.00024360764169999998,2.1368134590000002e-05,0.0052109222899999995,1.66660474e-06,2.8414510399999998e-05,0.0340410373,53.244662700000006,0.013483944549999998,-0.00376520687,-0.0041547628299999995,1.7373854700000001e-06,1.9601417199999998e-05
355,1702879800,0.13783931320000004,0.1378657545,0.0119690648,-1.13006929,0.7912741520000001,0.315034691,0.570879932,0.524265997,0.007530384209999999,0.0811234196,2.6665014299999996e-05,2.8253852400000003e-07,4.22978382e-07,5.6792958e-07,6.33050228e-07,8.903552090000001e-07,1.71309289e-06,3.56408197e-06,0.06751751980000001,0.00137467552,1.91433356e-05,69.0531475,52.02972609999999,4.5786285e-06,6.61907408,0.00582755139,1.5304265,0.0001283602206,1.0855112439999999e-05,0.011977903650000002,5.94576037,0.0001283602206,1.0855112439999999e-05,0.00573506258,3.37000381,0.0001283602206,1.0855112439999999e-05,0.000980126301,2.621392926,0.0001283602206,1.0855112439999999e-05,0.005203922430000001,2.13832787e-06,2.8568125999999996e-05,0.05721142500000002,57.15680809999999,0.0139120471,-0.00391573998,-0.004266874330000001,2.21563181e-06,2.3687148300000002e-05
355,1702880400,0.146777347,0.146804142,0.0112044908,-1.2072262100000002,0.798511878,0.329590044,0.576317594,0.534766329,0.006571920299999999,0.0880367495,2.7129708500000002e-05,5.232916209999999e-07,9.202608770000001e-07,1.180890506e-06,1.1722431729999998e-06,1.1205775550000003e-06,2.3466962e-06,6.527334970000001e-06,0.0723275524,0.00101722708,2.97694876e-05,68.45720649999998,51.4145356,4.87610407e-06,6.70192777,0.00613380197,1.71622786,0.00012243902209999998,1.0343181475000001e-05,0.012424085449999999,6.397128320000001,0.00012243902209999998,1.0343181475000001e-05,0.00571125494,3.13076269,0.00012243902209999998,1.0343181475000001e-05,0.0010153716800000003,2.3712008763,0.00012243902209999998,1.0343181475000001e-05,0.005358756930000001,5.3045918199999995e-06,3.21016909e-05,-0.12352247267999998,48.805994500000004,0.013938124300000002,-0.00286079645,-0.003786335808,2.29352402e-06,2.27435357e-05
355,1702881000,0.1421192006,0.14214595479999997,0.010714628149999999,-1.22882951,0.792736702,0.32542588100000003,0.563304693,0.5211534090000001,0.00751894122,0.0821797491,2.6942309800000002e-05,2.247775856e-07,3.35116975e-07,4.4502556699999997e-07,5.409426820000001e-07,7.659495129999999e-07,1.488236574e-06,3.06315158e-06,0.070093178,0.000942125996,1.7221935399999997e-05,67.16049890000001,51.374571399999994,4.72395171e-06,6.504258139999999,0.00599536956,1.58091352,0.000134555003,1.139346038e-05,0.012216531700000002,6.201536669999999,0.000134555003,1.139346038e-05,0.00574131684,3.3624666299999992,0.000134555003,1.139346038e-05,0.000955161434,2.6124564169999998,0.000134555003,1.139346038e-05,0.00522445963,1.87128435e-06,2.8620227900000003e-05,0.0922511667,65.0164699,0.015324223650000001,-0.003983602059999999,-0.004306330079999999,2.1985252600000004e-06,2.41111087e-05
355,1702881600,0.1292244146,0.129251355,0.01004773998,-1.106847713,0.831775379,0.31218856400000006,0.527716107,0.49190251699999993,0.010408520869999998,0.1180726258,2.7381804e-05,5.202748200000001e-07,6.65724289e-07,1.180678478e-06,1.063884812e-06,1.5017767379999999e-06,4.430520005e-05,5.409428020000001e-06,0.0633639995,0.0011316502,6.14459045e-05,65.8664512,51.7450737,4.290714680000001e-06,6.8026187899999995,0.006917885539999999,2.4670696399999996,0.00011909756149999998,9.970919e-06,0.0116552203,5.66388553,0.00011909756149999998,9.970919e-06,0.00569220543,2.91434513,0.00011909756149999998,9.970919e-06,0.0008755969829999999,2.1461541699999995,0.00011909756149999998,9.970919e-06,0.00526582861,5.2844429200000004e-06,3.22098359e-05,-0.22696532999999994,113.76329545000002,0.027333304800000003,-0.0028047583,-0.0033340974000000004,4.53868374e-06,4.79267214e-05
355,1702882200,0.165446301,0.165473394,0.006965058129999998,-1.3603238,0.841750685,0.36079717899999997,0.5921805599999999,0.543541593,0.00847534464,0.0940413874,2.7403721700000002e-05,3.574902725e-07,4.77309664e-07,1.3624877299999998e-06,7.94275529e-07,1.1762726360000001e-06,9.88427185e-05,3.79671747e-06,0.081093172,0.0014087702800000001,0.00011407700419999999,69.0081686,51.72682590000001,5.49590334e-06,6.72073718,0.00908780035,3.98978208,0.0001205610144,1.0234384870000001e-05,0.013161725199999998,7.195633979999999,0.0001205610144,1.0234384870000001e-05,0.00578835635,3.5278604799999997,0.0001205610144,1.0234384870000001e-05,0.000987730873,2.721565998,0.0001205610144,1.0234384870000001e-05,0.005276621269999999,7.118339029999999e-06,3.42480216e-05,0.014421780199999993,4.78524298,0.0168449747,-0.0011809908700000002,-0.00193074365,2.36063579e-06,2.5955718299999997e-05
355,1702882800,0.14468964180000002,0.14471649439999998,0.00849966765,-1.28406993,0.823450115,0.333104533,0.555541949,0.5102405729999999,0.01082812059,0.09144873610000001,2.71294931e-05,3.64011166e-07,5.377109989999999e-07,1.3770115569999998e-06,8.40657388e-07,1.146768141e-06,6.217832275999999e-05,4.93064746e-06,0.07107891289999999,0.001115020205,7.9199456e-05,67.25932759999998,51.5334829,4.80422099e-06,6.782548920000001,0.007641074959999999,2.9850536600000006,8.647246549999999e-05,7.04074829e-06,0.0122828624,6.3523995,8.647246549999999e-05,7.04074829e-06,0.00563964084,2.5226274699999998,8.647246549999999e-05,7.04074829e-06,0.0008591304169999999,1.7368569500000004,8.647246549999999e-05,7.04074829e-06,0.005283183679999999,6.25220267e-06,3.3108179499999996e-05,0.012400141799999992,21.29296243,0.017322003899999997,-0.001910007786,-0.00264823945,2.60349351e-06,2.62072689e-05
355,1702883400,0.279671935,0.279698901,0.00603129144,-1.3436532500000002,1.016656033,0.464720512,0.770273516,0.7085466219999998,0.0195916804,0.16679915,2.7469486999999996e-05,5.672749525e-07,5.921293480000002e-07,8.344352719999998e-07,1.095835744e-06,1.4594935670000002e-06,2.6018886799999996e-06,5.25313994e-06,0.13927582099999997,0.000526519167,2.0708103e-05,62.5704564,50.4033807,9.301281690000001e-06,6.22736991,0.0082975879,3.0523551,0.0001795823303,1.5617488437e-05,0.017143409199999998,12.372348299999999,0.0001795823303,1.5617488437e-05,0.00591696578,5.014124356000001,0.0001795823303,1.5617488437e-05,0.0012175220399999998,4.231158998,0.0001795823303,1.5617488437e-05,0.00522993732,1.8752488199999997e-06,2.8857839999999996e-05,0.039551125850000014,34.69341959999999,0.012933064599999999,-0.0035064668,-0.004009724639999999,1.5554319e-06,1.89876772e-05
355,1702884000,0.22343811100000002,0.22346508099999998,0.00869652739,-1.21819884,1.161935486,0.413786923,0.680570781,0.630956761,0.0226629258,0.18525623600000002,2.7416938800000002e-05,5.454533555e-07,6.775824503999999e-07,1.076248057e-06,1.370108428e-06,1.9809848859999998e-06,3.7494325249999998e-06,7.66688445e-06,0.1107451035,0.000928857116,2.7521006699999997e-05,64.9187442,50.8265308,7.424566749999999e-06,6.460692180000001,0.00736543787,2.53886814,0.0001893619454,1.644201743e-05,0.01524526065,9.85310092,0.0001893619454,1.644201743e-05,0.0058619332699999995,4.42521043,0.0001893619454,1.644201743e-05,0.0011241552600000002,3.6853126400000003,0.0001893619454,1.644201743e-05,0.00523502635,4.4764273400000005e-06,3.1366858099999996e-05,0.033271338799999994,182.4498579,0.03671923205,-0.0035974169399999993,-0.00406213741,9.715458179999999e-06,0.0001058225335
355,1702884600,0.272850512,0.272877679,0.0034969082,-0.524134747,1.8096552430000004,0.444008155,0.72849721,0.6857459340000001,0.04419149873,0.39032621599999995,2.8929827700000004e-05,1.933397464e-06,2.4501538119999996e-06,3.3837086209999997e-06,4.422639784e-06,6.885775910999999e-06,1.272194842e-05,2.8323705449999994e-05,0.13358345,0.0026596460499999997,0.0001202430744,72.2542157,51.78141479999999,9.01453958e-06,7.121241329999999,0.00827147088,4.0366832,0.0002517842163,2.215590812e-05,0.0165837624,11.934847399999999,0.0002517842163,2.215590812e-05,0.00612672569,7.503771180000001,0.0002517842163,2.215590812e-05,0.0014155038049999998,6.710017065000001,0.0002517842163,2.215590812e-05,0.00540916637,1.1810368540000001e-05,3.9008666499999996e-05,0.023825547000000037,232.85537559999997,0.06363939105,-0.0034285375799999996,-0.003933504689999999,2.4998802614999995e-05,0.0002376888603
355,1702885200,0.21626664299999998,0.21629368499999999,0.00647276416,-1.29973376,0.9298033809999999,0.406772038,0.6861209479999999,0.633281833,0.012492307950000002,0.1293593698,2.74531867e-05,4.673746254e-07,5.04100308e-07,7.2611424e-07,8.402382060000001e-07,1.160801301e-06,2.262452807e-06,4.25530879e-06,0.1071480218,0.0009582530109999999,1.6401411200000002e-05,65.5836706,50.9365784,7.191019270000001e-06,6.25380993,0.00717422444,2.2846593099999994,0.000196043182,1.700391775e-05,0.0150352239,9.36421761,0.000196043182,1.700391775e-05,0.005927258959999999,4.750004949999999,0.000196043182,1.700391775e-05,0.0011865169900000003,3.97558407,0.000196043182,1.700391775e-05,0.005219907340000001,1.5043512600000004e-06,2.8516299e-05,0.04193545590000001,27.283595100000003,0.008877721750000001,-0.0036215304099999996,-0.00409770816,1.2740770900000001e-06,1.76396918e-05
355,1702885800,0.507436112,0.507462798,0.00503190011,-0.11068923599999995,1.9735727669999998,0.57381127,0.977767324,0.782873912,0.12299216620000002,0.5519009309999999,2.7444321699999996e-05,1.3174401985999998e-06,2.250349925e-06,4.1988877155e-06,7.521268933000001e-06,1.2829728852e-05,2.991147188e-05,8.465033637e-05,0.2373220424,0.015784241696,0.00046827544389999997,78.3276513,55.06215189999999,1.661759427e-05,7.19757159,0.011084388550000001,8.983698830000002,0.0011104159085,0.00010100254889999999,0.020624364000000003,21.3822248,0.0011104159085,0.00010100254889999999,0.006414804139999999,21.345350309999997,0.0011104159085,0.00010100254889999999,0.002003890771,21.079875445,0.0011104159085,0.00010100254889999999,0.00609062244,3.602793347e-05,6.27163789e-05,-0.01032720956,29.578417899999998,0.0487727975,0.0005238829920000002,-0.002655008283,2.2467266569999998e-05,0.0001238814859
355,1702886400,0.837631657,0.837658499,0.001131090257,-1.46483846,1.58772345,0.820762455,1.23930034,1.188861296,0.039595862100000004,0.45915450599999996,2.78982271e-05,1.3247781159999998e-06,1.377607067e-06,1.9048974290000005e-06,2.9260885830000004e-06,4.065692184e-06,7.59074609e-06,1.832001019e-05,0.416894337,0.0018064258399999999,7.650275343e-05,64.0243806,50.3937008,2.78456805e-05,6.08163009,0.0145347124,9.25804895,0.000781198227,7.056425910000001e-05,0.029751293800000002,37.031681199999994,0.000781198227,7.056425910000001e-05,0.0065121052700000005,15.761540829999998,0.000781198227,7.056425910000001e-05,0.00213239121,15.235677970000001,0.000781198227,7.056425910000001e-05,0.00526995278,4.619743840000001e-06,3.1454600699999997e-05,0.0514813242,14.53810114,0.017554276540000004,-0.00277145701,-0.0035160370100000005,4.084344586e-06,3.76457881e-05
355,1702887000,0.588347879,0.5883746000000001,0.000806857219,-1.49379702,1.27938909,0.6836427690000001,1.045756919,1.005218178,0.013207985900000002,0.295694249,2.7937024099999998e-05,1.3956902869999998e-06,1.434466938e-06,1.7108286500000004e-06,2.490315228e-06,3.1983366e-06,5.29352649e-06,1.151574722e-05,0.29349101499999997,0.0006187006989999999,3.59773519e-05,63.1093053,50.21959879999999,1.9569382149999994e-05,6.29312566,0.0121355153,6.394495269999998,0.0005712210595000001,5.134104830000001e-05,0.0249234752,26.186136400000002,0.0005712210595000001,5.134104830000001e-05,0.006400234379999999,11.859140440000001,0.0005712210595000001,5.134104830000001e-05,0.0018997348100000002,11.29744633,0.0005712210595000001,5.134104830000001e-05,0.0051977902999999995,1.7117280700000002e-06,2.84731591e-05,0.11464132500000002,23.1118521,0.011032732360000002,-0.0033413208299999998,-0.00385131165,1.2071951599999999e-06,1.69092431e-05
355,1702887600,0.536519542,0.536546364,0.0014123848030000003,-1.48696181,1.2666761500000001,0.656750325,1.00386811,0.957966756,0.01988252475,0.285671318,2.7600047500000003e-05,9.63312742e-07,1.0296911659999998e-06,1.3263585239999998e-06,1.87811696e-06,2.4751030700000006e-06,4.3020336e-06,1.0850893500000002e-05,0.267425712,0.0007727534059999999,3.76924409e-05,62.6776107,50.2932207,1.7842454300000003e-05,6.318159710000001,0.01163006285,5.84744427,0.0006048187675,5.442595737e-05,0.023892382499999996,23.8086409,0.0006048187675,5.442595737e-05,0.006382213320000001,12.022393059999999,0.0006048187675,5.442595737e-05,0.0018568666899999998,11.41763933,0.0006048187675,5.442595737e-05,0.00524800916,2.68155046e-06,2.9606429799999997e-05,0.008619060600000006,27.6764,0.013096791600000001,-0.00323124105,-0.0037773187700000004,1.7075873e-06,2.01558993e-05
355,1702888200,1.1531511460000001,1.153177978,0.0021255286599999998,-1.211941478,2.31232057,0.9318151520000001,1.4401189600000002,1.3487661499999999,0.17508617860000003,1.5107764989999999,2.9516815299999998e-05,3.2495654699999997e-06,3.668874938e-06,4.9669320946e-06,7.17505012e-06,1.0857963811999999e-05,2.1288936747e-05,5.065150674e-05,0.5747551870000001,0.001583877291,0.00013192288640000003,61.1104822,50.260944900000005,3.82924521e-05,6.2925887199999995,0.01665931505,13.46297625,0.000529511,4.7595511029999995e-05,0.033710098200000004,50.517362,0.000529511,4.7595511029999995e-05,0.006462462300000001,14.29471173,0.000529511,4.7595511029999995e-05,0.0021975003160000003,13.542375681500001,0.000529511,4.7595511029999995e-05,0.00533340863,1.589815534e-05,4.26731345e-05,0.36933416760000004,118.30667353000001,0.059106032659999995,-0.00209737852,-0.0029358085799999997,5.2310927749999985e-05,0.00056534770715
355,1702888800,1.440718666,1.440745212,0.00588276477,-1.22909855,2.66689391,1.032452803,1.6302122399999999,1.5034584,0.2133811961,1.5206176599999999,2.84931088e-05,2.378882258e-06,2.3989753265000005e-06,3.4507984995e-06,5.661576664e-06,8.486834889999999e-06,2.3724417033999997e-05,7.401590346999999e-05,0.7178622349999999,0.002087265505,0.000287767998,63.15587559999999,50.3014042,4.78486616e-05,6.158009739999999,0.0192483075,18.50494474,0.0009474724536,8.578984868999999e-05,0.0376797146,63.4788247,0.0009474724536,8.578984868999999e-05,0.006778824559999999,21.058189199999997,0.0009474724536,8.578984868999999e-05,0.00268767816,20.591868849999997,0.0009474724536,8.578984868999999e-05,0.005356385619999999,9.68999537e-06,3.61717164e-05,0.015075788409999994,13.4228343053,0.020654813220000002,-0.0007602417280000002,-0.0018421107050000003,3.4833760600000004e-06,3.6321896000000004e-05
355,1702889400,0.8272623099999998,0.827288821,-6.8041876000000855e-06,-1.4689737,1.5035708700000001,0.8157057950000001,1.27091376,1.2127120000000002,0.026210651699999997,0.409537787,2.8103395700000007e-05,1.829503108e-06,1.847069452e-06,2.230533758e-06,3.2056561050000004e-06,4.0828266860000006e-06,6.583397593999999e-06,1.4104782230000001e-05,0.41246438799999996,0.000958765663,0.00017253646,62.5980723,50.2587053,2.75162222e-05,6.20949581,0.014378914199999999,8.8102622,0.0008666554534000001,7.840446133999999e-05,0.0297816125,36.5457574,0.0008666554534000001,7.840446133999999e-05,0.006680698330000001,18.0695312,0.0008666554534000001,7.840446133999999e-05,0.00232585452,17.54524867,0.0008666554534000001,7.840446133999999e-05,0.00516547136,1.79017764e-06,2.83090398e-05,0.2584469383,23.009961389999997,0.011881382720000002,-0.00307140236,-0.00365377177,1.0607725210000002e-06,1.5856915700000003e-05
355,1702890000,0.8846381689999999,0.884664731,-0.00041780511000000036,-1.4380794900000002,1.5713729799999998,0.834214763,1.3226653800000001,1.23832531,0.04198647950000001,0.45814552300000005,2.8351901399999998e-05,2.121238256e-06,2.16976157e-06,2.6690260540000005e-06,3.90940861e-06,6.312061209999999e-06,8.64915353e-06,1.856702364e-05,0.441571597,0.000486121672,0.00021518360199999998,62.008879,50.1583328,2.94083014e-05,6.364717050000001,0.0148467559,9.531229129999998,0.0005906633573000001,5.3144521223e-05,0.030573439199999997,39.2843834,0.0005906633573000001,5.3144521223e-05,0.00643572628,13.632397859999998,0.0005906633573000001,5.3144521223e-05,0.002073742204,12.945753468000001,0.0005906633573000001,5.3144521223e-05,0.0051706211,2.7573651e-06,2.9321748e-05,-0.017183532199999997,10.79771854,0.01143057262,-0.0026043542900000003,-0.00320121582,1.2395350909999999e-06,1.796751795e-05
355,1702890600,0.812974187,0.8130010130000003,-0.013420382149999998,-1.46020357,1.5336092899999998,0.8055992740000001,1.24308795,1.19332392,0.026515562600000004,0.428479167,2.80964143e-05,1.480066543e-06,1.4958750094e-06,1.8518131030000002e-06,2.7815881000000002e-06,4.3727336530000005e-06,5.83991357e-06,1.3229364989999998e-05,0.40616127,7.64507635e-05,0.000217015685,60.36932210000001,50.0603661,2.7042461400000004e-05,6.095338719999999,0.014290331649999998,8.649335330000001,0.0006684462699000001,6.0276534879999996e-05,0.029427967299999996,35.857625,0.0006684462699000001,6.0276534879999996e-05,0.006594341250000001,14.983204169999999,0.0006684462699000001,6.0276534879999996e-05,0.0022031906699999998,14.443275619999998,0.0006684462699000001,6.0276534879999996e-05,0.0051908417200000005,2.41768061e-06,2.9155375899999995e-05,0.013474005,16.58063387,0.01226685999,-0.00282993122,-0.0034073474,1.2928610899999998e-06,1.89426836e-05
355,1702891200,0.7313206179999999,0.7313474699999999,-0.0083456618,-1.47897268,1.40981801,0.767943366,1.1864237100000001,1.1406723199999997,0.01479521275,0.35245504699999997,2.8239344900000004e-05,1.608023452e-06,1.6263649989999998e-06,1.977765439e-06,2.8849713829999995e-06,3.6814291599999995e-06,6.0538476399999996e-06,1.3127229570000001e-05,0.364579039,0.0008458484289999999,0.00020299364099999996,63.5473399,50.267887200000004,2.43174091e-05,6.22384795,0.013579892,7.8283960100000005,0.00048220184719999996,4.321303505e-05,0.028050418099999995,32.3674016,0.00048220184719999996,4.321303505e-05,0.006386024,11.707227409999998,0.00048220184719999996,4.321303505e-05,0.00193861528,10.99530806,0.00048220184719999996,4.321303505e-05,0.00519815452,1.66220291e-06,2.85323591e-05,0.008887181799999996,12.066901099999999,0.00853233712,-0.003199105,-0.00373802174,1.16221924e-06,1.56938143e-05
355,1702891800,0.6495851079999999,0.6496120459999999,0.0003646129700000004,-1.2895836200000002,1.4658822400000002,0.701702466,1.19129888,1.0982210279999998,0.030614709299999997,0.339393524,2.80348188e-05,1.2064836949999998e-06,1.2165790233999998e-06,1.4535066188999998e-06,2.1398227859999997e-06,2.7242907159999997e-06,4.187432166999999e-06,9.3393379e-06,0.321032663,0.0035413230999999995,0.00019517436200000002,67.4631271,51.1971134,2.1605323100000003e-05,5.93268256,0.01249182,6.96196653,0.000426870726,3.81141328e-05,0.0261053111,28.4982098,0.000426870726,3.81141328e-05,0.006403427790000001,10.79338913,0.000426870726,3.81141328e-05,0.0019290493699999998,10.052946160000001,0.000426870726,3.81141328e-05,0.00521135101,2.14728262e-06,2.90684715e-05,-0.3041603952,44.28363093,0.016254368999999998,-0.00312074574,-0.0036855265300000002,1.8039164299999999e-06,2.25040365e-05
355,1702892400,0.5800899260000001,0.580116749,0.0007687255500000001,-1.3071853199999999,1.37377943,0.666322793,1.12728438,1.05145708,0.019252796300000003,0.303448612,2.76343083e-05,9.6666044e-07,9.548081454e-07,1.189144343e-06,1.8854261800000003e-06,2.3918436950000003e-06,3.67557442e-06,8.61239669e-06,0.28612707699999995,0.003726755360000001,0.000170646329,69.2949013,51.3911877,1.9292949e-05,6.045833099999999,0.011703148,6.09181496,0.0004743584054000001,4.2509399860000006e-05,0.0246205485,25.064804599999995,0.0004743584054000001,4.2509399860000006e-05,0.006311242139999999,10.46037207,0.0004743584054000001,4.2509399860000006e-05,0.00183088174,9.79593917,0.0004743584054000001,4.2509399860000006e-05,0.00519704379,2.24464744e-06,2.9007034599999998e-05,-0.02413664379999998,102.33916822,0.0200516733,-0.00323422892,-0.00373980146,3.79788948e-06,4.533313870000001e-05
355,1702893000,0.727155767,0.7271823180000001,0.00729269129,-1.3550884,1.52119647,0.7512550969999999,1.24398798,1.1772359299999997,0.021974437399999998,0.372107261,2.7820104800000002e-05,1.437762449e-06,1.4483877716000002e-06,1.8592446559999997e-06,2.699879153e-06,3.792041231e-06,8.531689729999999e-06,3.2016440899999994e-05,0.360428036,0.00292439666,0.00017239544600000003,66.0381393,50.8753139,2.41832915e-05,6.28214506,0.0132733462,7.849985569999999,0.0005608119620000001,5.03690458e-05,0.0275883424,31.271545599999996,0.0005608119620000001,5.03690458e-05,0.006455219420000001,12.536757689999998,0.0005608119620000001,5.03690458e-05,0.00209093092,11.933500080000002,0.0005608119620000001,5.03690458e-05,0.00520065403,3.66144708e-06,3.0353694700000005e-05,-0.07760886108000002,101.35460989,0.027463433099999997,-0.0026037967999999996,-0.0032249296900000004,4.728878830000001e-06,5.52739435e-05
355,1702893600,0.526710507,0.526737098,0.0169147401,-1.22628007,1.3793296000000002,0.623215121,1.0973210100000002,1.02003114,0.022818005,0.271978741,2.7211754699999998e-05,8.0508373e-07,8.527975206e-07,1.107111636e-06,1.685791741e-06,2.65943325e-06,8.86911782e-06,2.40208134e-05,0.259668444,0.00346466641,0.000181492744,67.9919375,51.386966599999994,1.7507839999999998e-05,6.26403602,0.011489158099999999,5.993779679999999,0.0005113530679999999,4.58615708e-05,0.023519804900000003,22.948417799999998,0.0005113530679999999,4.58615708e-05,0.00636972019,10.97436384,0.0005113530679999999,4.58615708e-05,0.00188944096,10.350941930000001,0.0005113530679999999,4.58615708e-05,0.0052162284,4.064810099999999e-06,3.0639541200000006e-05,-0.20427289017999994,94.43245351,0.026217181200000002,-0.00261071533,-0.0032650360900000003,3.53701209e-06,3.96492491e-05
355,1702894200,1.4819295899999998,1.48195627,0.00222703963,-1.36566158,2.03421211,1.069261863,1.7661913999999999,1.6644883199999998,0.0538722201,0.723539114,3.0606871200000004e-05,4.4483354e-06,4.532433101500001e-06,5.315333245e-06,7.50749579e-06,9.337936444e-06,1.901592426e-05,4.3101014300000006e-05,0.738112156,0.0025424361200000003,0.00021287799,61.4782288,50.370050500000005,4.92859374e-05,5.986003800000001,0.019240756300000002,16.1220108,0.0013212438680000002,0.00011999549030000003,0.0396771309,65.3621361,0.0013212438680000002,0.00011999549030000003,0.0069432865199999996,25.4168787,0.0013212438680000002,0.00011999549030000003,0.0028258764499999997,25.162940749999997,0.0013212438680000002,0.00011999549030000003,0.005203221690000001,4.706288630000001e-06,3.13658176e-05,-0.2685419013,82.93212619999997,0.026827098240000003,-0.0021151030600000003,-0.0029149725200000006,4.422957111000001e-06,5.286518349999999e-05
355,1702894800,2.26613158,2.2661587699999997,-0.00621867026,-1.3671429,2.42373651,1.3294056699999999,2.18136658,2.05217517,0.0694194588,1.06574116,3.26084881e-05,6.152688764999999e-06,6.274042399599998e-06,7.455580765999999e-06,1.0290902530000001e-05,1.295829855e-05,2.0301063376000002e-05,4.1263120150000004e-05,1.12775195,0.0049336156899999995,0.000270012883,62.31540100000001,50.4645432,7.53620005e-05,5.9225595900000005,0.023652280300000002,24.222129,0.001740214336,0.00015840775889,0.049198594,100.2496821,0.001740214336,0.00015840775889,0.00744992582,38.206899799999995,0.001740214336,0.00015840775889,0.0035105128800000003,37.81998787,0.001740214336,0.00015840775889,0.00522036702,4.07603252e-06,3.10824684e-05,0.19518108057900002,26.71652082,0.01647330577,-0.00183517926,-0.0028799251800000003,2.3379937099999997e-06,3.08036772e-05
355,1702895400,1.51234851,1.51237537,-0.0041339939579999995,-1.33868836,2.04051229,1.082740617,1.80871772,1.69280166,0.0410691797,0.715149,2.9198683800000002e-05,2.78553706e-06,2.7825035739999997e-06,3.350908694e-06,5.0578064900000006e-06,6.222023873999999e-06,1.004736553e-05,2.155688252e-05,0.7475835399999999,0.008332489949999999,0.00020409328800000001,66.6717136,51.142553400000004,5.030185959999999e-05,5.96881091,0.0190621874,16.020980099999996,0.001156980123,0.00010492481409999999,0.0400257163,66.0942791,0.001156980123,0.00010492481409999999,0.007123167079999999,26.0532332,0.001156980123,0.00010492481409999999,0.0029797052899999997,25.54826804,0.001156980123,0.00010492481409999999,0.00521939209,3.0718847900000003e-06,3.00676377e-05,0.2473055068,51.45847528,0.02041838825,-0.00241243243,-0.0033007072,2.48574672e-06,3.2712914e-05
355,1702896000,0.9176681350000001,0.9176950320000001,-0.00439956127,-1.2723791299999998,1.6973393099999998,0.836133257,1.4415439600000002,1.3478286499999999,0.01976590425,0.44780424099999994,2.8073650499999996e-05,1.404289733e-06,1.4148390947999997e-06,1.892128037e-06,2.7245120689999995e-06,3.521762052e-06,6.153597610000001e-06,1.33559875e-05,0.449835085,0.0087400346,0.00022717425700000002,70.470646,51.958079,3.05107446e-05,5.96688803,0.014675460300000002,9.6365655,0.0007341864220000001,6.624520732e-05,0.0310331122,39.5413862,0.0007341864220000001,6.624520732e-05,0.00665805243,16.13532777,0.0007341864220000001,6.624520732e-05,0.00231342838,15.548992669999999,0.0007341864220000001,6.624520732e-05,0.0052086646,2.34780206e-06,2.92662899e-05,-0.107362194389,30.74323222,0.013149812299999999,-0.00280837954,-0.0035468198699999997,1.41484764e-06,1.96703782e-05
355,1702896600,0.5791050209999999,0.579132154,0.003345717820000001,-1.14756439,1.40670546,0.64823537,1.18053603,1.09049581,0.0169654608,0.282324091,2.75038336e-05,5.19554873e-07,4.6874034650000004e-07,8.005279650000001e-07,1.114252795e-06,1.3990936150000001e-06,2.9043739230000005e-06,6.245782389999999e-06,0.28062526600000004,0.008678667900000003,0.00023466879299999997,74.80815349999999,53.17193949999999,1.92638934e-05,6.06132,0.0114305548,6.014826820000001,0.000598612079,5.384186289999999e-05,0.0242853503,24.4382687,0.000598612079,5.384186289999999e-05,0.00646599659,12.409680340000001,0.000598612079,5.384186289999999e-05,0.0019689860399999997,11.83545324,0.000598612079,5.384186289999999e-05,0.0052128803,1.92837001e-06,2.8937967900000004e-05,-0.08261681225999999,58.624526579999994,0.01379368679,-0.0031738624600000003,-0.00379616013,2.21062852e-06,2.7544861499999996e-05
355,1702897200,0.23994350099999995,0.23997048799999998,0.02782045296,-0.792675414,1.035969127,0.38607996699999997,0.777323717,0.7045340080000001,0.0134217704,0.1376843194,2.74469761e-05,5.17935567e-07,5.73058071e-07,1.00669426e-06,1.037707336e-06,1.41547378e-06,3.127952e-06,5.5578229200000005e-06,0.11149955880000002,0.00823299476,0.000225343137,76.58066749999999,58.3859613,7.970756149999999e-06,6.53023578,0.00726303616,2.62642147,0.00026173744,2.320469843e-05,0.0148972302,9.81094756,0.00026173744,2.320469843e-05,0.005783606759999999,5.339011270000001,0.00026173744,2.320469843e-05,0.001046400066,4.640320239999999,0.00026173744,2.320469843e-05,0.00523626466,2.2739214199999997e-06,2.9265337e-05,0.0722647753,26.98105616,0.011836273,-0.00325610637,-0.00386879079,1.5427884200000002e-06,1.84275395e-05
355,1702897800,0.431817067,0.431844162,0.014723708343,-1.0403930129999999,1.2959270560000002,0.549496159,1.02280624,0.937566129,0.019597962099999998,0.236640338,2.7624498300000002e-05,6.42300284e-07,6.311218744e-07,9.74749392e-07,1.1566107830000001e-06,1.435416455e-06,2.765249343e-06,5.39697856e-06,0.207931702,0.007730014069999999,0.000233205131,75.44139700000001,54.07900969999999,1.4362896399999996e-05,6.166926129999999,0.00995454089,4.6414737399999995,0.0004008769637,3.579828943e-05,0.020831000199999998,18.32855267,0.0004008769637,3.579828943e-05,0.006211568440000001,8.62066674,0.0004008769637,3.579828943e-05,0.0016250330219999998,7.917105819999999,0.0004008769637,3.579828943e-05,0.005235242,2.34814809e-06,2.9377474699999995e-05,0.027623988900000007,16.85375066,0.00949894686,-0.0031127989,-0.0037864657699999997,1.4148075100000001e-06,1.7245026200000003e-05
355,1702898400,0.46806024700000004,0.468087419,0.0019953430610000003,-1.1723976399999998,1.2940145,0.587932582,1.0577198129999998,0.980542424,0.011230485500000002,0.235786242,2.78720442e-05,8.369410550000001e-07,8.5724396e-07,1.3494513720000002e-06,1.65771817e-06,2.225624582e-06,4.37979458e-06,8.348638379999999e-06,0.22697381799999997,0.006808535830000001,0.00022738417899999998,71.21254610000001,52.9943441,1.5557817599999998e-05,6.37866625,0.01042466665,4.976123589999999,0.000496175649,4.4458436999999996e-05,0.022020788399999998,19.9629755,0.000496175649,4.4458436999999996e-05,0.0063729484900000005,10.44071181,0.000496175649,4.4458436999999996e-05,0.00178848916,9.80177599,0.000496175649,4.4458436999999996e-05,0.00523268961,2.0448180099999998e-06,2.92036321e-05,-0.030240676600000006,21.24767147,0.01023311102,-0.0031806028300000004,-0.0037358849300000003,1.24652239e-06,1.7263791500000002e-05
355,1702899000,0.447770267,0.44779744099999996,0.003743384241,-1.15346898,1.26960125,0.5725558,1.03386905,0.9562791990000001,0.013116677499999998,0.225918864,2.8126815899999995e-05,1.0965542559999999e-06,1.151397701e-06,1.646639086e-06,2.0697715439999998e-06,2.7678865650000005e-06,5.15235703e-06,1.025408566e-05,0.21675385600000005,0.00687114729,0.00023500341899999997,71.2996629,53.2355236,1.48725075e-05,6.549026500000001,0.01007087485,4.684206250000001,0.00038146864190000005,3.39628882e-05,0.0213881817,18.9156388,0.00038146864190000005,3.39628882e-05,0.00627163234,8.90382997,0.00038146864190000005,3.39628882e-05,0.00167953243,8.19872564,0.00038146864190000005,3.39628882e-05,0.005228496189999999,1.7236103400000001e-06,2.8899187400000004e-05,-0.0730968268,18.1573512,0.00875818135,-0.0032152874,-0.0038730145800000004,1.2258921600000001e-06,1.576049055e-05
355,1702899600,0.307861199,0.30788849100000004,0.00834321375,-0.925724518,1.127809427,0.45543675399999994,0.856563652,0.772073561,0.01685387523,0.17917497320000003,2.7599862400000002e-05,3.7980790500000003e-07,3.9574340799999994e-07,7.791419340000001e-07,7.45433644e-07,9.479628859999998e-07,2.316351211e-06,4.19799709e-06,0.14619157859999998,0.00750840446,0.000220265329,77.40007449999999,56.4802337,1.02380787e-05,6.232033400000001,0.00812958486,3.2822998899999996,0.0003976659356,3.5451125170000006e-05,0.0170239903,12.792416769999999,0.0003976659356,3.5451125170000006e-05,0.00620929573,8.42141718,0.0003976659356,3.5451125170000006e-05,0.001503446064,7.708855955999999,0.0003976659356,3.5451125170000006e-05,0.0052567703200000005,1.9841579400000003e-06,2.9310201999999998e-05,0.0644849131,59.3486755,0.014402982250000002,-0.00334179021,-0.00394256434,1.8781466699999997e-06,2.3258716999999998e-05
355,1702900200,0.16138091899999998,0.16140801,0.02091927805,-0.71581028,0.9195655509999998,0.317329726,0.671420514,0.604030935,0.008148360940000002,0.0956084319,2.73304374e-05,2.621652525e-07,3.4055719399999996e-07,6.41338855e-07,5.22108018e-07,6.61735393e-07,1.8235917199999998e-06,3.1027551099999998e-06,0.0730733986,0.007381489449999999,0.000227822829,82.5529596,59.370687399999994,5.358351e-06,6.547143459999999,0.00606797361,1.7994131899999999,0.0002267930124,1.983862418e-05,0.01246691795,6.4351483,0.0002267930124,1.983862418e-05,0.0059583113,5.06587793,0.0002267930124,1.983862418e-05,0.001173527535,4.375236299999999,0.0002267930124,1.983862418e-05,0.00524809105,1.99205858e-06,2.9073783e-05,-0.007210760700000008,38.5098474,0.011776730600000002,-0.0036153828100000006,-0.00415116999,1.8122792500000001e-06,2.0223511500000002e-05
355,1702900800,0.175543179,0.17557037,0.0140645688,-0.7240000139999999,0.9456663449999999,0.326889639,0.70333396,0.630319235,0.007239512549999999,0.1006422879,2.7463593499999998e-05,3.26006111e-07,4.01194733e-07,7.951977009999999e-07,6.85041882e-07,8.778182930000002e-07,2.3967431840000002e-06,3.71221657e-06,0.0801421144,0.007560185969999999,5.9702340600000005e-05,79.35340540000001,58.7632503,5.830164500000001e-06,6.58321785,0.0063709486400000005,1.9325345000000003,0.00023828638575000002,2.092057007e-05,0.013053584149999997,7.05908891,0.00023828638575000002,2.092057007e-05,0.00596438198,5.309718370000001,0.00023828638575000002,2.092057007e-05,0.00117431269,4.548511027999999,0.00023828638575000002,2.092057007e-05,0.00525780617,2.1526451e-06,2.93476305e-05,-0.011754098600000002,32.66389986,0.0112499832,-0.0034997981600000004,-0.00402604262,1.6274493699999996e-06,1.96036923e-05
355,1702901400,0.15814102,0.158167918,0.0107110675,-0.747042791,0.9020525320000001,0.313588631,0.6645952860000001,0.5967557200000001,0.007290882139999999,0.0929233012,2.72090177e-05,3.639819471e-07,4.5095858e-07,6.02239836e-07,7.20672274e-07,9.37550455e-07,1.87248488e-06,3.81254246e-06,0.07267048890000001,0.00636277912,2.79489436e-05,77.4484221,58.06787010000001,5.25076142e-06,6.57911492,0.00604747439,1.7490639099999998,0.0001347624507,1.1457994840000002e-05,0.012485013049999999,6.429999570000001,0.0001347624507,1.1457994840000002e-05,0.00571368222,3.3051404,0.0001347624507,1.1457994840000002e-05,0.0009281863860000001,2.549812635,0.0001347624507,1.1457994840000002e-05,0.00521957519,1.42685201e-06,2.82825251e-05,0.09035132969999995,69.9623633,0.012918333799999997,-0.00404270224,-0.004385053349999999,1.79260412e-06,2.2396697100000002e-05
355,1702902000,0.181283007,0.181309575,0.0194009427,-0.8086601380000001,0.9249657469999999,0.33952693399999995,0.7016464179999999,0.632681822,0.00875784176,0.10126880599999999,2.6899096399999997e-05,3.834766829999999e-07,4.79381906e-07,6.16418618e-07,7.79404352e-07,1.0607496209999998e-06,2.084965076e-06,4.55758161e-06,0.0841710931,0.006426764579999999,3.30974346e-05,78.255343,57.486516699999996,6.019701550000001e-06,6.654379919999999,0.006572056079999999,1.9974687799999997,0.0002222326607,1.9427078279999997e-05,0.013314061899999998,7.432654029999999,0.0002222326607,1.9427078279999997e-05,0.00593265546,5.26167828,0.0002222326607,1.9427078279999997e-05,0.0011956018739999999,4.56202658,0.0002222326607,1.9427078279999997e-05,0.005200257200000001,1.59051757e-06,2.8184551500000002e-05,0.0010570269999999923,57.76343010000001,0.0127779076,-0.00396852985,-0.00433381759,1.7733039300000003e-06,2.12642054e-05
355,1702902600,0.386984296,0.38701100200000005,0.01007066747,-1.0527829199999998,1.23367516,0.5198570530000001,0.988380197,0.9082777350000001,0.0112343414,0.205079355,2.72258149e-05,6.06109897e-07,6.6701486e-07,8.62284762e-07,1.163945438e-06,1.497654715e-06,2.8001258659999993e-06,6.053636959999999e-06,0.186624123,0.00681390464,3.9924680999999995e-05,73.8600325,53.571857,1.2861579600000001e-05,6.281837350000001,0.0094417315,4.078112760000001,0.00035109468240000004,3.118759445e-05,0.019928828000000003,16.3457379,0.00035109468240000004,3.118759445e-05,0.00619930672,8.063021860000001,0.00035109468240000004,3.118759445e-05,0.0016188382600000003,7.34014317,0.00035109468240000004,3.118759445e-05,0.0052119049100000005,1.7543554599999997e-06,2.8526546999999994e-05,0.08839901519999997,40.5571246,0.012822166399999998,-0.0035926426,-0.00411095177,1.73979407e-06,2.10435579e-05
355,1702903200,0.22127316700000005,0.221300189,0.01425061568,-0.858020896,1.032819027,0.376097496,0.7645733339999999,0.691408603,0.01162247043,0.1345909035,2.75237895e-05,5.598584129999999e-07,6.461111530000002e-07,7.97938072e-07,9.660402749999998e-07,1.291612786e-06,2.2879962269999995e-06,5.18524368e-06,0.1042285876,0.006364136439999999,3.14195644e-05,74.2204518,56.1414766,7.351248759999999e-06,6.406388869999999,0.00707782935,2.4084837099999996,0.00023894566759999998,2.0936420260000002e-05,0.014745492599999998,9.19701384,0.00023894566759999998,2.0936420260000002e-05,0.005996709330000001,5.59977654,0.00023894566759999998,2.0936420260000002e-05,0.0012661951640000001,4.874746099999999,0.00023894566759999998,2.0936420260000002e-05,0.005242308770000001,1.7962075600000004e-06,2.8772705299999998e-05,-0.09641170569999999,49.286251799999995,0.012641576600000001,-0.00390802615,-0.00429824605,1.99644648e-06,2.12485624e-05
355,1702903800,0.10260165909999999,0.1026283421,0.025284504000000003,-0.6471617239999999,0.809499693,0.250917658,0.5328912490000001,0.462239106,0.010005685410000001,0.07323729729999999,2.68597705e-05,2.4486338789999997e-07,4.0472613999999997e-07,5.56494884e-07,5.00970711e-07,6.606802090000001e-07,1.2179679740000001e-06,2.79929696e-06,0.04714636800000001,0.00412364106,2.41697997e-05,76.8038006,58.380071099999995,3.40666364e-06,6.608380059999999,0.00486346312,1.152078533,0.0001587819462,1.364883164e-05,0.009823396750000001,4.12938747,0.0001587819462,1.364883164e-05,0.00572206868,3.5910716000000003,0.0001587819462,1.364883164e-05,0.0009179782670000001,2.847376326,0.0001587819462,1.364883164e-05,0.0052460925000000005,2.41554121e-06,2.90808988e-05,0.04963254799999997,62.378966000000005,0.014965248200000003,-0.00413706911,-0.004441504759999999,2.6585974799999996e-06,2.4973899700000003e-05
355,1702904400,0.0945817986,0.0946086634,0.0237867999,-0.7434391570000001,0.7847114529999999,0.24805095900000004,0.49666515999999994,0.434938272,0.01057857639,0.07097143079999998,2.71335095e-05,3.5441689799999994e-07,5.24638332e-07,6.873800229999999e-07,6.27519116e-07,8.443780900000001e-07,1.4889200049999999e-06,3.37388871e-06,0.0438032591,0.0034563341900000003,2.30962411e-05,75.8451012,57.90632539999999,3.13931527e-06,6.809679589999999,0.00477879554,1.0967406679999998,0.00016095177340000002,1.3851328240000003e-05,0.0094577594,3.8901243899999995,0.00016095177340000002,1.3851328240000003e-05,0.00576555426,3.68743828,0.00016095177340000002,1.3851328240000003e-05,0.0009338652060000001,2.98028043,0.00016095177340000002,1.3851328240000003e-05,0.005271244659999999,2.51646494e-06,2.94002343e-05,0.2530292995,61.78194869999999,0.016566508299999998,-0.004158441729999999,-0.00447963752,2.82906079e-06,2.55631948e-05
355,1702905000,0.268103168,0.268130124,-0.0005400839700000001,-1.156519345,1.07489531,0.4441229440000001,0.782798879,0.7197969830000001,0.018432973119999998,0.171168064,2.7671056400000003e-05,7.9100229e-07,8.75493975e-07,1.060140811e-06,1.3672832750000002e-06,1.7470165350000003e-06,2.913318156e-06,5.83937014e-06,0.13114022,0.0027570596799999995,0.00013896906735,67.97921670000001,52.16947600000001,8.9117809e-06,6.3526222,0.00791374887,2.86574701,0.00022142660049999998,1.931607145e-05,0.01662790055,11.49772065,0.00022142660049999998,1.931607145e-05,0.00594271235,5.016886120000001,0.00022142660049999998,1.931607145e-05,0.0012624521400000002,4.30795243,0.00022142660049999998,1.931607145e-05,0.0052327946900000005,1.7487191e-06,2.86794801e-05,-0.14943887024,47.226500099999996,0.01184672675,-0.0038139177300000006,-0.004236287369999999,1.8503455600000004e-06,2.1271626100000004e-05
355,1702905600,0.1030991462,0.1031259736,0.055910109799999996,-0.79192729,0.774436143,0.255748634,0.510690588,0.449151214,0.00993924963,0.07188416169999999,2.7183911700000004e-05,4.197514585e-07,5.664840279999999e-07,7.34279598e-07,7.342607909999999e-07,9.91041837e-07,1.6650651130000003e-06,3.5251790700000002e-06,0.04900006920000001,0.0022584168099999994,0.00028205629299999995,72.00057100000001,55.369826599999996,3.4228258799999995e-06,6.751482659999999,0.004888775180000001,1.187102814,8.580793320000002e-05,7.020734539999998e-06,0.009849771249999998,4.306429209999999,8.580793320000002e-05,7.020734539999998e-06,0.005570753130000001,2.2432453199999998,8.580793320000002e-05,7.020734539999998e-06,0.000736875364,1.4711258539999998,8.580793320000002e-05,7.020734539999998e-06,0.00526147497,2.2733548e-06,2.91623636e-05,0.0488195808,61.736497,0.014933622500000002,-0.00418610457,-0.00448307608,2.4436086499999996e-06,2.45492417e-05
355,1702906200,0.0770902739,0.0771169286,0.052763353199999995,-0.7889042620000001,0.685145907,0.22230902800000002,0.45410135599999996,0.40977501099999997,0.0049807053700000005,0.0507877019,2.6825904999999997e-05,1.9051341649999998e-07,3.4499322900000003e-07,4.954113900000001e-07,3.95689698e-07,5.60086843e-07,1.028738141e-06,2.29319671e-06,0.03595486070000001,0.0023291620300000004,0.000255603808,75.6827666,56.538324,2.56035659e-06,6.85216672,0.00431876808,0.911852601,0.0001014182681,8.48056848e-06,0.00870417545,3.16954471,0.0001014182681,8.48056848e-06,0.00562307496,2.5146169800000004,0.0001014182681,8.48056848e-06,0.000791325258,1.7694178939999996,0.0001014182681,8.48056848e-06,0.00523981097,2.50717173e-06,2.91065852e-05,-0.2334364547,60.6115942,0.01445963295,-0.0041617237699999995,-0.004451560110000001,3.1026484700000004e-06,2.64551247e-05
355,1702906800,0.0678720121,0.06789884160000001,0.044645003,-0.757855755,0.666132835,0.209310622,0.42267540100000006,0.37786153899999997,0.00571847063,0.0486092672,2.69454483e-05,1.737118256e-07,3.48991667e-07,4.91307372e-07,3.5388095599999996e-07,4.95232248e-07,9.17613405e-07,2.22494222e-06,0.03166084030000001,0.00202000799,0.000249999509,76.78450959999999,56.507672,2.2540652400000003e-06,6.86088012,0.004037295660000001,0.815093994,8.5715284e-05,7.03183871e-06,0.0081178078,2.7769366399999997,8.5715284e-05,7.03183871e-06,0.00559295542,2.29000292,8.5715284e-05,7.03183871e-06,0.000737782636,1.529183927,8.5715284e-05,7.03183871e-06,0.005272415339999999,2.5862566799999997e-06,2.94458553e-05,-0.0867257684,62.69951689999999,0.015932951,-0.0042205557500000004,-0.0045023771399999996,2.80243618e-06,2.5020710699999998e-05
355,1702907400,0.0256687293,0.025695533799999996,0.1290191804,-0.6212040809999999,0.510653093,0.13244998659999999,0.25647032299999994,0.218444168,0.00437183478,0.0266463108,2.68805093e-05,9.388417150000001e-08,2.37156317e-07,3.70006176e-07,3.3117460000000003e-07,4.18810852e-07,8.43520791e-07,1.7936842500000001e-06,0.01102856735,0.00154205147,0.0002594320959999999,78.6470015,64.19931210000001,8.499492950000001e-07,7.2453280200000005,0.00263052629,0.375292958,3.8512642e-05,2.945223025e-06,0.004613804670000001,0.9821960809999999,3.8512642e-05,2.945223025e-06,0.00538243292,1.4035465939999998,3.8512642e-05,2.945223025e-06,0.00042171611900000005,0.60346109703,3.8512642e-05,2.945223025e-06,0.00526100459,2.26212673e-06,2.9124248199999996e-05,-0.1037867894,71.81388039999999,0.015890413400000004,-0.00435776825,-0.004600053139999999,2.5367089400000005e-06,2.42040447e-05
355,1702908000,0.0240730402,0.0240997048,0.157470372,-0.642189906,0.5141782030000001,0.1312813754,0.24852008700000003,0.209031384,0.0037454395200000002,0.025007296999999994,2.6766104200000002e-05,1.185579225e-07,2.64098792e-07,3.93777513e-07,3.54506284e-07,4.276114800000001e-07,8.61118977e-07,1.8454572300000002e-06,0.010409939140000001,0.0013539178300000002,0.000268267925,78.86879490000001,63.372685300000015,7.96807833e-07,7.23330107,0.0026042971499999996,0.36349322700000003,4.36520534e-05,3.338366573e-06,0.00454115148,0.9408590910000001,4.36520534e-05,3.338366573e-06,0.0053721409,1.37468896,4.36520534e-05,3.338366573e-06,0.00043399115200000004,0.5945497398,4.36520534e-05,3.338366573e-06,0.005243344929999999,2.27557299e-06,2.8941692e-05,-0.05427473699999998,72.2420553,0.016022595100000002,-0.004318595749999999,-0.00457426001,2.59361014e-06,2.43558202e-05
355,1702908600,0.026380191199999996,0.0264069159,0.151738551,-1.1071130580000001,0.48035216300000005,0.14490592,0.247770064,0.21698161899999996,0.0025392954,0.0216860397,2.68216634e-05,1.1689313899999999e-07,2.6095836399999997e-07,4.08448484e-07,3.71706881e-07,4.39620599e-07,9.01869842e-07,1.8981985899999999e-06,0.011572462500000002,0.00133838587,0.000274690114,77.9586409,61.88443440000001,8.738773880000001e-07,7.277620519999999,0.00279911297,0.406930524,3.8959457e-05,2.91145024e-06,0.00490401155,1.0439033939999998,3.8959457e-05,2.91145024e-06,0.00537200461,1.33384592,3.8959457e-05,2.91145024e-06,0.00042985759799999996,0.5484730449999999,3.8959457e-05,2.91145024e-06,0.005253537,2.35325811e-06,2.9112325199999997e-05,-0.33312296935,76.95673489999999,0.0168966423,-0.004359288210000001,-0.00459668121,2.68664212e-06,2.5102412399999998e-05
355,1702909200,0.0185823194,0.018609254600000003,0.178281972,-0.7533694989999999,0.44783866000000006,0.11836574020000001,0.221819273,0.19560597,0.0018484668099999998,0.0154985404,2.7014254599999994e-05,9.43350621e-08,2.2161284700000004e-07,3.53442036e-07,3.44555137e-07,3.5407883499999996e-07,8.48479733e-07,1.56065508e-06,0.007520264479999999,0.00148296185,0.000284055238,81.7150896,67.9297424,6.147816449999999e-07,7.43625004,0.00236906329,0.298849212,5.223229379999999e-05,3.9600961800000005e-06,0.00395782715,0.676243155,5.223229379999999e-05,3.9600961800000005e-06,0.00546465659,1.5512732999999996,5.223229379999999e-05,3.9600961800000005e-06,0.00047973976499999995,0.761854399,5.223229379999999e-05,3.9600961800000005e-06,0.00526560148,2.09528177e-06,2.90713232e-05,-0.14100429179999996,76.18328749999999,0.01496835095,-0.00439278804,-0.00462747968,2.4962447799999997e-06,2.30265469e-05
355,1702909800,0.026624051,0.0266511155,0.17440900299999998,-0.640524022,0.5136531740000001,0.13472733350000002,0.269708241,0.23531968300000003,0.0032460314699999998,0.022736376300000003,2.7131992900000003e-05,7.873672299999999e-08,2.130367514e-07,3.25205643e-07,3.27529562e-07,3.56369066e-07,8.428581239999999e-07,1.7288904099999998e-06,0.01135853166,0.0016504902700000001,0.000298907016,80.5471326,65.33402090000001,8.82316392e-07,7.23224254,0.00274371256,0.408119224,3.82691978e-05,2.7777024950000004e-06,0.004764420399999999,1.033135138,3.82691978e-05,2.7777024950000004e-06,0.005400438509999999,1.288169907,3.82691978e-05,2.7777024950000004e-06,0.00042383323499999996,0.49210884540000005,3.82691978e-05,2.7777024950000004e-06,0.00527692076,2.32588062e-06,2.93391039e-05,-0.016049328999999984,75.7996816,0.0178137829,-0.004346003929999999,-0.004607826089999999,2.93348201e-06,2.7191408e-05
355,1702910400,0.0228179021,0.0228448172,0.164425475,-0.65224517,0.5046154009999999,0.12586936339999996,0.239144793,0.211731465,0.0029053964500000006,0.023970959299999997,2.69704156e-05,6.559885040000001e-08,1.9704098140000001e-07,3.96705211e-07,3.26764797e-07,3.37345717e-07,1.0404384600000002e-06,1.7194554900000001e-06,0.009547845230000001,0.0015725683,0.000284326438,79.621362,67.3934,7.555586800000001e-07,7.31293656,0.0025606036,0.36561456999999997,4.2097515149999996e-05,3.231623773e-06,0.00432108277,0.8685113710000001,4.2097515149999996e-05,3.231623773e-06,0.00539005642,1.38408487,4.2097515149999996e-05,3.231623773e-06,0.000413910402,0.5902225342999999,4.2097515149999996e-05,3.231623773e-06,0.00526617312,2.40516443e-06,2.93377281e-05,-0.004336737999999995,63.294306799999994,0.0163467538,-0.004072013330000001,-0.00451473227,2.52969455e-06,2.43054145e-05
355,1702911000,0.0181267384,0.018153714199999997,0.1286410966,-0.9175162910000001,0.43126315899999995,0.11694462899999998,0.20918139,0.182968081,0.00169837517,0.01576771965,2.7044055800000004e-05,6.92117021e-08,2.0061289899999998e-07,4.894556470000001e-07,3.37874035e-07,3.3558795699999995e-07,1.149501184e-06,1.65130643e-06,0.00727611791,0.00149698384,0.00028580163999999996,83.15694350000001,69.6435752,5.994772700000001e-07,7.3890018600000005,0.00239496019,0.314649646,3.3676998800000004e-05,2.49677817e-06,0.0038637064400000006,0.662046765,3.3676998800000004e-05,2.49677817e-06,0.0053811983899999995,1.280399809,3.3676998800000004e-05,2.49677817e-06,0.00039470682699999993,0.47295674449999997,3.3676998800000004e-05,2.49677817e-06,0.0052701493299999996,2.6254221399999997e-06,2.95838813e-05,0.06794015340000001,60.094941500000004,0.016568945699999997,-0.0038021242499999995,-0.00440628483,2.7196637600000002e-06,2.52659915e-05
355,1702911600,0.0178743014,0.0179010263,0.1306730484,-1.071386698,0.42451295799999994,0.120114532,0.20453124800000003,0.180305507,0.00146694184,0.013545844400000001,2.6832911599999995e-05,1.14006455e-07,2.45245072e-07,5.25675845e-07,4.01075786e-07,4.338126789999999e-07,1.2299713e-06,1.85125372e-06,0.00714314272,0.00148561107,0.000303443336,80.4969558,68.71856160000002,5.90909025e-07,7.428290339999999,0.0024011276199999996,0.31405156500000003,3.80468609e-05,2.8463525449999997e-06,0.0038823878400000003,0.647456521,3.80468609e-05,2.8463525449999997e-06,0.00536013528,1.2829199619999998,3.80468609e-05,2.8463525449999997e-06,0.000387724158,0.4984048918,3.80468609e-05,2.8463525449999997e-06,0.00524389702,2.4923759799999997e-06,2.92192752e-05,-0.07854465899999999,61.470440399999994,0.0165684412,-0.0037980511299999997,-0.00432094992,2.7141258100000002e-06,2.60740702e-05
355,1702912200,0.021386662299999998,0.021413232100000002,0.161506049,-0.8478090110000001,0.496740169,0.12775016499999997,0.229694518,0.202131172,0.0024504779900000003,0.0222770363,2.6686163199999997e-05,1.3039820140000002e-07,2.50743025e-07,5.001609420000001e-07,4.2364619600000003e-07,4.4296468400000004e-07,1.2421930199999998e-06,1.92351645e-06,0.009110351440000001,0.00126663519,0.000311234375,76.7955317,63.8188727,7.07870428e-07,7.338261640000001,0.0025659192100000003,0.346937021,6.02587574e-05,4.750320763e-06,0.0043516256400000005,0.8226653389999999,6.02587574e-05,4.750320763e-06,0.005418999860000001,1.639072471,6.02587574e-05,4.750320763e-06,0.000472133696,0.8709702393999998,6.02587574e-05,4.750320763e-06,0.00523310407,2.43984259e-06,2.9050942599999998e-05,-0.046247600400000005,63.28480390000001,0.0167743111,-0.00393030604,-0.0043684013499999995,2.56175939e-06,2.4839454899999997e-05
355,1702912800,0.01497687405,0.015003284349999998,0.145386803,-0.746005018,0.41502517,0.1069121145,0.191030834,0.16845514099999997,0.0017229139800000002,0.014013769099999998,2.6477009900000003e-05,7.77630965e-08,2.0627070500000002e-07,4.842127330000001e-07,3.4267652e-07,3.60565413e-07,1.1611094549999999e-06,1.7204752699999997e-06,0.005838112570000001,0.00133116468,0.000314606644,81.3822526,70.36999060000001,4.94768321e-07,7.441808490000001,0.00223422601,0.285989304,2.3078821600000004e-05,1.590921679e-06,0.00349048445,0.538094507,2.3078821600000004e-05,1.590921679e-06,0.005277863829999999,1.074976316,2.3078821600000004e-05,1.590921679e-06,0.000330776506,0.2928028214999999,2.3078821600000004e-05,1.590921679e-06,0.005216238989999999,2.5274213000000003e-06,2.89505348e-05,-0.0698992572,59.974314199999995,0.01690095565,-0.00375244063,-0.0043064878699999995,2.6131800199999998e-06,2.5811030200000003e-05
355,1702913400,0.0174539545,0.017480597699999996,0.142375001,-0.5890820860000001,0.437113341,0.11009635209999999,0.21484405999999998,0.184843142,0.0021164504500000006,0.0156041449,2.6732540299999996e-05,9.742503200000001e-08,2.09523285e-07,4.5428605500000006e-07,3.96286673e-07,3.8818072599999996e-07,1.13851549e-06,1.63277004e-06,0.0069555580399999995,0.0014592957200000002,0.00030769793199999997,79.6728324,70.4557334,5.77055023e-07,7.399773200000001,0.0023093445399999996,0.302643,3.022714775e-05,2.14577818e-06,0.00372786119,0.6373926129999999,3.022714775e-05,2.14577818e-06,0.00530716548,1.135581136,3.022714775e-05,2.14577818e-06,0.00034656825699999996,0.35088729005,3.022714775e-05,2.14577818e-06,0.00523461291,2.3741878199999995e-06,2.90223636e-05,-0.16288128699999999,61.1076158,0.0153703312,-0.00390516865,-0.00436918707,2.52327408e-06,2.3903799099999995e-05
355,1702914000,0.0941027609,0.09412952919999999,0.00412543877,-1.110464484,0.720546987,0.26021695699999997,0.45387635699999995,0.418700282,0.00581979113,0.06572424889999999,2.6958973300000005e-05,2.2131183559999997e-07,3.4256486e-07,7.336763120000001e-07,6.15928961e-07,6.819746860000001e-07,1.7816204940000002e-06,2.84235393e-06,0.045353286640000004,0.00154806472,0.0001426106331,72.63635350000001,55.24720550000001,3.1258043619999997e-06,6.854422790000001,0.0047440923300000005,1.12281838,0.00011762969310000001,9.92075632e-06,0.00961136475,4.04523693,0.00011762969310000001,9.92075632e-06,0.005638024730000001,2.7644644640000005,0.00011762969310000001,9.92075632e-06,0.0007999391310000001,2.0153591410000002,0.00011762969310000001,9.92075632e-06,0.005249049510000001,2.8265951e-06,2.9562827299999996e-05,-0.023699705600000003,52.104002300000005,0.017030210499999997,-0.0036009469,-0.00410774082,2.67385331e-06,2.47608079e-05
355,1702914600,0.0742789965,0.07430570350000001,0.004573541104000001,-0.43304447079999997,0.6137062209999999,0.19391473550000002,0.372011359,0.330047582,0.0076553184199999996,0.0495542397,2.70060899e-05,5.22634459e-07,7.66447836e-07,1.3499994689999999e-06,1.116637462e-06,9.335750089999999e-07,2.42780681e-06,5.589743669999999e-06,0.03542226836,0.00167626915,2.7928349899999997e-05,71.30612949999998,61.159804300000005,2.466615127e-06,7.1638847,0.00383495762,0.987001966,6.213619145e-05,5.084724477e-06,0.0072190812399999995,3.1403642330000006,6.213619145e-05,5.084724477e-06,0.00541993326,1.91773922,6.213619145e-05,5.084724477e-06,0.0005965136290000001,1.120601001,6.213619145e-05,5.084724477e-06,0.0053646510400000005,5.6979192e-06,3.24343696e-05,-0.0633431631,46.22997145,0.018604194600000002,-0.0029394648619999997,-0.00400288237,3.873256489999999e-06,2.7994096400000006e-05
355,1702915200,0.33887112100000005,0.338897654,-0.00486844242,-1.39171119,1.0877207199999999,0.515572214,0.837138049,0.787036526,0.013119819599999999,0.186062132,2.70551814e-05,6.801015170000001e-07,8.243127690000001e-07,1.25330107e-06,1.2493022190000002e-06,1.6082399900000001e-06,3.1907166e-06,6.00100864e-06,0.16761263399999998,0.00177771793,2.9865931800000002e-05,66.910103,51.0755958,1.1269911199999999e-05,6.4438451400000005,0.009161821649999999,3.7312901600000004,0.0002412000119,2.1239530163999996e-05,0.018963237899999996,14.977209149999998,0.0002412000119,2.1239530163999996e-05,0.0059570596900000005,6.07481286,0.0002412000119,2.1239530163999996e-05,0.0013488777149999998,5.34027182,0.0002412000119,2.1239530163999996e-05,0.005229015410000001,2.9717715600000002e-06,2.95128982e-05,-0.023145979999999997,37.5914707,0.0151493081,-0.00326991093,-0.0038778773399999996,2.5520837700000003e-06,2.46962583e-05
355,1702915800,0.2211324436,0.2211592787,-0.00273110041,-1.176421148,0.915627973,0.389482017,0.6648953009999999,0.612506192,0.01238660836,0.1307208081,2.74466506e-05,7.145804893999999e-07,8.887478339999999e-07,1.326302746e-06,1.4207034099999999e-06,1.8029925409999999e-06,3.6769803499999994e-06,6.361247860000001e-06,0.10881985949999999,0.0016957225600000001,3.3806404199999996e-05,68.48377339999999,52.5708627,7.346194630000001e-06,6.71921299,0.006853813429999999,2.381558937,0.00010751366004999998,9.0581253e-06,0.014292720599999998,9.49047827,0.00010751366004999998,9.0581253e-06,0.0057502882,3.6665571900000002,0.00010751366004999998,9.0581253e-06,0.001027005556,2.879568537,0.00010751366004999998,9.0581253e-06,0.00525545224,2.8467677e-06,2.96521272e-05,0.09405036520000001,46.08009589999999,0.0160659321,-0.0035524396400000006,-0.004075162130000001,2.55677453e-06,2.4253377700000002e-05
355,1702916400,0.0695196091,0.06954623400000001,0.006190919260000001,-0.9196716229999999,0.661257704,0.21918535499999997,0.417462744,0.381049128,0.00420953337,0.047969872,2.6779733199999997e-05,1.771430245e-07,2.8660803699999997e-07,6.03765434e-07,5.354955530000001e-07,5.85864165e-07,1.596456946e-06,2.48035042e-06,0.0329908308,0.0017395248799999998,2.28050865e-05,72.81246739999999,55.047539500000006,2.30865093e-06,6.9310562099999995,0.0041220263,0.842451449,9.314816515e-05,7.7519332e-06,0.00840479,2.93892833,9.314816515e-05,7.7519332e-06,0.005623582089999999,2.56797931,9.314816515e-05,7.7519332e-06,0.000760662101,1.8006378610000002,9.314816515e-05,7.7519332e-06,0.00522970569,2.40877043e-06,2.90624318e-05,0.032795459500000006,52.9175011,0.01574936885,-0.0037904779299999997,-0.00427658982,2.30035927e-06,2.2776570000000003e-05
355,1702917000,0.0856085979,0.0856351045,0.016848081199999997,-1.050487411,0.678283213,0.247443501,0.456426433,0.41656271899999997,0.004154042040000001,0.05108460520000001,2.66508382e-05,1.706201934e-07,2.7540330599999997e-07,6.98745132e-07,5.26700307e-07,5.82965266e-07,1.7722809650000003e-06,2.60423266e-06,0.041155758800000004,0.00161741157,2.41126516e-05,72.5979182,53.930831,2.8436958300000003e-06,6.83365608,0.00473177949,1.022823527,6.58585234e-05,5.16094655e-06,0.009343449,3.64559295,6.58585234e-05,5.16094655e-06,0.005519398429999999,1.96255409,6.58585234e-05,5.16094655e-06,0.0006899867500000001,1.1820529729999998,6.58585234e-05,5.16094655e-06,0.0052191717000000006,2.6560779200000002e-06,2.91667672e-05,0.0453464762,47.2676626,0.0154164981,-0.0035979391999999997,-0.00406392684,2.4663611e-06,2.44261598e-05
355,1702917600,0.0914102651,0.09143661239999999,0.01201477987,-1.03910935,0.720734502,0.255788179,0.468464303,0.43073815,0.005238189369999999,0.06190425580000001,2.6594589499999996e-05,2.982080944e-07,4.33084682e-07,8.046371830000001e-07,6.67931112e-07,7.71813224e-07,2.0086095e-06,3.1518033200000007e-06,0.04393730469999999,0.00173599028,2.34300622e-05,70.4050554,53.877047100000006,3.03593149e-06,6.796039069999999,0.004848156479999999,1.0788305939999998,8.91030552e-05,7.2866191200000006e-06,0.0096854138,3.9207226500000005,8.91030552e-05,7.2866191200000006e-06,0.00557453251,2.4313259700000005,8.91030552e-05,7.2866191200000006e-06,0.0007675952050000001,1.6581222359999999,8.91030552e-05,7.2866191200000006e-06,0.005205327940000001,2.68876695e-06,2.9000519200000003e-05,0.08068724889999998,47.6324865,0.015940979449999997,-0.00349826723,-0.00415125982,2.69038026e-06,2.51598344e-05
355,1702918200,0.07467416019999999,0.0747006215,0.00247334034,-1.0159112199999998,0.654507485,0.23188029000000002,0.4246254649999999,0.38884936000000003,0.00465080822,0.0493617035,2.6625120999999998e-05,1.99638786e-07,3.2365992599999997e-07,6.114136699999999e-07,5.37848206e-07,6.02507993e-07,1.4552507950000002e-06,2.5450175699999998e-06,0.035688323499999994,0.0016217848,2.0435860000000003e-05,72.42518910000001,54.3658685,2.4804655899999997e-06,6.8621161299999995,0.00421077691,0.878120773,8.021220360000002e-05,6.540928290000001e-06,0.00870602665,3.15500822,8.021220360000002e-05,6.540928290000001e-06,0.00550956672,2.1178318899999997,8.021220360000002e-05,6.540928290000001e-06,0.000674395264,1.3564128690000001,8.021220360000002e-05,6.540928290000001e-06,0.00522005401,2.52684511e-06,2.8989647200000006e-05,-0.01891189500000001,57.0430137,0.016536887700000003,-0.00380637558,-0.00428885986,2.58496161e-06,2.4935856000000003e-05
355,1702918800,0.0673698082,0.0673961367,0.000926378021,-0.9660211080000002,0.64411965,0.217450769,0.406437407,0.367473718,0.00454715722,0.046547007099999996,2.6478856599999997e-05,1.87663619e-07,3.15233282e-07,6.06074184e-07,5.199831019999999e-07,5.71611531e-07,1.425834104e-06,2.38720626e-06,0.032133352,0.0015251870200000003,2.0162120899999997e-05,71.84043349999999,54.6912187,2.2372768200000004e-06,6.812114770000001,0.00399921802,0.816086823,6.281449019999999e-05,4.928525600000001e-06,0.008229569289999999,2.8469293099999993,6.281449019999999e-05,4.928525600000001e-06,0.00551480133,1.94403932,6.281449019999999e-05,4.928525600000001e-06,0.000686581577,1.1649852690000002,6.281449019999999e-05,4.928525600000001e-06,0.005213289120000001,2.6167099200000003e-06,2.8989927499999997e-05,-0.13758503900000002,58.3081514,0.0154301787,-0.0038115814000000007,-0.0042440482,2.55559521e-06,2.3837540600000002e-05
355,1702919400,0.06982319619999999,0.06984980789999999,0.00416329733,-0.9574132319999998,0.6714205010000001,0.22169294499999997,0.412775101,0.378724055,0.0046706414799999995,0.0516925846,2.6797796500000003e-05,2.3290110090000006e-07,4.0012939500000005e-07,7.495217269999999e-07,5.48545966e-07,6.792349499999999e-07,1.6583512300000002e-06,2.7643970299999998e-06,0.033266743599999996,0.00161695203,2.06334517e-05,72.8026761,54.73525320000001,2.3170668899999998e-06,6.8845326700000005,0.00410584634,0.8623666809999999,7.29563525e-05,5.879216434999999e-06,0.0083910512,2.9445183200000002,7.29563525e-05,5.879216434999999e-06,0.00553159284,2.0307035300000003,7.29563525e-05,5.879216434999999e-06,0.000686429805,1.256564923,7.29563525e-05,5.879216434999999e-06,0.005245619860000001,2.8831768500000003e-06,2.95021422e-05,-0.13582218940000002,54.7298804,0.017109637599999998,-0.0037693533700000003,-0.00427566306,2.94438175e-06,2.6591990499999996e-05
355,1702920000,0.078385538,0.07841226709999999,-0.0022812840800000003,-1.06492568,0.665757808,0.23898603900000004,0.42938811,0.390311911,0.00507049943,0.0512750852,2.69184497e-05,2.1796579790000002e-07,3.49399725e-07,6.8546236e-07,5.86873452e-07,6.726293840000001e-07,1.698502766e-06,2.68030016e-06,0.037529701900000004,0.00163375286,2.2213358700000003e-05,72.5191272,54.35067230000001,2.60215918e-06,6.87155192,0.004314885879999999,0.945872879,9.60371938e-05,7.90932659e-06,0.008874154700000001,3.31445638,9.60371938e-05,7.90932659e-06,0.0056373351799999995,2.6109791099999997,9.60371938e-05,7.90932659e-06,0.000786002121,1.829618315,9.60371938e-05,7.90932659e-06,0.00524191542,2.68678406e-06,2.93722216e-05,-0.10355809369999999,52.49154699999999,0.015792883,-0.00372146092,-0.004186574,2.5642210500000007e-06,2.4817968999999997e-05
355,1702920600,0.07659820170000001,0.0766248603,-0.0008943718140000001,-1.0058519069999998,0.664820307,0.23201341600000003,0.422300388,0.381949164,0.00606816094,0.0529119435,2.6901755700000002e-05,2.7351248249999997e-07,4.23044354e-07,7.382864480000001e-07,6.40758128e-07,7.252781549999999e-07,1.7045787099999998e-06,2.72556094e-06,0.0365210743,0.00174970009,2.0652858e-05,72.6507906,55.294230199999994,2.5441311899999998e-06,6.93957178,0.00417943441,0.9173237750000001,0.00010584618519999999,8.837373675e-06,0.008580813849999999,3.24848467,0.00010584618519999999,8.837373675e-06,0.0056173126,2.56680949,0.00010584618519999999,8.837373675e-06,0.000766778232,1.8163399089999999,0.00010584618519999999,8.837373675e-06,0.00523567207,2.54495248e-06,2.9196644099999996e-05,-0.1254418979,54.4302271,0.014928794249999999,-0.0037578079600000002,-0.0042928053999999995,2.46632519e-06,2.4032965900000004e-05
355,1702921200,0.07937643459999999,0.0794029386,0.00204800726,-1.003669909,0.710046671,0.238840718,0.43475076700000004,0.39533707199999996,0.00589577302,0.062364454699999995,2.6702093e-05,2.447727242e-07,3.98906706e-07,7.665057289999999e-07,5.91499662e-07,6.7602782e-07,1.8547625400000003e-06,3.0122947200000003e-06,0.0379031148,0.0017543836899999998,2.28912221e-05,72.1715924,54.6054889,2.63526307e-06,6.85385728,0.00433627287,0.9464470409999999,9.44408368e-05,7.821068889999999e-06,0.008933777600000001,3.36350235,9.44408368e-05,7.821068889999999e-06,0.0056008164,2.4946173299999996,9.44408368e-05,7.821068889999999e-06,0.000775687194,1.7477496470000002,9.44408368e-05,7.821068889999999e-06,0.005227557829999999,2.7526796800000003e-06,2.9247717900000002e-05,0.03564038200000001,52.399614500000006,0.0158929235,-0.0036021304300000003,-0.00417353977,2.65578414e-06,2.47302721e-05
355,1702921800,0.06935918490000001,0.0693854845,-0.0013032604170999998,-1.102729,0.632044294,0.228148784,0.40272479,0.37002379999999996,0.00391842134,0.045035690399999995,2.6412467500000003e-05,1.51468195e-07,2.96925087e-07,6.35333787e-07,4.41563275e-07,5.079235090000001e-07,1.3493026940000002e-06,2.18119879e-06,0.033055731500000005,0.0015975684300000002,2.05555581e-05,73.7543905,54.6552104,2.3037579899999993e-06,6.86564317,0.00407403265,0.838718315,7.983659860000001e-05,6.42876051e-06,0.008384385649999998,2.9270075700000002,7.983659860000001e-05,6.42876051e-06,0.0055595917799999995,2.2047392900000005,7.983659860000001e-05,6.42876051e-06,0.0007417941330000001,1.4361040429999998,7.983659860000001e-05,6.42876051e-06,0.005207605740000001,2.6377907699999997e-06,2.89394826e-05,0.041648837700000024,55.020909700000004,0.0162796983,-0.00367774706,-0.00422601023,2.70305637e-06,2.6109105500000002e-05
355,1702922400,0.071660844,0.07168719849999998,0.001134937765,-1.055183785,0.641607082,0.22870775300000004,0.41296260700000004,0.37512394700000007,0.00470471323,0.0466832721,2.65115519e-05,1.98858836e-07,3.4581379e-07,6.67015741e-07,5.37837713e-07,6.35273012e-07,1.5554426800000002e-06,2.7418750200000004e-06,0.0343276635,0.00147420029,2.17045658e-05,71.6475755,54.2511848,2.37861592e-06,6.888823910000001,0.0041095012799999995,0.8616454969999999,9.359291880000001e-05,7.775296364e-06,0.008468053300000002,3.0017448700000005,9.359291880000001e-05,7.775296364e-06,0.005548750779999999,2.39238276,9.359291880000001e-05,7.775296364e-06,0.0007317143869999999,1.639798885,9.359291880000001e-05,7.775296364e-06,0.005216532219999999,2.70692754e-06,2.9048171799999998e-05,0.16743740299999998,58.757174199999994,0.01728781225,-0.00381554434,-0.00425782128,2.66815682e-06,2.4660775100000003e-05
355,1702923000,0.0607591259,0.06078562019999999,0.00122110644,-1.003181607,0.6220689819999999,0.209674352,0.381424147,0.349848188,0.0040190930399999995,0.043419168599999995,2.6662378400000004e-05,2.1045381200000002e-07,3.7583352e-07,7.04024627e-07,5.29072101e-07,6.32215687e-07,1.5608128699999998e-06,2.65689463e-06,0.028967001400000005,0.0013847307,2.0964385500000002e-05,72.4132731,54.6093996,2.01638701e-06,6.97760639,0.00382371826,0.757650936,6.72413248e-05,5.3180236e-06,0.00782768867,2.55618845,6.72413248e-05,5.3180236e-06,0.0055058107000000005,1.90479661,6.72413248e-05,5.3180236e-06,0.000659408337,1.1442048049999998,6.72413248e-05,5.3180236e-06,0.00523472615,2.8058880999999997e-06,2.93073185e-05,0.107977024,55.0617649,0.0162300786,-0.0037643296600000003,-0.00429453193,2.9118917e-06,2.69505154e-05
355,1702923600,0.07263561459999998,0.07266223,0.0016448833699999998,-1.0046487899999998,0.6769331860000001,0.226937971,0.41551268099999994,0.37632399000000005,0.00570897034,0.0547866774,2.6747098799999997e-05,1.76809519e-07,3.35719261e-07,6.704730699999999e-07,5.046232250000001e-07,5.75294485e-07,1.5618746199999999e-06,2.77101486e-06,0.034874570300000005,0.0014133020700000001,2.30197563e-05,72.7499805,54.1434121,2.41209127e-06,6.990176269999999,0.004185240589999999,0.893148307,0.00011511677539999999,9.649163500000003e-06,0.00856054646,3.13385244,0.00011511677539999999,9.649163500000003e-06,0.00566862887,2.78304901,0.00011511677539999999,9.649163500000003e-06,0.0008185721339999998,2.039796773,0.00011511677539999999,9.649163500000003e-06,0.005244830779999999,2.84937661e-06,2.94742618e-05,0.09373389829999998,55.5957164,0.017071547299999996,-0.00376051362,-0.0042427349000000005,2.8648179499999993e-06,2.6556285300000002e-05
355,1702924200,0.060680082600000004,0.060706589899999996,0.0027194439140000005,-1.011470874,0.622481491,0.21023651100000001,0.384649242,0.34988568200000003,0.00367349306,0.0401665988,2.6702215399999997e-05,2.31511653e-07,3.83551105e-07,7.091247620000001e-07,5.655526770000001e-07,6.46274298e-07,1.6499361159999998e-06,2.47451893e-06,0.0287079388,0.00160494078,2.0278396599999998e-05,73.1835332,55.35273589999999,2.01422524e-06,6.93779177,0.00377622601,0.7401172970000001,6.1506389e-05,4.831790109999999e-06,0.007782723310000001,2.5234715099999994,6.1506389e-05,4.831790109999999e-06,0.0054925541500000005,1.8375322,6.1506389e-05,4.831790109999999e-06,0.0006416219240000001,1.07108205,6.1506389e-05,4.831790109999999e-06,0.0052292816999999995,2.75276473e-06,2.92549342e-05,-0.1514784885,61.720853899999994,0.01675163295,-0.0038568564900000003,-0.0041917483800000006,2.8249467399999996e-06,2.6090630099999998e-05
355,1702924800,0.1259927304,0.12601940260000002,0.000657723077,-1.105692635,0.765173358,0.2975773869999999,0.514065706,0.46250162,0.008497025180000001,0.08057367260000001,2.68276179e-05,2.1878163750000002e-07,3.5694282700000006e-07,6.984638330000001e-07,5.8814913e-07,7.137327180000001e-07,1.7756665900000001e-06,3.1777115599999997e-06,0.061201046,0.0017630728,2.44909899e-05,72.2810382,53.8166509,4.18658136e-06,6.80697538,0.00526806909,1.4361930739999997,0.00010198855720000002,8.58422635e-06,0.010868336400000001,5.39754577,0.00010198855720000002,8.58422635e-06,0.00560499504,2.775334814,0.00010198855720000002,8.58422635e-06,0.000806818078,1.9927343709999998,0.00010198855720000002,8.58422635e-06,0.0052402419299999985,2.7379264199999998e-06,2.93734577e-05,-0.042804651999999985,51.177802299999996,0.015601020699999999,-0.0036246010699999996,-0.00422641582,2.7068703999999996e-06,2.55426802e-05
355,1702925400,0.189559308,0.1895859305,-0.0009644781840000002,-1.2494104099999999,0.8861145650000001,0.373656554,0.626456618,0.575192566,0.009689983840000001,0.1122319105,2.69580269e-05,4.2325280000000003e-07,5.90764692e-07,9.46266056e-07,9.780117399999998e-07,1.2564528679999999e-06,2.56565934e-06,5.1687853700000005e-06,0.09308710009999999,0.0016495928500000004,3.06125375e-05,68.88502209999999,52.24187969999999,6.297292109999999e-06,6.68482712,0.00660923091,2.106679613,0.000231899968,2.035987833e-05,0.0136582719,8.23214316,0.000231899968,2.035987833e-05,0.00584923635,4.947573609999999,0.000231899968,2.035987833e-05,0.0011226958720000001,4.251457534,0.000231899968,2.035987833e-05,0.00524540011,2.8522093200000003e-06,2.9515710899999998e-05,-0.04270738519999999,51.504910900000006,0.016233043500000002,-0.00365561939,-0.0041151509099999995,2.67617092e-06,2.53217361e-05
355,1702926000,0.239883815,0.239910678,-0.001265167776,-1.2880661999999998,0.962016864,0.427199142,0.7127092530000001,0.660882674,0.014867968399999997,0.1357269786,2.75156361e-05,7.679844680000001e-07,9.44793004e-07,1.3985772459999999e-06,1.367845822e-06,1.7058647330000003e-06,3.23221489e-06,5.88217547e-06,0.1184143036,0.00148487884,2.6716908800000003e-05,66.76405129999999,51.3867848,7.974430380000002e-06,6.49629762,0.007544514719999999,2.6508527099999997,0.0001770315992,1.5269869040000002e-05,0.0156267882,10.43618287,0.0001770315992,1.5269869040000002e-05,0.00581981247,4.1526295,0.0001770315992,1.5269869040000002e-05,0.001115713196,3.3967199800000003,0.0001770315992,1.5269869040000002e-05,0.00527620396,3.23008927e-06,3.0119514700000005e-05,0.030887750099999993,41.6633012,0.0173800513,-0.0033595068299999997,-0.0040146971899999995,2.8673426e-06,2.61642577e-05
355,1702926600,0.0931080719,0.09313504489999999,0.016387595459999998,-0.740460496,0.6723205290000001,0.23723493149999997,0.422112877,0.37692400200000004,0.00605109953,0.0622429395,2.7062663200000003e-05,1.350108489e-07,2.74046881e-07,6.45968409e-07,4.93778895e-07,6.242551819999999e-07,1.7835754899999996e-06,3.0650975099999997e-06,0.045350582660000006,0.00117034769,2.58266462e-05,71.40534099999999,56.8121513,3.09224855e-06,7.001097060000001,0.00440971714,1.0914375360000002,0.000102558153,8.612324533999998e-06,0.00874695136,4.029620821,0.000102558153,8.612324533999998e-06,0.0056248704500000005,2.7147577099999998,0.000102558153,8.612324533999998e-06,0.000752700119,1.92813082065,0.000102558153,8.612324533999998e-06,0.00527021198,2.80090504e-06,2.9723340199999996e-05,0.13680156899999998,56.05792600000001,0.0172619125,-0.0037082730700000004,-0.0042287126,2.7179094199999997e-06,2.6518048199999997e-05
355,1702927200,0.023321393,0.023348128599999997,0.0333131898,-0.467873608,0.483764767,0.1242006675,0.244807469,0.214581552,0.00273351773,0.021168168199999997,2.68323001e-05,1.0462630699999999e-07,2.55597032e-07,5.221556129999999e-07,4.2589063500000004e-07,4.52534765e-07,1.336969993e-06,1.8776922999999998e-06,0.0103598601,0.00127683425,1.8802622600000002e-05,75.190027,61.89028209999999,7.72692359e-07,7.270657040000001,0.00258618965,0.38144992,4.160254160000001e-05,3.037182774e-06,0.00459112775,0.9377384359999998,4.160254160000001e-05,3.037182774e-06,0.00539795396,1.3561184099999999,4.160254160000001e-05,3.037182774e-06,0.00044272116100000004,0.5697082615,4.160254160000001e-05,3.037182774e-06,0.00525239162,2.67187474e-06,2.9403006499999997e-05,-0.089386588,60.84825289999999,0.01639225415,-0.003917677390000001,-0.00440554703,2.8352069600000002e-06,2.5792662500000002e-05
355,1702927800,0.020410211199999997,0.0204367844,0.0327774281,-0.3601077424,0.47506451,0.1148875591,0.23498217600000001,0.207043819,0.0022602597499999997,0.0196590398,2.6633853e-05,7.40390095e-08,2.10413441e-07,5.125706620000001e-07,3.56333665e-07,3.4789496400000003e-07,1.256952909e-06,1.69402713e-06,0.00876860207,0.0014130452400000003,1.88480482e-05,76.4923955,64.0439554,6.761283680000001e-07,7.278746180000001,0.00244416945,0.3353978349999999,2.33313237e-05,1.5432868769999998e-06,0.00429220569,0.8015417469999999,2.33313237e-05,1.5432868769999998e-06,0.00529160639,1.069355265,2.33313237e-05,1.5432868769999998e-06,0.000344150788,0.2742283363,2.33313237e-05,1.5432868769999998e-06,0.00523740377,2.7227836700000003e-06,2.9288297100000002e-05,0.11026858339999998,63.46038159999999,0.01704593775,-0.003943838430000001,-0.0042931943300000015,2.75509609e-06,2.52596613e-05
355,1702928400,0.0227938445,0.022820260000000002,0.031609972,-0.550960118,0.481364687,0.12404574100000001,0.24360743299999998,0.212631492,0.0025733350000000004,0.0205053233,2.6502166799999998e-05,1.0624028739999998e-07,2.77339695e-07,5.948973850000001e-07,4.1671966400000004e-07,4.4159407300000003e-07,1.4515708000000002e-06,1.97521066e-06,0.009948535000000001,0.00142340221,1.95459579e-05,76.6905564,63.019662399999994,7.54836026e-07,7.31624779,0.00255267214,0.356234595,4.46462421e-05,3.455614598e-06,0.004547484609999999,0.9068228679999999,4.46462421e-05,3.455614598e-06,0.0053614184999999995,1.477531168,4.46462421e-05,3.455614598e-06,0.00043973257199999996,0.6944920546000001,4.46462421e-05,3.455614598e-06,0.0052203794999999996,2.73113574e-06,2.91250385e-05,-0.0557846157,60.506423000000005,0.0160309656,-0.00380243306,-0.004299933420000001,2.6868483199999998e-06,2.4724702699999997e-05
355,1702929000,0.0178661655,0.017892594500000004,0.03437062750000001,-0.20285403509999997,0.45818898399999997,0.1055570031,0.220131719,0.19384341500000002,0.0022240126,0.016970170299999997,2.6498672700000002e-05,8.821713560000001e-08,2.5066945499999994e-07,5.56126187e-07,3.48444532e-07,3.58928616e-07,1.28623846e-06,1.6859515800000002e-06,0.00747300905,0.00143660469,1.8759281499999998e-05,78.5106935,66.44713520000002,5.912838940000001e-07,7.354274360000001,0.0023054008800000004,0.313407776,3.5271862350000004e-05,2.5179564360000002e-06,0.0039579574900000004,0.6940351619999999,3.5271862350000004e-05,2.5179564360000002e-06,0.005352195509999999,1.2675845740000002,3.5271862350000004e-05,2.5179564360000002e-06,0.00041983149100000006,0.4914431244000001,3.5271862350000004e-05,2.5179564360000002e-06,0.00522733955,2.7437544599999994e-06,2.9194068799999998e-05,-0.028045328299999995,61.63351720000001,0.0170596819,-0.0037341205800000008,-0.004349251900000001,2.76843661e-06,2.56501276e-05
355,1702929600,0.022608459200000004,0.0226352002,0.0274028063,-0.39643180899999997,0.497490186,0.1203265126,0.24248240100000001,0.213756526,0.00293762857,0.022434712550000003,2.68396396e-05,1.181926727e-07,2.67938296e-07,5.68289549e-07,4.05642673e-07,4.2683707899999997e-07,1.374692407e-06,1.91164997e-06,0.010032957479999998,0.0012466889800000001,1.9347679100000002e-05,74.23545060000001,61.5598313,7.49035626e-07,7.322876890000001,0.0025144469900000004,0.354887069,3.65771862e-05,2.636909813e-06,0.00455141311,0.913581858,3.65771862e-05,2.636909813e-06,0.00538544547,1.31788388,3.65771862e-05,2.636909813e-06,0.00043673165599999997,0.5227584467999999,3.65771862e-05,2.636909813e-06,0.00525003619,2.70798188e-06,2.94246398e-05,-0.11668901899999999,60.8518461,0.0167160035,-0.00389455198,-0.0043417123500000005,2.6663773e-06,2.4320576e-05
355,1702930200,0.017840714,0.0178672179,0.0333023467,-0.2973913108,0.47363945800000007,0.10881083259999999,0.213269007,0.185180654,0.00239013476,0.0197905752,2.6584057700000002e-05,1.0405115410000001e-07,2.766928449999999e-07,5.83445152e-07,3.70140781e-07,4.135177270000001e-07,1.3864888460000002e-06,1.91112802e-06,0.0075687826799999995,0.00132677515,1.96223496e-05,77.1168314,65.95503199999999,5.90106995e-07,7.393233140000001,0.00230921918,0.311975277,2.7503505600000002e-05,1.8823164730000001e-06,0.00391608056,0.6951904329999999,2.7503505600000002e-05,1.8823164730000001e-06,0.00530555168,1.102404775,2.7503505600000002e-05,1.8823164730000001e-06,0.000373752236,0.324467583,2.7503505600000002e-05,1.8823164730000001e-06,0.005239496549999999,2.9714572499999996e-06,2.94646768e-05,0.10311667096000002,62.8973779,0.018830696,-0.0038480045699999994,-0.00433735712,3.03045081e-06,2.7707685500000003e-05
355,1702930800,0.019582084200000002,0.01960853715,0.028342030539999997,-0.152416528,0.487364869,0.1073553526,0.21593158799999998,0.18214306100000002,0.00320235221,0.022182288050000002,2.65641058e-05,1.295060797e-07,3.10167069e-07,6.090372870000001e-07,4.329211350000001e-07,4.670201329999999e-07,1.43476197e-06,2.2709246100000003e-06,0.00839100062,0.0013734128,2.07803794e-05,77.38227270000002,70.0026196,6.480647859999999e-07,7.513436609999999,0.00226233317,0.329279773,5.847101809999999e-05,4.592240273e-06,0.0038170073599999993,0.7726603529999999,5.847101809999999e-05,4.592240273e-06,0.00541533331,1.6276665529999998,5.847101809999999e-05,4.592240273e-06,0.00048126201600000003,0.8631326320000001,5.847101809999999e-05,4.592240273e-06,0.005233648759999999,2.86087775e-06,2.9316209400000003e-05,-0.10541510029999998,66.6946406,0.0181894691,-0.00395084637,-0.004375576490000001,2.9080767400000005e-06,2.6191806200000002e-05
355,1702931400,0.0155058104,0.015532285799999998,0.0349214637,0.21114564499999994,0.44971372900000006,0.0912464745,0.20835636200000002,0.17813043599999998,0.0022499885,0.015605356450000002,2.65704018e-05,1.140566144e-07,3.0155613499999996e-07,6.311117029999999e-07,4.0114097400000004e-07,4.521088170000001e-07,1.4760841200000001e-06,1.91612603e-06,0.006257515440000002,0.00147070182,1.9233953300000002e-05,76.6287904,70.74778560000001,5.12775164e-07,7.452291220000001,0.0020854987700000003,0.296495799,2.74753834e-05,1.915391204e-06,0.0035306901799999997,0.5877046659999999,2.74753834e-05,1.915391204e-06,0.00531781879,1.139893136,2.74753834e-05,1.915391204e-06,0.000376582488,0.35794345199999994,2.74753834e-05,1.915391204e-06,0.005242143449999999,3.10278063e-06,2.9623971e-05,-0.194288357,57.1892924,0.017037210400000002,-0.0036069213300000008,-0.004266436760000001,3.1765092400000005e-06,2.6962191e-05
355,1702932000,0.0130893432,0.0131160661,0.0358652989,0.20099647159999998,0.44465106599999993,0.08810279400000001,0.18941828700000002,0.162304952,0.00219312194,0.01692866635,2.67964919e-05,8.376279819999999e-08,2.50816407e-07,5.02682268e-07,3.60074898e-07,3.7331125799999996e-07,1.231847687e-06,1.72542696e-06,0.0051159759899999995,0.0014044240999999999,1.95482979e-05,79.27833610000002,71.9665656,4.3221138700000003e-07,7.483842919999999,0.0019777025700000003,0.258186667,4.3260270799999994e-05,3.15382562e-06,0.00320253473,0.470056157,4.3260270799999994e-05,3.15382562e-06,0.00541574916,1.404663426,4.3260270799999994e-05,3.15382562e-06,0.000444133743,0.628191822,4.3260270799999994e-05,3.15382562e-06,0.00525304884,2.69001749e-06,2.93834159e-05,0.41694054410000003,66.2347375,0.01743702555,-0.0039228403,-0.0044749742599999994,2.87488736e-06,2.67070991e-05
355,1702932600,0.01357433495,0.0136007419,0.025010026220000002,0.36903189200000003,0.43850088099999995,0.08534595,0.196280994,0.166205071,0.00226883369,0.01609529315,2.64781394e-05,8.48839744e-08,2.5872487099999996e-07,5.22076938e-07,3.41555056e-07,3.6012658899999994e-07,1.260379023e-06,1.69404933e-06,0.00537718813,0.00138574581,1.94813824e-05,78.719277,72.249515,4.4892512899999994e-07,7.54938273,0.0019358051599999999,0.26474829499999997,2.5110013500000002e-05,1.6808067699999996e-06,0.00323859846,0.498435586,2.5110013500000002e-05,1.6808067699999996e-06,0.00528322991,1.0645211060000002,2.5110013500000002e-05,1.6808067699999996e-06,0.000344975195,0.2858671186,2.5110013500000002e-05,1.6808067699999996e-06,0.0052200779,2.70735291e-06,2.9107489599999998e-05,-0.030368759000000013,61.00778190000001,0.01678875835,-0.00380773109,-0.004342798189999999,2.7864608800000003e-06,2.5280512700000004e-05
355,1702933200,0.013743555299999998,0.013770297300000001,0.025975978700000003,-0.18325175389999998,0.429575616,0.0955701186,0.186193183,0.16196744600000001,0.0018269412600000004,0.013872780499999997,2.68168057e-05,9.063532899999999e-08,2.6564144100000003e-07,5.41701853e-07,3.6529313999999997e-07,3.77320264e-07,1.2978475599999998e-06,1.8246656199999999e-06,0.0054376341300000006,0.00141050994,1.87063239e-05,78.12711199999998,71.13364649999998,4.543231e-07,7.46134035,0.0020719761,0.27348489499999995,2.4805135699999998e-05,1.7651855260000003e-06,0.0033521395099999998,0.508774965,2.4805135699999998e-05,1.7651855260000003e-06,0.00528434183,1.048673344,2.4805135699999998e-05,1.7651855260000003e-06,0.0003037862380000001,0.2603916584,2.4805135699999998e-05,1.7651855260000003e-06,0.005259639,2.7695655199999996e-06,2.95208239e-05,-0.037876963,65.73492189999999,0.0177881764,-0.00390877143,-0.00439814846,2.8846846e-06,2.53536054e-05
355,1702933800,0.0139189599,0.0139456782,0.0262441968,0.1663615242,0.4557514100000001,0.0917620754,0.188705766,0.16245496099999998,0.0022857544299999997,0.0182428554,2.6774568500000003e-05,7.517142610000001e-08,2.3282618599999998e-07,5.226511930000001e-07,3.6178435399999997e-07,3.90040383e-07,1.2716742729999998e-06,1.78585134e-06,0.00575674307,0.0011785579900000002,1.94173305e-05,76.3580694,68.97478040000001,4.60591212e-07,7.4600089800000005,0.0020335982099999998,0.27093682599999996,3.26622378e-05,2.3704103389999997e-06,0.0033743902300000005,0.538247137,3.26622378e-05,2.3704103389999997e-06,0.00533809982,1.1985976329999999,3.26622378e-05,2.3704103389999997e-06,0.00036653028199999996,0.41133197720000003,3.26622378e-05,2.3704103389999997e-06,0.005263862499999999,2.90055456e-06,2.96543171e-05,0.174521939,61.821925500000006,0.016866963,-0.00392721648,-0.00434826934,2.90799416e-06,2.5494496100000002e-05
355,1702934400,0.013099076899999998,0.01312562745,0.0377650447,0.01537510340000002,0.4349757759999999,0.09093367860000001,0.18409311899999997,0.160542401,0.0018844960800000002,0.0136786871,2.6643409500000002e-05,1.1114330949999999e-07,2.67265478e-07,5.59385332e-07,4.1341354899999995e-07,4.46047672e-07,1.381421804e-06,1.9842906100000002e-06,0.00536021451,0.0011641619700000002,1.9822921500000002e-05,76.8045455,68.27008909999999,4.3280894699999996e-07,7.53881835,0.00202865921,0.27450386499999996,2.87038971e-05,2.054658875e-06,0.0033160467799999995,0.500106268,2.87038971e-05,2.054658875e-06,0.0053129334600000005,1.167076246,2.87038971e-05,2.054658875e-06,0.00035654977600000005,0.3816512803,2.87038971e-05,2.054658875e-06,0.00524016882,2.7967165800000003e-06,2.93599674e-05,-0.06421052700000002,62.37807380000002,0.0176597699,-0.0038567668400000003,-0.0043933066599999996,2.91912074e-06,2.50428184e-05
355,1702935000,0.018404209499999998,0.0184308267,0.034151687599999994,-0.011137240000000003,0.4722144170000001,0.10363348190000002,0.22669441799999998,0.188630759,0.00291991113,0.0185076979,2.66880144e-05,8.453977380000001e-08,2.48970002e-07,5.141692229999999e-07,3.57257335e-07,3.7840705900000004e-07,1.26094748e-06,1.7534655200000003e-06,0.007678129980000001,0.0014992940299999999,1.99752163e-05,78.31984570000002,68.1358471,6.092818560000001e-07,7.39543109,0.0022332548,0.315022044,4.3923591099999994e-05,3.451552667e-06,0.0038831777700000006,0.7134128909999999,4.3923591099999994e-05,3.451552667e-06,0.00537237028,1.4135163099999999,4.3923591099999994e-05,3.451552667e-06,0.00042455670200000005,0.6384234064999998,4.3923591099999994e-05,3.451552667e-06,0.00524693661,2.8083172600000002e-06,2.94326532e-05,-0.07184005419999999,58.83894310000001,0.0173016895,-0.0037667794000000006,-0.00440254992,2.90073046e-06,2.69278848e-05
355,1702935600,0.014751571700000002,0.014778138599999999,0.0375711303,0.1396679164,0.472289419,0.0916101714,0.203293703,0.17554285700000002,0.0022677177400000003,0.018655601400000003,2.6640087199999997e-05,8.69745076e-08,2.20873889e-07,5.053531729999999e-07,3.9022887e-07,4.15011916e-07,1.28687037e-06,1.8064768499999997e-06,0.00588964776,0.00146036108,2.0948029000000003e-05,77.09247229999998,70.52404929999999,4.87850329e-07,7.47928175,0.0020761464300000005,0.277404815,3.427344454999999e-05,2.4750232250000003e-06,0.00345766998,0.540149357,3.427344454999999e-05,2.4750232250000003e-06,0.005346970059999999,1.237434591,3.427344454999999e-05,2.4750232250000003e-06,0.00039453480200000004,0.4596957572,3.427344454999999e-05,2.4750232250000003e-06,0.00523737154,2.72071513e-06,2.9276166000000003e-05,-0.1401559256,64.5191826,0.0178064741,-0.0039019159300000003,-0.00434661301,2.92121563e-06,2.7450331899999996e-05
355,1702936200,0.0245539227,0.024580093249999997,0.024613140680000003,0.03289387360000005,0.5217534309999999,0.11601921550000001,0.253395241,0.21098144300000002,0.00396272136,0.0268898378,2.62517706e-05,1.073072538e-07,2.69886694e-07,5.92863803e-07,3.85126996e-07,4.4161041800000003e-07,1.409220307e-06,2.01459025e-06,0.010766810540000001,0.0014839698199999999,2.07879464e-05,76.28341979999999,65.98533579999999,8.135037759999999e-07,7.345162190000001,0.00243789245,0.38644759399999995,5.85317203e-05,4.711443763000001e-06,0.00442381303,0.9803648079999998,5.85317203e-05,4.711443763000001e-06,0.00538290288,1.65379847,5.85317203e-05,4.711443763000001e-06,0.0004957180499999999,0.8962202344,5.85317203e-05,4.711443763000001e-06,0.00520646461,3.00658215e-06,2.91405047e-05,0.08821066869999997,58.266463699999996,0.0174850311,-0.00360315145,-0.004302376200000001,2.96579312e-06,2.5643867199999996e-05
355,1702936800,0.0184721239,0.018498619049999998,0.03501588135,0.012038702899999986,0.476752045,0.1015494326,0.22530687499999996,0.186643197,0.00374953773,0.0212019017,2.65760776e-05,9.32788658e-08,2.4179735100000003e-07,5.413564360000001e-07,4.2801231900000003e-07,4.5194396300000004e-07,1.3722801e-06,1.9766302999999996e-06,0.00778421696,0.00142625013,2.03143107e-05,76.2183229,67.6485989,6.113919130000001e-07,7.396082580000001,0.00226550745,0.330059802,3.288843565e-05,2.39570874e-06,0.00383071973,0.7179049390000001,3.288843565e-05,2.39570874e-06,0.0053167475700000005,1.2029322820000001,3.288843565e-05,2.39570874e-06,0.000377421759,0.420295966,3.288843565e-05,2.39570874e-06,0.00523345088,2.79165704e-06,2.9276401499999997e-05,0.20866697359999997,59.93097590000001,0.0171861661,-0.0038249025299999994,-0.00434662378,2.8230209300000002e-06,2.42914619e-05
355,1702937400,0.11637429710000002,0.11640088949999998,0.0034611434240000003,-1.1950833469999997,0.7609357319999999,0.293246963,0.4968901820000001,0.455563905,0.006875775789999999,0.077642612,2.6904174199999998e-05,3.8030227299999997e-07,5.65289274e-07,9.456028949999999e-07,8.18805535e-07,9.747479539999998e-07,2.2443916899999998e-06,3.79608693e-06,0.056922387899999996,0.00123058741,2.40879251e-05,68.8075531,52.8661341,3.866787125e-06,6.776321380000001,0.005298618730000001,1.371747107,0.00012027421009999997,1.0177389952999998e-05,0.01081792705,5.08719242,0.00012027421009999997,1.0177389952999998e-05,0.00564944463,2.9414988900000005,0.00012027421009999997,1.0177389952999998e-05,0.0008542770530000001,2.1682997100000003,0.00012027421009999997,1.0177389952999998e-05,0.00525504474,3.2441028300000003e-06,2.9854985299999995e-05,-0.0695164375,53.0017276,0.017837150500000003,-0.0036263699199999997,-0.00415464206,3.08572282e-06,2.7472345700000002e-05
355,1702938000,0.0199544594,0.019980908900000004,0.047798315599999995,-0.626541362,0.46910181600000006,0.11964783809999999,0.222494293,0.18705571000000001,0.00293926403,0.019131131500000002,2.65250502e-05,9.10545643e-08,2.33800463e-07,5.323926609999999e-07,3.89940374e-07,3.96621237e-07,1.31976302e-06,1.7886405399999998e-06,0.00854020639,0.00141028918,2.18578382e-05,77.74588500000002,64.29595029999999,6.605272160000001e-07,7.302404589999999,0.00246342685,0.33681293700000003,4.314733545e-05,3.2656299060000004e-06,0.00419360088,0.7830320449999999,4.314733545e-05,3.2656299060000004e-06,0.005331898119999999,1.346481326,4.314733545e-05,3.2656299060000004e-06,0.00039930647,0.57645073516,4.314733545e-05,3.2656299060000004e-06,0.0052306549,2.8921070999999997e-06,2.93384365e-05,-0.017333820399999998,53.76992270000001,0.016474692,-0.00357661061,-0.00434372989,2.6764579000000003e-06,2.2246800200000002e-05
355,1702938600,0.0250628338,0.025089303400000002,0.04588620065,-0.39282980100000003,0.490964995,0.1250392959,0.25125766799999993,0.22178177100000002,0.0043708622400000004,0.0233230482,2.65849749e-05,1.33563332e-07,2.7327196700000005e-07,6.269740639999999e-07,4.579316009999999e-07,4.67447593e-07,1.563178894e-06,2.1446870500000002e-06,0.010922236290000002,0.0015803694299999997,2.29834348e-05,74.68888460000001,64.5560561,8.30238283e-07,7.27698367,0.00259998972,0.389540305,4.15640222e-05,3.188578115e-06,0.00455616557,0.990238068,4.15640222e-05,3.188578115e-06,0.00537548679,1.41982047,4.15640222e-05,3.188578115e-06,0.0004546922680000001,0.6392501995000001,4.15640222e-05,3.188578115e-06,0.00522943715,2.9526508099999998e-06,2.9391005400000004e-05,-0.16527419469999996,54.5048131,0.01658388915,-0.00366081676,-0.004205920760000001,2.80012151e-06,2.5767026599999996e-05
355,1702939200,0.027603599999999996,0.027629906599999997,0.0398574302,-0.43934723,0.532253758,0.135422494,0.26982073800000006,0.22286930300000002,0.00496606484,0.0262042655,2.6382272099999998e-05,9.363090839999999e-08,2.28572413e-07,5.11156661e-07,4.0719943800000007e-07,4.18478133e-07,1.3316896200000001e-06,2.06163564e-06,0.01200900223,0.0017655721,2.20939169e-05,76.6229195,63.2973818,9.145031899999999e-07,7.27044744,0.0027411180499999997,0.411562058,5.4353207199999996e-05,4.357730261e-06,0.00482230975,1.081921068,5.4353207199999996e-05,4.357730261e-06,0.005347754979999999,1.5584209260000002,5.4353207199999996e-05,4.357730261e-06,0.00044734965799999996,0.789035802,5.4353207199999996e-05,4.357730261e-06,0.005212233100000001,2.6967203399999996e-06,2.9001963699999998e-05,-0.0923312433,63.75345179999999,0.017633751700000002,-0.00391070259,-0.00430433037,2.82856975e-06,2.5903854799999998e-05
355,1702939800,0.05428717009999999,0.054313559,0.01943238792,-1.178380169,0.5299661660000001,0.20112138200000002,0.323147363,0.285496219,0.006172052809999999,0.0362053641,2.64875889e-05,1.1559206520000002e-07,2.42744986e-07,5.75651653e-07,4.94882449e-07,5.349403530000001e-07,1.630415579e-06,2.39248662e-06,0.024797811850000004,0.0023154402599999996,2.4240138e-05,76.7097039,61.523199899999994,1.800373355e-06,7.05994228,0.0037475154500000002,0.6981424940000001,8.50237522e-05,7.166177729e-06,0.00682238313,2.207705826,8.50237522e-05,7.166177729e-06,0.00544372836,2.114382729,8.50237522e-05,7.166177729e-06,0.000574237998,1.3484076568,8.50237522e-05,7.166177729e-06,0.00522291571,2.78857595e-06,2.92166561e-05,0.02259157999999998,54.561347999999995,0.016105653899999996,-0.0037412769900000004,-0.004174066189999999,2.67905774e-06,2.5053133799999995e-05
355,1702940400,0.07516935529999999,0.0751957509,0.005887570503,-1.61419913,0.583405314,0.25162966,0.35142323,0.321947327,0.004876015669999999,0.0428520515,2.65192837e-05,1.6292287199999997e-07,3.1313096499999995e-07,6.36149296e-07,6.42381142e-07,6.7608332e-07,1.64315091e-06,2.62877605e-06,0.0346407605,0.0029110613600000002,2.6018032799999998e-05,77.6064584,59.14276099999999,2.49715737e-06,7.03208869,0.00453744724,0.969945951,6.134632040000001e-05,4.9415496900000005e-06,0.008444419069999999,3.1211152699999998,6.134632040000001e-05,4.9415496900000005e-06,0.00546616417,1.95304072,6.134632040000001e-05,4.9415496900000005e-06,0.000636093851,1.1589780609999998,6.134632040000001e-05,4.9415496900000005e-06,0.0052318383299999995,3.52544485e-06,2.9922711899999995e-05,-0.086094957,127.4886049,0.027258606299999998,-0.0037527541399999995,-0.004225571610000001,6.08673153e-06,6.25064645e-05
355,1702941000,0.25368030529999996,0.25370685550000005,0.002954693443,-0.993089965,0.9949053679999998,0.376651211,0.6762581510000001,0.5981057570000001,0.020956127550000002,0.1642144954,2.6920853899999998e-05,7.298548156e-07,1.169539202e-06,2.1378213929999997e-06,1.872907156e-06,1.237501037e-06,3.585806490000001e-06,9.97312817e-06,0.123591682,0.00317907864,4.82994132e-05,74.20162789999999,56.6056652,8.43680603e-06,6.817447669999998,0.0070898737899999995,3.011301549,0.0001763369846,1.527605146e-05,0.013916649129999997,11.00881575,0.0001763369846,1.527605146e-05,0.005894280599999999,5.616889410000001,0.0001763369846,1.527605146e-05,0.001272315981,4.772937466,0.0001763369846,1.527605146e-05,0.00547458105,9.38312515e-06,3.5936278e-05,-0.026513418830000003,37.2274968,0.018769550550000003,-0.00181029758,-0.0031882219400000003,3.6830685e-06,2.81100882e-05
355,1702941600,0.893810753,0.893837171,-0.00400506277,-1.35788928,1.6234995300000001,0.8334293269999999,1.38356727,1.30481482,0.0187255213,0.425955276,2.7954659600000003e-05,1.856177732e-06,1.9566097259999995e-06,2.61859102e-06,3.52189789e-06,4.57144913e-06,7.9649203e-06,1.6923514600000003e-05,0.443254547,0.00353913119,7.06482676e-05,65.7873534,50.804738900000004,2.97182155e-05,6.40887341,0.014795092099999999,9.54534655,0.0009690887550000001,8.778647700000001e-05,0.0308919777,39.210316,0.0009690887550000001,8.778647700000001e-05,0.0067215904000000005,18.8734709,0.0009690887550000001,8.778647700000001e-05,0.0024146348900000005,18.449382809999996,0.0009690887550000001,8.778647700000001e-05,0.00519982324,3.2669719800000002e-06,2.97135471e-05,0.1011906672,17.06386215,0.013258468699999998,-0.00262717678,-0.0033432989099999996,1.828225e-06,1.96285298e-05
355,1702942200,0.7371997149999999,0.73722641,-0.0020983067600000003,-1.4233776900000001,1.48545786,0.765506351,1.2221623200000002,1.14877255,0.0333638887,0.383097537,2.76400817e-05,1.2072626189999999e-06,1.235588238e-06,1.8008319280000002e-06,2.55188556e-06,3.5327047200000003e-06,6.49559534e-06,1.3543387760000001e-05,0.36567358799999994,0.00282878696,6.60333085e-05,65.85402680000001,50.820206999999996,2.45011624e-05,6.30122522,0.0133045043,7.747577789999999,0.0007470939689999999,6.744321389999999e-05,0.0277909964,32.0869288,0.0007470939689999999,6.744321389999999e-05,0.006626720600000001,15.3817273,0.0007470939689999999,6.744321389999999e-05,0.00224787115,14.851862,0.0007470939689999999,6.744321389999999e-05,0.0051836721,2.35159503e-06,2.89290633e-05,0.08323081364000001,17.384645400000004,0.01204658195,-0.00288558763,-0.00351768489,1.31891162e-06,1.7430838099999998e-05
355,1702942800,0.643995329,0.6440219110000001,-0.000330071563,-1.43415473,1.36567918,0.718511118,1.14325989,1.07320779,0.018992707,0.319553632,2.6916372500000003e-05,4.90117112e-07,4.837557586e-07,9.381803570000001e-07,1.3710860560000001e-06,1.926197852e-06,4.018840294e-06,9.06523971e-06,0.319090137,0.0028363645499999996,5.256230940000001e-05,66.909392,50.92409849999999,2.14145468e-05,6.0819287399999995,0.012461487600000001,6.774342840000001,0.00042671570320000006,3.822199304e-05,0.026016068399999998,27.9677253,0.00042671570320000006,3.822199304e-05,0.006151722989999999,10.10134711,0.00042671570320000006,3.822199304e-05,0.0017146007799999999,9.410923806000001,0.00042671570320000006,3.822199304e-05,0.00519293336,2.5850140900000003e-06,2.9167416000000002e-05,0.04437080610000001,25.7131936,0.015033934949999998,-0.0029273211500000004,-0.0035357351100000003,1.6816841299999997e-06,2.0870317200000002e-05
355,1702943400,0.4493028119999999,0.449329518,0.000814122887,-1.41406982,1.27106382,0.595233206,0.948216425,0.88225193,0.0231904628,0.257186033,2.7612190099999997e-05,9.952975996000001e-07,1.039061937e-06,1.5180473699999998e-06,1.837269725e-06,2.371702716e-06,4.56386804e-06,8.93348301e-06,0.22215637,0.0024374518500000003,3.54196878e-05,65.5750707,51.1875067,1.4944320249999997e-05,6.3104134300000005,0.0105229196,4.96783216,0.00036052343629999994,3.206850216e-05,0.0216791,19.880558399999998,0.00036052343629999994,3.206850216e-05,0.00615963351,8.39506811,0.00036052343629999994,3.206850216e-05,0.0015785838,7.740177290000001,0.00036052343629999994,3.206850216e-05,0.0052178307,2.6763627699999997e-06,2.94550643e-05,0.0666969805,30.26838625,0.0163581226,-0.0030378130100000003,-0.0036071757100000004,1.8887994899999997e-06,2.3179320399999998e-05
355,1702944000,0.586717728,0.586744335,-0.000567671308,-1.43668532,1.4696698499999998,0.684157349,1.0850956100000002,1.0139184760000002,0.027573573400000002,0.305787239,2.7426966299999995e-05,1.049739256e-06,1.1142023851999999e-06,1.70233311e-06,2.269539288e-06,3.0513211160000003e-06,5.3284635799999995e-06,1.093279867e-05,0.291487772,0.0017934186899999996,5.13778538e-05,64.6583785,50.625199900000005,1.95098531e-05,6.22583689,0.0120761467,6.416612519999999,0.0004560205646999999,4.083839517e-05,0.024922936,25.8066798,0.0004560205646999999,4.083839517e-05,0.006276069549999999,10.95986525,0.0004560205646999999,4.083839517e-05,0.00180983974,10.26072249,0.0004560205646999999,4.083839517e-05,0.005214147639999999,4.3611243e-06,3.09198697e-05,-0.12971792440000002,217.87877729999997,0.0389987494,-0.00298834476,-0.00358559075,7.79346954e-06,8.802330590000001e-05
355,1702944600,1.802144063,1.802170777,0.0015584730959999997,0.2775425370000001,4.5059499899999995,1.0820060970000003,1.72700268,1.506420978,0.6552815442000001,4.007291113999999,3.3252371200000004e-05,7.2152963199999995e-06,7.82266444e-06,1.0885937380000002e-05,1.607338894e-05,2.179126002e-05,5.45487578e-05,0.0001456302002,0.896067696,0.00437841109,0.00035540170209999997,62.9133821,50.5312965,5.9710827499999996e-05,6.80952623,0.0206545642,23.97515085,0.0011415174379999999,0.0001035773943,0.03968480349999999,78.8458363,0.0011415174379999999,0.0001035773943,0.00743337588,45.08090775,0.0011415174379999999,0.0001035773943,0.0034017189399999995,44.11267707,0.0011415174379999999,0.0001035773943,0.005692100730000001,2.2982072070000004e-05,4.963263740000001e-05,-0.13385223277,87.60420544,0.06136741720000001,0.0007335475700000002,-0.0007949765863000001,2.4878569379999998e-05,0.00024514905290000003
355,1702945200,0.8799628930000001,0.8799895990000002,-0.0015391281199999998,-1.2188520299999999,2.3357587900000003,0.827323975,1.2979896299999998,1.20438675,0.0872379073,0.7077343739999999,2.7113010299999998e-05,7.723936629999998e-07,9.57426943e-07,1.7828798500000003e-06,4.32307706e-06,7.695327339999999e-06,1.5954276989999998e-05,3.98957019e-05,0.43002551699999997,0.00963508459,0.00024898971800000003,79.22329450000001,52.07929459999999,2.9134698500000003e-05,7.0441429200000005,0.0150525758,10.583038600000002,0.000830369278,7.519378476e-05,0.030077695199999997,37.913614,0.000830369278,7.519378476e-05,0.00661852984,17.505823120000002,0.000830369278,7.519378476e-05,0.0023189362099999998,17.01228111,0.000830369278,7.519378476e-05,0.005684484930000001,1.646146557e-05,4.32930231e-05,-0.015004819250000006,33.255041399999996,0.03906482730000001,-0.0008688559410000001,-0.00267834744,1.0930751509999998e-05,8.05151315e-05
355,1702945800,0.7270855870000001,0.72711213,0.0012955150639999999,-0.797045386,2.36283464,0.724651141,1.22774998,1.09480843,0.1030462812,0.63805485,2.7215672799999997e-05,9.30880589e-07,1.157851027e-06,1.938583305e-06,3.7889942199999994e-06,6.4779796899999994e-06,2.1302005799999997e-05,3.8221559169999995e-05,0.351011085,0.012255026200000001,0.0002021538283,80.5429655,53.182309800000006,2.40578962e-05,7.127405,0.01367761485,9.402349599999999,0.0007664675966,6.930046942e-05,0.026966108499999995,31.3297935,0.0007664675966,6.930046942e-05,0.006437869090000001,15.049980490000001,0.0007664675966,6.930046942e-05,0.00209739032,14.569445979999998,0.0007664675966,6.930046942e-05,0.00568314994,1.786032219e-05,4.4480046e-05,-0.0035382418000000026,67.2784272,0.0469618457,-0.000605621427,-0.002626991808,1.357780794e-05,0.0001036479782
355,1702946400,0.628525934,0.6285524500000002,-0.0009659858399999998,-1.42472521,1.37535449,0.705314558,1.1291969899999998,1.043656852,0.034684608840000006,0.33835385700000004,2.74514314e-05,1.022252692e-06,1.03419738e-06,1.3218340940000002e-06,2.07187245e-06,2.94721018e-06,6.594286939999999e-06,1.082445364e-05,0.311567209,0.00262187085,4.71252946e-05,65.85027840000001,50.9210917,2.09006321e-05,6.0922440600000005,0.01229950945,6.682839400000001,0.00039384270889999994,3.518569207e-05,0.0255556754,27.2183624,0.00039384270889999994,3.518569207e-05,0.00623006497,10.15151245,0.00039384270889999994,3.518569207e-05,0.0017955873099999998,9.40342343,0.00039384270889999994,3.518569207e-05,0.005191465930000001,2.8948391300000005e-06,2.9370827900000002e-05,-0.099377066138,65.65082290000001,0.0202299028,-0.0031002663,-0.00364834137,3.62909298e-06,4.01109506e-05
355,1702947000,0.342259169,0.34228576,0.00549916421,-1.20467346,1.13309708,0.499807618,0.874414182,0.8151998840000001,0.018261261440000003,0.200920576,2.77654977e-05,1.2863582689999998e-06,1.377765717e-06,1.7071607879999998e-06,2.17601503e-06,2.883030165e-06,1.1889381349999999e-05,9.59204809e-06,0.168134756,0.00292953898,3.318660900000001e-05,66.6305945,51.9121395,1.137145975e-05,6.418137230000001,0.009186419210000001,3.86346027,0.0002935829084,2.6032785910000006e-05,0.018732754600000002,14.8512913,0.0002935829084,2.6032785910000006e-05,0.006028069400000001,6.773247060000001,0.0002935829084,2.6032785910000006e-05,0.001409551419,6.0701564,0.0002935829084,2.6032785910000006e-05,0.00519867977,2.6113724699999996e-06,2.9205247e-05,-0.05381158139999999,19.4877124,0.012424278649999999,-0.0030324705799999996,-0.00360741267,1.5390111e-06,1.9108021799999998e-05
355,1702947600,0.201560727,0.201587533,0.003037488227,-1.22671085,0.9451413580000001,0.39162387199999993,0.661745182,0.61498128,0.01364382804,0.14562767940000002,2.7303387400000004e-05,5.87878266e-07,7.427397579999999e-07,1.043685399e-06,1.270563336e-06,1.762999223e-06,5.800341709999999e-06,6.52996623e-06,0.0986088427,0.00212269727,3.05778812e-05,67.1134397,52.25199679999999,6.69492688e-06,6.561238589999999,0.00709908343,2.28964229,0.00022925754,2.006108498e-05,0.014405598449999998,8.643514769999998,0.00022925754,2.006108498e-05,0.005916141840000001,5.05073856,0.00022925754,2.006108498e-05,0.0012081340160000002,4.3424507199999995,0.00022925754,2.006108498e-05,0.00525531687,3.5361516699999995e-06,3.0314585900000003e-05,0.1721938227,110.6809033,0.0259064262,-0.0034728494800000003,-0.0039721824099999995,3.95887418e-06,4.06135393e-05
355,1702948200,0.2090945616,0.2091212444,0.000864330799,-1.26958816,0.937266103,0.398036901,0.66215772,0.6090936020000001,0.0136922556,0.1382707064,2.72211912e-05,6.108477976e-07,7.4921934e-07,9.82016187e-07,1.200951317e-06,1.550005077e-06,3.97831838e-06,5.53680445e-06,0.1029099279,0.00159431651,2.78812603e-05,67.44820949999999,51.764907300000004,6.948631689999999e-06,6.5590497999999995,0.0070111902200000005,2.2917566099999997,0.0001400288777,1.1927094723999999e-05,0.014515554699999999,8.96204935,0.0001400288777,1.1927094723999999e-05,0.00584351543,4.2135274,0.0001400288777,1.1927094723999999e-05,0.0011362377049999998,3.40833723,0.0001400288777,1.1927094723999999e-05,0.00524396278,2.73269734e-06,2.9415203500000002e-05,0.008861817400000008,54.482947,0.0168855918,-0.00367676985,-0.00409243902,2.5332368600000005e-06,2.5509118099999997e-05
355,1702948800,0.1076649805,0.10769171550000001,0.0076864811500000005,-0.9836745839999999,0.7597731839999999,0.272896493,0.513278167,0.467264267,0.007072025149999999,0.0701278623,2.6895898699999997e-05,2.5611773900000005e-07,5.078825966e-07,7.53379801e-07,8.26776868e-07,7.10761561e-07,4.0038651200000004e-06,4.41168031e-06,0.05178692,0.0020061264399999995,2.7769198399999996e-05,71.72378440000001,53.8023225,3.57628689e-06,6.714491010000001,0.00524313879,1.33832656,0.0001048323937,8.743005780000001e-06,0.0104646171,4.58454088,0.0001048323937,8.743005780000001e-06,0.00565618993,2.7750169399999995,0.0001048323937,8.743005780000001e-06,0.0009012056059999999,2.0256205510000003,0.0001048323937,8.743005780000001e-06,0.0052965780200000005,4.32670745e-06,3.10055774e-05,-0.0769206888,34.2124051,0.014285098000000001,-0.003118329087,-0.00387013115,2.66194915e-06,2.25571307e-05
355,1702949400,0.0919642568,0.09199102360000001,0.0057373666900000005,-0.8911665070000001,0.704796513,0.245818827,0.483389746,0.44262600600000007,0.004782763569999999,0.0567536806,2.70340961e-05,2.9616725889999997e-07,3.9957326800000007e-07,5.312180880000001e-07,6.08151751e-07,8.16792665e-07,3.5442536500000003e-06,2.6977762599999997e-06,0.0436260965,0.0023277925899999998,1.90437889e-05,72.7570509,55.121360700000004,3.05374075e-06,6.70810851,0.0048042903,1.0984702809999998,8.025508169999999e-05,6.496855750000001e-06,0.0096238048,3.858955939999999,8.025508169999999e-05,6.496855750000001e-06,0.00561958473,2.33715399,8.025508169999999e-05,6.496855750000001e-06,0.000776389327,1.5731932929999999,8.025508169999999e-05,6.496855750000001e-06,0.005222818669999999,1.8553659300000001e-06,2.8620522e-05,-0.051506573,54.7623146,0.01318337365,-0.00389077944,-0.00421118207,1.89033074e-06,2.0690379699999998e-05
355,1702950000,0.1112557979,0.11128247150000001,-0.0036580645100000005,-1.21929741,0.734872446,0.290335734,0.49760269200000007,0.4548888809999999,0.0075640597,0.07529332879999998,2.6838472200000004e-05,1.9838356300000001e-07,2.89279425e-07,3.8200284800000007e-07,4.798615819999999e-07,7.27900935e-07,1.510252289e-06,2.8486758e-06,0.0540695522,0.00153158679,2.0058452899999998e-05,71.7190534,52.850474399999996,3.6947984099999993e-06,6.658895079999999,0.00516660885,1.25159163,0.00014062403240000003,1.199668242e-05,0.0106717803,4.7666578600000005,0.00014062403240000003,1.199668242e-05,0.0057540208100000005,3.4138528700000004,0.00014062403240000003,1.199668242e-05,0.00094841965,2.6746745229999997,0.00014062403240000003,1.199668242e-05,0.00521961561,1.7522858499999999e-06,2.8472447900000002e-05,-0.1227097458,76.291053,0.01545593885,-0.0040838527,-0.00437992901,2.09612197e-06,2.24453455e-05
355,1702950600,0.1175998072,0.1176262192,-0.006249777640000001,-1.2912643,0.7674234179999999,0.303312344,0.504090404,0.4543638679999999,0.00949106248,0.077763726,2.65316418e-05,1.72573463e-07,2.66374954e-07,3.88043724e-07,5.20202994e-07,7.86375614e-07,1.5688506e-06,3.0844862999999997e-06,0.05722665539999999,0.00154579148,2.0500133e-05,71.371912,52.648611800000005,3.9068152599999995e-06,6.61388416,0.00539849142,1.36962908,0.00016418617479999997,1.4160569499999998e-05,0.0110180735,5.06816774,0.00016418617479999997,1.4160569499999998e-05,0.0057506161,3.82319898,0.00016418617479999997,1.4160569499999998e-05,0.001010634992,3.0702055600000002,0.00016418617479999997,1.4160569499999998e-05,0.00519752194,2.5205408800000003e-06,2.88433274e-05,-0.16376783199999997,45.2035048,0.013826179,-0.00367239744,-0.00417504428,2.0812507e-06,2.33170066e-05
355,1702951800,0.85990369,0.8599152700000001,-0.001204627488,-1.4512601,1.73109035,0.8307513630000001,1.2881268,1.2139870599999998,0.0494472351,0.51266175,1.206750862e-05,6.78643882e-07,6.236392245000001e-07,9.365275835e-07,1.73600283e-06,2.385721956e-06,4.361452173e-06,1.0859979919999998e-05,0.42785571200000005,0.00202106856,5.3015129800000006e-05,64.8581433,50.492366100000005,2.86057908e-05,5.84884903,0.014566019600000002,9.230082079999999,0.0008639026519999999,7.867704550000001e-05,0.030167669200000004,37.77288990000001,0.0008639026519999999,7.867704550000001e-05,0.00498059499,17.94044992,0.0008639026519999999,7.867704550000001e-05,0.00244560774,17.819098540000002,0.0008639026519999999,7.867704550000001e-05,0.0033934196999999998,3.6073866199999997e-06,1.53103482e-05,-0.05728510716,65.63037576,0.0244231703,-0.0008400049629999999,-0.001498075212,3.7224705349999995e-06,3.298354740000001e-05
355,1702952400,1.2357161099999998,1.23573659,-0.0008741967867000001,-1.3095532300000001,2.5793662100000003,0.988491501,1.59136107,1.38240469,0.1653816972,0.9832624400000001,2.19118449e-05,1.993544475e-06,2.351389955e-06,3.555965574e-06,6.5075061999999996e-06,1.04802538e-05,2.023318053e-05,4.6469548099999996e-05,0.608831632,0.008711875689999999,0.00022147181329999999,71.50497469999999,51.351038599999995,4.10038676e-05,6.7182229399999995,0.0175686048,14.466919749999999,0.0010618078001000003,9.650732861999999e-05,0.0355269871,53.686727499999996,0.0010618078001000003,9.650732861999999e-05,0.00622786484,24.68513667,0.0010618078001000003,9.650732861999999e-05,0.00271955078,24.34484408,0.0010618078001000003,9.650732861999999e-05,0.005069737099999999,2.2278550339999998e-05,4.26895488e-05,-0.14761372076000004,150.8627046,0.07189088619999999,-6.888537000000004e-05,-0.0017781942249999998,2.302350286e-05,0.00018698722854999997
355,1702953000,1.3406954829999997,1.3407181839999998,-0.0005588230329999999,-1.214411187,2.60647954,1.0163695800000003,1.7154149100000002,1.44863173,0.149146029,0.918286997,2.4717277799999998e-05,2.9437569850000002e-06,3.885673966999999e-06,6.5183450259999996e-06,1.242839302e-05,2.060512972e-05,4.26627958e-05,0.0001022312609,0.647889515,0.02175191539,0.0005126693274,80.28416639999999,53.285643500000006,4.4331890200000004e-05,7.206109020000001,0.018977579,18.1971953,0.0007098142547999999,6.432453076e-05,0.036621834000000006,57.526677199999995,0.0007098142547999999,6.432453076e-05,0.0061080174299999995,18.739210189999998,0.0007098142547999999,6.432453076e-05,0.00247495951,18.20544168,0.0007098142547999999,6.432453076e-05,0.006298021280000001,5.2944069e-05,7.565266919999999e-05,-0.1135709631,29.865902339999998,0.0736262613,0.004086235540000001,0.00030043601999999993,2.8729960340000002e-05,0.0001879776762
355,1702953600,0.7137241520000001,0.7137482980000001,-0.0014027269674999998,-0.872299019,2.21815518,0.7238275439999999,1.20622433,1.0094933,0.11401487669999999,0.6317148269999999,2.70999212e-05,3.115650913e-06,3.926590817e-06,5.676731820000001e-06,9.315867800000003e-06,1.6583630319999998e-05,3.21192709e-05,8.188047789999999e-05,0.34157184199999996,0.0147633657,0.0003712920467,80.51422120000001,54.001956500000006,2.3516403200000002e-05,7.402229919999999,0.013619289449999999,10.340502560000001,0.0010261627796999998,9.316663582e-05,0.026096346399999998,30.482682599999997,0.0010261627796999998,9.316663582e-05,0.0064094753,20.467870060000003,0.0010261627796999998,9.316663582e-05,0.002349390585,20.058493808,0.0010261627796999998,9.316663582e-05,0.0059062459800000005,3.290911944e-05,5.71231711e-05,-0.025658680500000003,37.3516051,0.0623325408,0.0015190356999999998,-0.0015853481071999998,1.955955938e-05,0.0001292850177
355,1702954200,0.7939417650000001,0.793966895,0.00046951362199999997,-0.548057411,2.4989637499999997,0.7488566339999999,1.3978176500000001,1.0343565790000002,0.1357966266,0.693833463,2.6894572099999997e-05,2.37732104e-06,3.30171976e-06,5.85043836e-06,1.0949122129999998e-05,2.037173187e-05,4.23278626e-05,0.00012050478170000001,0.37044941500000006,0.0257149006,0.0005990480990000001,84.8958906,56.3530123,2.6032400000000005e-05,7.58135803,0.0149525807,12.95401807,0.0010278104087000002,9.332485495e-05,0.027231637300000007,33.4836734,0.0010278104087000002,9.332485495e-05,0.00643958391,19.739513230000004,0.0010278104087000002,9.332485495e-05,0.0024458489600000005,19.42833226,0.0010278104087000002,9.332485495e-05,0.006506736139999999,4.76787718e-05,7.26578912e-05,0.015501928199999997,14.121794650000002,0.048651694300000006,0.00426333796,0.00019468505499999994,1.8133416950000002e-05,9.381182569999999e-05
355,1702954800,0.6090089470000001,0.6090343069999999,0.0006530596360000001,-0.5710413381999999,2.17101628,0.6532171809999999,1.1595353849999999,0.90659017,0.11448440089999998,0.5518572180000001,2.61399396e-05,1.1523862066e-06,1.8647158793999997e-06,3.5641014923000002e-06,7.603071311999999e-06,1.5198453831999998e-05,3.4443147349999995e-05,9.455730286e-05,0.281984007,0.021877583040000002,0.0004836342796000001,84.73181299999999,56.89202409999999,1.99649131e-05,7.357958860000002,0.0130894177,10.45934225,0.0012679243289,0.00011531722055000001,0.0234797064,25.2860798,0.0012679243289,0.00011531722055000001,0.0065422360799999996,24.401817189999996,0.0012679243289,0.00011531722055000001,0.00234483263,24.08787066,0.0012679243289,0.00011531722055000001,0.00615032317,3.6550666e-05,6.19811984e-05,0.028906696600000004,59.69180521,0.05831641540000001,0.002135710436,-0.0011240238824,1.859826193e-05,0.0001248580579
355,1702955400,0.554017608,0.5540432500000001,-0.0015455143059999999,-0.6056533143,2.1242898,0.6206283170000001,1.081345501,0.876664267,0.10889092289999999,0.536524722,2.7867004499999998e-05,2.6162691846e-06,3.1671325580000003e-06,5.050832776e-06,7.749589446e-06,1.3028647155000002e-05,2.7953118880000002e-05,6.30436708e-05,0.26331472399999994,0.013272661080000001,0.0002965599053,83.0505266,54.37287200000001,1.82430381e-05,7.43392106,0.011791162599999998,8.17102482,0.0009657695346999999,8.75682112e-05,0.0226664124,23.5884447,0.0009657695346999999,8.75682112e-05,0.0064281055399999995,19.46766268,0.0009657695346999999,8.75682112e-05,0.00210710838,19.06752241,0.0009657695346999999,8.75682112e-05,0.005852952439999999,2.6533551200000002e-05,5.2114064400000004e-05,0.0324080489,34.53471435,0.044079182099999996,0.0004486025079999999,-0.002132623962,1.521807445e-05,9.27977237e-05
355,1702956000,0.707820546,0.707846388,-0.0006476251042000002,-0.073730316,2.67806932,0.6866694350000001,1.306389846,0.946341396,0.141708822,0.6980600050000001,2.74064273e-05,2.1892577219999997e-06,3.2551697200000005e-06,5.92000089e-06,1.0999609069999999e-05,2.07641268e-05,4.2169626600000004e-05,0.0001143425155,0.32465310399999997,0.028476413420000003,0.000579545458,85.7263991,57.84505359999999,2.31858473e-05,7.654692970000001,0.014063166450000003,12.164685420000001,0.000522968527,4.69426355e-05,0.0248533591,28.5102123,0.000522968527,4.69426355e-05,0.006362961589999999,12.639030949999999,0.000522968527,4.69426355e-05,0.00228317258,11.96406339,0.000522968527,4.69426355e-05,0.006725676599999999,5.2652740799999994e-05,7.85043294e-05,0.03185043120000001,13.352202029999997,0.055616927299999994,0.00499312921,0.0006563950300000001,2.2127161300000002e-05,0.0001267175527
355,1702956600,0.291591176,0.29161722800000006,0.0017649946819999999,-0.730121176,1.5743730550000001,0.4569544790000001,0.792886702,0.659570139,0.06527134264,0.324721611,2.65513826e-05,6.374793996e-07,8.64848612e-07,1.3833032024e-06,2.5185124259999997e-06,4.4249221440000005e-06,8.926629804e-06,2.6078277330000002e-05,0.1348674274,0.010738406150000001,0.00014408400800000002,82.89410790000001,57.0825914,9.608603179999998e-06,7.2200294099999995,0.00850194732,3.9500266600000002,0.00020772676599999998,1.810102441e-05,0.01629798035,11.9038217,0.00020772676599999998,1.810102441e-05,0.00586574936,5.893754239999999,0.00020772676599999998,1.810102441e-05,0.001323143454,5.117634539999999,0.00020772676599999998,1.810102441e-05,0.005408014910000001,1.0327780069999999e-05,3.6430788700000005e-05,0.06643913205999999,143.4922294,0.047431908200000004,-0.0018912951460000002,-0.0034874057899999997,9.8610112e-06,8.72967867e-05
355,1702957200,0.20692533799999996,0.206951493,-0.00428268807,-1.0708185000000001,0.996592923,0.383630622,0.69557121,0.5869304129999999,0.030655059560000003,0.16078893600000002,2.6626232600000003e-05,4.997799359999999e-07,6.36028083e-07,8.808948940000001e-07,1.487953039e-06,2.448232442e-06,5.524596658e-06,1.4269427410000001e-05,0.0964618895,0.0068926523000000005,8.187350990000001e-05,75.73365730000002,54.9562696,6.83213553e-06,6.72476197,0.007020991440000001,2.60523056,0.00015422553949999998,1.323422017e-05,0.0138906396,8.46229385,0.00015422553949999998,1.323422017e-05,0.005680892460000001,3.4424424700000005,0.00015422553949999998,1.323422017e-05,0.0010500839079999999,2.7247517300000004,0.00015422553949999998,1.323422017e-05,0.00527191704,5.53237073e-06,3.16314375e-05,-0.22057819099999998,64.1130118,0.0235400154,-0.0028002274069,-0.0037947879200000006,4.160390789999999e-06,3.69650506e-05
355,1702957800,0.164112317,0.16413833900000002,-0.007875621959999999,-1.2256258760000003,0.9281158350000001,0.35494454499999994,0.583855324,0.540729006,0.01309878974,0.1159222805,2.6285254e-05,3.195139234e-07,4.0361949199999997e-07,5.858817149999998e-07,1.0652759509999999e-06,1.4899709840000001e-06,2.74100153e-06,5.56741595e-06,0.0795896044,0.00242008566,3.40193858e-05,71.6620995,52.83680400000001,5.44564093e-06,6.6956418499999995,0.0062748383,1.8789485,0.00012410967239999998,1.052047309e-05,0.012936545050000001,6.95053114,0.00012410967239999998,1.052047309e-05,0.00566137719,3.3306372700000004,0.00012410967239999998,1.052047309e-05,0.000983097489,2.5695856040000002,0.00012410967239999998,1.052047309e-05,0.00520341372,3.67993003e-06,2.97332088e-05,-0.04568726399999999,140.7794667,0.027157976099999998,-0.003764567,-0.00421215105,5.03187843e-06,5.11054052e-05
355,1702958400,0.170774304,0.17080040000000002,-0.00733706037,-1.201281025,0.9512165290000001,0.359673433,0.599793299,0.537691421,0.0178798938,0.12283741919999999,2.6341558500000002e-05,4.5148817800000004e-07,8.703877983999999e-07,1.4325788719999999e-06,1.753527521e-06,2.1316857000000005e-06,4.04879068e-06,1.067265769e-05,0.0814766125,0.0038211783799999995,6.76976626e-05,73.9329916,53.655270200000004,5.65754174e-06,6.806517019999999,0.006671486129999999,2.2612594,0.00016294589229999998,1.4036646749999998e-05,0.013061823900000002,7.24146099,0.00016294589229999998,1.4036646749999998e-05,0.00571545019,3.78165866,0.00016294589229999998,1.4036646749999998e-05,0.0011143983559999998,3.0397535850000006,0.00016294589229999998,1.4036646749999998e-05,0.005444854420000001,9.845795854e-06,3.59200351e-05,0.0682503182,44.0792755,0.020244568499999997,-0.0018394707500000002,-0.0033648447,4.74094665e-06,3.32700683e-05
355,1702959000,0.0462738498,0.046300172,0.0028840992639999996,-0.964566735,0.5516793370000002,0.18096861150000002,0.29243392300000004,0.25279521699999996,0.00580441988,0.038903592900000006,2.6414297900000002e-05,1.2643461220000002e-07,2.55652149e-07,6.10176067e-07,4.1474758699999996e-07,5.4711876e-07,1.701991333e-06,2.46685464e-06,0.021603735670000002,0.0015077192,1.91928702e-05,76.285621,59.5567901,1.534843227e-06,7.128381560000001,0.0034531925700000007,0.6308319250000001,8.63079687e-05,7.1681657e-06,0.00630887802,1.9545533940000002,8.63079687e-05,7.1681657e-06,0.00547730563,2.167835955,8.63079687e-05,7.1681657e-06,0.000622811079,1.4229867895,8.63079687e-05,7.1681657e-06,0.00521218086,3.01782979e-06,2.9314093999999998e-05,-0.1498910352,65.08174580000001,0.016704419749999998,-0.00348711187,-0.003939794579999999,2.5618174600000004e-06,2.4582782399999995e-05
355,1702959600,0.07250150390000001,0.07252798099999999,0.00021697421000000007,-0.600717632,0.626719137,0.21423726540000004,0.368073738,0.32685997999999994,0.0063526986499999995,0.05633707125,2.6673350799999997e-05,2.5515315399999996e-07,5.43218274e-07,9.31134731e-07,6.93067084e-07,7.641027100000001e-07,1.8236026689999998e-06,4.217093079999999e-06,0.03471272970000001,0.0015021254599999999,2.6397209050000002e-05,75.57991559999999,59.651673300000006,2.40700966e-06,7.05361501,0.00402275902,0.926946633,0.0001392021894,1.1958192049999999e-05,0.00769948677,3.0933196799999996,0.0001392021894,1.1958192049999999e-05,0.00562655525,3.14262624,0.0001392021894,1.1958192049999999e-05,0.000816148057,2.407476577,0.0001392021894,1.1958192049999999e-05,0.0052850866400000005,4.20338654e-06,3.06803899e-05,0.31565252159999996,79.7341974,0.015335234150000002,-0.0031124186499999996,-0.0038957427500000003,2.26777937e-06,2.26454416e-05
355,1702960200,0.1447605504,0.1447869605,-0.00258557856,-1.1479475200000002,0.837663068,0.32867902000000004,0.5702049,0.516053249,0.01389589979,0.09812667650000001,2.66020448e-05,2.3988510259999995e-07,3.115150211e-07,4.655700696e-07,5.12117221e-07,6.8646265e-07,1.5393205840000004e-06,3.07987316e-06,0.07057143199999999,0.0017843743,1.743686185e-05,70.8720693,52.5549483,4.813933469999999e-06,6.51535944,0.005749737530000001,1.56557101,0.00018284195929999997,1.590655637e-05,0.012044191749999999,6.14757552,0.00018284195929999997,1.590655637e-05,0.005778753730000001,4.24066643,0.00018284195929999997,1.590655637e-05,0.001046350702,3.530999798,0.00018284195929999997,1.590655637e-05,0.0051893518,2.03263654e-06,2.8425742700000004e-05,0.003577331199999996,55.0825205,0.013737851150000003,-0.00366952085,-0.0041422627,1.65282268e-06,1.9424177400000003e-05
355,1702960800,0.359052619,0.359079064,-0.001321928653,-1.45297831,1.076132841,0.5359138210000001,0.8452757889999999,0.7942742449999999,0.01694576765,0.19014525200000001,2.7233227400000002e-05,9.191815310000002e-07,9.585222306e-07,1.2381753059999998e-06,1.633842641e-06,2.1266824680000003e-06,3.709437214e-06,7.448516659999999e-06,0.17783435100000003,0.0016446572199999999,2.84705079e-05,64.53883699999999,50.9909772,1.19386291e-05,6.311035919999999,0.00928137645,3.7723189399999995,0.0002513397055,2.216855925e-05,0.0193357194,15.5908195,0.0002513397055,2.216855925e-05,0.00598783566,6.618768560000001,0.0002513397055,2.216855925e-05,0.0014070366699999999,5.9091907856,0.0002513397055,2.216855925e-05,0.00517450151,1.8013169600000001e-06,2.82750571e-05,0.0945894875,30.932078500000006,0.012839311849999998,-0.00339793355,-0.00390461983,1.51027592e-06,1.8537966350000002e-05
355,1702961400,0.40291879500000005,0.40294507399999996,-0.00240210328,-1.45550553,1.17352332,0.5713345360000001,0.9017525259999999,0.8319629049999999,0.0268978396,0.229080813,2.7292870799999995e-05,1.1526490740000001e-06,1.232046446e-06,1.6792274620000003e-06,2.074552782e-06,2.5998152e-06,4.3442140569999995e-06,7.888752210000002e-06,0.200001802,0.00140546571,3.0156888299999998e-05,64.5996803,50.70981569999999,1.3398757800000001e-05,6.1102963,0.00999215405,4.31710926,0.00039425186559999997,3.522361823e-05,0.020668141199999997,17.7228049,0.00039425186559999997,3.522361823e-05,0.0060801039,7.932968540000002,0.00039425186559999997,3.522361823e-05,0.0015346774900000001,7.327412,0.00039425186559999997,3.522361823e-05,0.005185555640000001,3.1779661300000005e-06,2.95270366e-05,-0.03345575904,114.24863760000001,0.025342650249999998,-0.00320824744,-0.00374332618,4.376382279999999e-06,4.80750281e-05
355,1702962000,0.673667146,0.673693588,-0.0018033433796,-1.1103575509999999,1.8226306200000004,0.706971333,1.2164996430000001,1.021418694,0.09543873570000001,0.47191461200000007,2.77870178e-05,2.06653096e-06,3.444860525e-06,5.897785249999999e-06,1.0920728999999998e-05,1.87984309e-05,3.367696717e-05,7.632029871e-05,0.317750332,0.018479953360000002,0.0004507084121,77.2611093,54.3933041,2.22318062e-05,7.2349222300000005,0.013587684499999999,10.29216144,0.0011404806059999999,0.0001035286977,0.025238194199999998,28.351399199999996,0.0011404806059999999,0.0001035286977,0.006528249089999999,20.504753049999998,0.0011404806059999999,0.0001035286977,0.0023050667599999997,20.24636229,0.0011404806059999999,0.0001035286977,0.006790366079999999,5.380049659000001e-05,8.022145929999999e-05,0.021238867,21.706656680000002,0.048185924399999996,0.0037472818000000006,0.00039543426500000003,2.241035329e-05,0.0001329106313
355,1702962600,0.2833774332,0.28340383640000005,-0.0006576504949999999,-0.561671079,1.8407812449999998,0.40481217999999997,0.73663499,0.614643747,0.05933503758999999,0.3455524199,2.7132521900000003e-05,1.1659332657e-06,2.0472623164e-06,3.708505534e-06,6.651079067000001e-06,1.2032559209e-05,2.1596955115999997e-05,4.908824635e-05,0.12707801857,0.01424153971,0.00027188404809999996,77.7554383,58.3155555,9.291764466e-06,7.318973299999999,0.00799615523,5.173741311999999,0.0007741916296000001,7.008324326999998e-05,0.014344039940000003,11.296281545000001,0.0007741916296000001,7.008324326999998e-05,0.00611208061,13.627568169999998,0.0007741916296000001,7.008324326999998e-05,0.001541179448,13.194418655000002,0.0007741916296000001,7.008324326999998e-05,0.0058582539500000004,3.4885243549999994e-05,6.127266610000002e-05,-0.22795364299999998,194.2275916,0.0980756055,-0.0007725905900000001,-0.002480950747,3.855878446000001e-05,0.0003250976406
355,1702963200,0.04803649520000001,0.048062837600000005,-0.0005794662030000001,1.2934386686,1.059594846,0.15487426399999998,0.322509842,0.224294349,0.01912646483,0.0818193944,2.64690944e-05,2.8145254239999996e-07,6.8754892e-07,1.511154252e-06,2.3567608719999996e-06,4.1433142259999995e-06,8.57980396e-06,1.9327249569999998e-05,0.01865634901,0.00519504353,0.00012966896159999998,85.87105030000001,67.21144740000001,1.5517096090000001e-06,7.938341209999999,0.00355396909,1.3790402419999999,0.00017561465399999998,1.540080885e-05,0.00537250487,1.748846998,0.00017561465399999998,1.540080885e-05,0.00549811849,3.419962848,0.00017561465399999998,1.540080885e-05,0.000692517979,2.7222524822999996,0.00017561465399999998,1.540080885e-05,0.00553066647,1.4188936630000002e-05,4.0542483500000005e-05,0.0867564709,126.77238549999997,0.05772543390000001,-0.0022029626300000002,-0.003780428040000001,1.47842394e-05,0.00012440066959999997
355,1702963800,0.20379523710000003,0.2038217129,-0.007009905698,3.3840544550000002,1.7603787500000003,0.29236505999999995,0.595743195,0.425562996,0.08872303881999999,0.3449569346,2.6712900900000004e-05,7.073557334e-07,2.3457802540000002e-06,4.122233771999999e-06,6.714465092e-06,1.2136565892999998e-05,2.2735757910000003e-05,5.325794705e-05,0.0717831729,0.02957279075,0.0004391477282,89.28577920000001,73.89028819999999,6.58459962e-06,7.769456119999999,0.006792385270000001,4.812121833,0.0006583967676,5.9798209970000004e-05,0.009487796730000001,6.647587229999999,0.0006583967676,5.9798209970000004e-05,0.00588489268,11.538759553999999,0.0006583967676,5.9798209970000004e-05,0.001364193544,11.169887707400001,0.0006583967676,5.9798209970000004e-05,0.006479874219999999,4.300558339e-05,6.94880383e-05,-0.061010662199999996,54.923844229999986,0.0508601074,0.0024138483500000005,-0.0006531232199999999,2.213153433e-05,0.0001456895713
355,1702964400,0.18675202669999996,0.1867786023,0.004715077882999999,3.51066622,1.6268746459999999,0.25785778000000004,0.585017848,0.374411433,0.08333594520000001,0.3387438242,2.68699316e-05,6.212124299999999e-07,1.5000365409999997e-06,3.1737835969999997e-06,5.49470095e-06,9.760167706999998e-06,1.8865040176e-05,4.857370933e-05,0.06809223900000001,0.02486131414,0.0003337219322,85.781583,70.64647989999999,6.002214656999999e-06,7.5460015500000015,0.0057550083,4.4591128499999995,0.00040457540220000004,3.637618866e-05,0.00849222503,6.281437584000001,0.00040457540220000004,3.637618866e-05,0.005863331329999999,9.441011499999998,0.00040457540220000004,3.637618866e-05,0.001182862866,8.7604717768,0.00040457540220000004,3.637618866e-05,0.006089922459999999,3.267907645000001e-05,5.9260571500000005e-05,-0.01699266095,46.1513021,0.04914096019999999,0.0001767220099999999,-0.0023116451,1.938790984e-05,0.00013675078039999998
355,1702965000,0.3163205778,0.31634719899999997,-0.0009248998649999997,4.705378165,2.1000641100000004,0.3644090776,0.759773193,0.587417944,0.11274239412,0.5718336669999999,2.6882765100000002e-05,7.8469489e-07,2.218576893e-06,4.594176746000001e-06,7.695757930000001e-06,1.4728663285999998e-05,3.035172207e-05,7.740278747e-05,0.12321225526999999,0.03431036024999999,0.0004993626839,86.8074754,69.13657750000002,1.019576062e-05,7.6704799999999995,0.00813643504,7.118680301,0.0008356739236999999,7.576774951000001e-05,0.01271432613,11.62116254,0.0008356739236999999,7.576774951000001e-05,0.00611166929,15.367667776000001,0.0008356739236999999,7.576774951000001e-05,0.0016366353770000002,15.034516736399999,0.0008356739236999999,7.576774951000001e-05,0.00657124241,4.9905034740000004e-05,7.64840253e-05,-0.20192674040000003,57.1414842,0.053434774750000004,0.0024703223650000003,-0.0007713216319999999,2.269834089e-05,0.0001295123679
355,1702965600,0.252855125,0.25288153859999996,0.00214821259,1.110417606,1.88218246,0.357273475,0.7386225430000001,0.573955027,0.0822108268,0.4739134912,2.6729699e-05,6.01594981e-07,1.284628846e-06,2.791223332e-06,5.3503697e-06,9.757738216999999e-06,2.1589732979999998e-05,5.7988959880000016e-05,0.10313935379999999,0.02282255366,0.00036583398789999996,82.1357759,60.847432500000004,8.1784578e-06,7.377052040000001,0.0074067043,5.243883480000001,0.000237133302,2.086594019e-05,0.012823543899999998,9.49696955,0.000237133302,2.086594019e-05,0.00586213867,7.774820620000002,0.000237133302,2.086594019e-05,0.001276164874,6.951989110000001,0.000237133302,2.086594019e-05,0.0059281863999999995,2.882175666e-05,5.52672051e-05,-0.23324970345,128.4789668,0.054169596349999995,-0.0007181826400000002,-0.00249689623,1.714672657e-05,0.00011262135779999999
355,1702966200,0.15969178675,0.1597185039,0.0005720160100000002,0.16770956740000004,1.054982232,0.23869071590000007,0.48263973800000004,0.366761196,0.04793974912,0.191625987,2.7058913099999997e-05,5.317763459999999e-07,9.91030268e-07,1.9275413039999997e-06,3.3307491929999993e-06,6.917701321999999e-06,1.3422635056000001e-05,3.7525025199999996e-05,0.06256316120000001,0.016987597120000003,0.00023007386129999998,79.18119490000001,65.53445300000001,5.170251592000001e-06,7.39404971,0.005014165179999999,3.318124405,0.0004792418615999999,4.313779221999999e-05,0.0082792383,5.74585433,0.0004792418615999999,4.313779221999999e-05,0.005861266899999999,10.94313309,0.0004792418615999999,4.313779221999999e-05,0.0011071421589999998,10.320169829100001,0.0004792418615999999,4.313779221999999e-05,0.00570458434,1.913211889e-05,4.582412189999999e-05,-0.0842668688,54.8181043,0.031614032400000006,-0.0018273920839999998,-0.00313242142,1.0166403830000002e-05,6.0870432199999997e-05
355,1702966800,0.1413406498,0.1413672878,0.008458080316,6.029786399299999,1.6694759099999998,0.22294687200000002,0.519840862,0.308371917,0.07216911943,0.2918528911,2.7179182400000003e-05,8.945044380000002e-07,2.549450631e-06,3.906058043e-06,5.932514314e-06,9.712044141e-06,2.0758978170000003e-05,5.957306863500001e-05,0.057183826630000004,0.013093208180000001,0.00028941602010000003,82.91936949999999,67.86119010000002,4.552536444e-06,7.731181390000001,0.00559979683,4.067940684000001,0.00023995480529999998,2.12694756e-05,0.00790619669,5.409783066999999,0.00023995480529999998,2.12694756e-05,0.00565427885,4.96366057,0.00023995480529999998,2.12694756e-05,0.0010707007530000002,4.3082175148,0.00023995480529999998,2.12694756e-05,0.00615606846,3.536357244e-05,6.2034714e-05,0.06373225870000002,175.4746177,0.0883792582,0.0012181131529999999,-0.0020043713800000002,3.0200462689999997e-05,0.0002739303677
355,1702967400,0.2127328954,0.2127596144,0.0012495303240000002,3.6019035520000005,2.0471125,0.308979067,0.711696726,0.46235161199999997,0.08287724580000001,0.3394911204,2.72483819e-05,1.2243035669999998e-06,3.2226385500000006e-06,5.90085335e-06,8.30006216e-06,1.3619170569999998e-05,2.8888513499999997e-05,7.77441469e-05,0.0900929838,0.015713285240000003,0.000420719852,85.38258450000001,67.0881946,6.8738429900000005e-06,7.85112261,0.00753441088,5.51940615,0.0001900942783,1.6608231830000002e-05,0.01093687448,8.22807487,0.0001900942783,1.6608231830000002e-05,0.005889596079999999,6.4163966299999995,0.0001900942783,1.6608231830000002e-05,0.00147381733,5.61997817,0.0001900942783,1.6608231830000002e-05,0.006557707739999999,4.8386424100000005e-05,7.512622740000002e-05,0.12479013409999999,57.512888149999995,0.0918776703,0.0040334306949999996,-0.00013662411509999988,3.37898852e-05,0.0002559860886
355,1702968000,0.188985811,0.18901269299999998,-0.0034179044290000003,-0.54904499465,1.42455597,0.361937858,0.629569223,0.532366248,0.0453488092,0.259140267,2.7234851499999996e-05,6.206005880000001e-07,1.3623262543e-06,2.348986118e-06,3.6081946439999997e-06,5.874159108999999e-06,1.2207578909999999e-05,2.9013920020000005e-05,0.08714167,0.007139462660000001,0.0001562650668,80.08589650000002,56.192475200000004,6.202413180000001e-06,7.212140439999999,0.00693069893,3.10837768,0.00014591089969999998,1.244904244e-05,0.013142944899999998,7.82616848,0.00014591089969999998,1.244904244e-05,0.00575054401,3.44456372,0.00014591089969999998,1.244904244e-05,0.00109536471,2.6992771259999997,0.00014591089969999998,1.244904244e-05,0.00568572101,2.05132918e-05,4.73724065e-05,0.09998087165999998,93.7234794,0.0595751288,-0.0015270518400000003,-0.00317029764,2.3274849439999996e-05,0.00019706143200000004
355,1702968600,0.366988586,0.36701503900000004,-0.046454180062,0.05312640700000006,2.1685787359999997,0.487748397,0.912177832,0.744397711,0.09982366572999998,0.5106912981,3.3442903599999996e-05,1.10257555016e-05,1.1270307910999998e-05,1.19147295968e-05,1.474809204e-05,1.9931850959999998e-05,2.9405148655000002e-05,6.521098275e-05,0.16927830300000002,0.01340818928,0.0006369030977000001,80.86869420000001,56.6159402,1.2024503790000001e-05,7.34370342,0.009461289270000001,7.798210620000001,0.0005281461923,4.8934720020000005e-05,0.017713182799999998,16.660734249999997,0.0005281461923,4.8934720020000005e-05,0.00584774131,4.4149728999999995,0.0005281461923,4.8934720020000005e-05,0.00133986659,3.6453164300000003,0.0005281461923,4.8934720020000005e-05,0.005992330779999999,0.00013360895277,0.0001601253073,-4.1515131458,398.8012585,0.15924556045000002,-0.000452596294,-0.00307638356,0.00058669191249,0.0062367927089
355,1702969200,0.543541054,0.54356764,0.007088584947999998,0.010351328000000059,2.43281175,0.596056009,1.133397096,0.878689305,0.1322802281,0.68120051,2.74129045e-05,1.4552867029999998e-06,2.87032371e-06,5.60086223e-06,9.663915630000001e-06,1.7761494200000003e-05,3.77525384e-05,0.0001031012023,0.2378338903,0.0331806429,0.000576388089,88.212686,61.22231489999999,1.776957738e-05,7.713225749999999,0.012198730299999998,9.82321614,0.0004467836114,4.0004088990000006e-05,0.020771102700000002,21.555406769999998,0.0004467836114,4.0004088990000006e-05,0.006092345460000001,9.13939278,0.0004467836114,4.0004088990000006e-05,0.00178437458,8.523417779999999,0.0004467836114,4.0004088990000006e-05,0.00656294155,5.3310649e-05,7.983632019999999e-05,0.0027388082400000057,145.9923848,0.1396416754,0.003625871064,-0.00049057126,5.231319670000001e-05,0.000485526825
355,1702969800,1.667174396,1.6672011000000002,0.0008531142549999999,-0.49657596900000006,3.5498208299999994,1.0677356,2.07343824,1.6694384800000002,0.287280403,1.46539181,2.9840980900000004e-05,5.46516695e-06,9.71858382e-06,1.798647867e-05,3.3643562900000005e-05,6.394516080000001e-05,0.00012730788209999998,0.000325236578,0.7152442609999999,0.11585750040000001,0.0018982635599999998,88.85953989999999,63.151154399999996,5.439471639999999e-05,7.76866971,0.0234290049,31.3226848,0.003152138904,0.00028792815013999995,0.0374175539,64.1316649,0.003152138904,0.00028792815013999995,0.00757859602,57.98800105,0.003152138904,0.00028792815013999995,0.004042345259999999,58.75115360000001,0.003152138904,0.00028792815013999995,0.010406381880000001,0.00018287275699999998,0.00020955115899999997,0.037758034700000005,18.894424259999997,0.0992274095,0.015668581753,0.00864754421,5.78189348e-05,0.00039491242000000003
355,1702970400,0.8007254790000001,0.8007519550000002,0.00027099731,-0.691499802,2.77114707,0.736913151,1.38360473,1.1047462000000001,0.1645574979,0.8439085729999999,2.9113245900000005e-05,3.53084948e-06,4.93932697e-06,7.924819460000001e-06,1.428895187e-05,2.41236019e-05,4.375971829999999e-05,0.00010568999060000002,0.36313688699999996,0.03642377337,0.000594865085,82.8808092,56.8752388,2.6301788999999996e-05,7.545580670000001,0.014333367449999999,12.791471529999999,0.0016263195784000002,0.00014808400423000002,0.0262987709,32.259263100000005,0.0016263195784000002,0.00014808400423000002,0.006757744310000001,28.860633499999995,0.0016263195784000002,0.00014808400423000002,0.00258872699,28.86988163,0.0016263195784000002,0.00014808400423000002,0.00674780433,6.22360801e-05,8.87320487e-05,1.097160979,214.01178388999998,0.13285715650000002,0.00240142679,-0.00035938026999999975,4.86203941e-05,0.000406556732
355,1702971000,1.0470617130000002,1.047088534,0.0008085130359999999,-0.8807266499999999,3.0184296500000003,0.8760785849999999,1.56143517,1.2719263,0.20048665100000002,1.135494743,2.85860808e-05,2.79081603e-06,4.427234e-06,8.34226713e-06,1.47067255e-05,2.78678513e-05,5.8077001700000004e-05,0.00014793647,0.47976619600000003,0.04266571939999999,0.0008322186780000001,87.4380925,57.773006599999995,3.4325451799999994e-05,7.635522490000001,0.0171013569,17.1108427,0.0014494616612,0.00013187041107999998,0.030815864400000004,42.91661260000001,0.0014494616612,0.00013187041107999998,0.00692718499,29.92562446,0.0014494616612,0.00013187041107999998,0.00286550914,29.62802016,0.0014494616612,0.00013187041107999998,0.00699311417,7.391867139999999e-05,0.0001005723503,-0.16509387078999999,99.7794648,0.161015135,0.0043950664399999995,-0.00013124502000000008,6.54683232e-05,0.000591498218
355,1702971600,1.192008387,1.192035149,0.0006427780570000001,-0.9304617259999999,2.8637374,0.9396609380000001,1.65567554,1.3549163800000001,0.198760822,1.1161012160000001,2.8339135200000003e-05,2.6513616959999997e-06,4.41254194e-06,9.03569057e-06,1.7475073500000002e-05,3.41748597e-05,7.59019521e-05,0.00021792035360000003,0.512074421,0.0823363646,0.0012296810769999997,89.384154,63.11584230000001,3.8871585799999994e-05,7.680841410000001,0.019315423150000004,21.748913899999998,0.0010220127179,9.27046061e-05,0.032103512900000006,45.89286750000001,0.0010220127179,9.27046061e-05,0.0068012846000000005,27.34658939,0.0010220127179,9.27046061e-05,0.0029491241199999995,26.701315494,0.0010220127179,9.27046061e-05,0.0077936475499999994,9.01835314e-05,0.00011697420519999999,-8.172569999999949e-05,15.017590430000004,0.0653302402,0.00805571232,0.002667664112,3.0619429e-05,0.00015903419899999997
355,1702972200,1.4161032800000002,1.4161298839999998,0.00150673134,-0.189772538,3.2881003399999997,0.956656856,1.8699195899999999,1.422155906,0.25595967329999997,1.212266414,2.81446034e-05,2.693743365e-06,4.73721002e-06,9.66630025e-06,2.026188328e-05,4.071978582e-05,8.999768347e-05,0.00025248470139999996,0.602215921,0.10410591409999999,0.001304634277,87.0062078,63.7206153,4.6309763699999995e-05,7.61709747,0.0206334789,25.548477839999997,0.0025393335178,0.00023174777347000002,0.033689783800000005,54.71152169999999,0.0025393335178,0.00023174777347000002,0.00728497855,48.55050802,0.0025393335178,0.00023174777347000002,0.0034999366100000005,48.92243264,0.0025393335178,0.00023174777347000002,0.00856685123,0.0001126241714,0.0001393142811,-0.054642672200000006,17.57017936,0.08314627799999999,0.01092551403,0.004928943656999999,3.849404369999999e-05,0.0002682961126
355,1702972800,2.78537528,2.7854017399999997,0.002023280313,-0.3521528276,5.37410151,1.38118826,2.6291677899999994,2.01504901,0.6326923419999999,4.14395146,3.134701270000001e-05,7.300361550000001e-06,1.2937680510000001e-05,2.43992711e-05,4.9732720200000004e-05,9.784676099999999e-05,0.000216556651,0.000585413527,1.2717496540000002,0.11654934789999997,0.00338357165,87.8055194,60.0208045,9.08280946e-05,7.805181470000001,0.030986437300000003,56.049105299999994,0.0037517544014000004,0.00034302702101,0.0485767344,115.17535849999999,0.0037517544014000004,0.00034302702101,0.00777486714,67.6184446,0.0037517544014000004,0.00034302702101,0.00456498583,68.5825758,0.0037517544014000004,0.00034302702101,0.01150037755,0.000263842606,0.00029017008399999996,-0.009328882670000004,17.86074509,0.150284032,0.0189832314,0.0105613332,0.00010650953310000001,0.0008738155279999999
355,1702973400,1.3666224624999999,1.3666490375,0.001602688875,-0.3962865125,3.4270422,0.88691091,1.6117991499999997,1.25741335,0.28440053349999994,1.581203025,2.7548847249999997e-05,2.251684545e-06,4.79365256e-06,1.06457935575e-05,2.3457472725e-05,4.57153233e-05,0.00010507691482500001,0.00028775688425,0.6382878075000001,0.042697816,0.0018437021635000002,87.8064215,55.605587,4.45513045e-05,7.690898625,0.019111836250000003,28.523133475,0.0048717898175,0.00044547653312499997,0.031571242,56.9826465,0.0048717898175,0.00044547653312499997,0.007388320875,79.38348084999998,0.0048717898175,0.00044547653312499997,0.003479226825,81.445151425,0.0048717898175,0.00044547653312499997,0.0082939155,0.00013224050859999997,0.00015898827499999997,-0.0021014160000000018,28.650564,0.07831995625,0.007810495550000002,0.0026202209499999996,4.6947896875e-05,0.00028049549600000004
355,1702975200,0.9848241422222223,0.9848330777777777,0.0011712601755555557,-1.2983685555555557,1.9983943222222225,0.876787478888889,1.463252988888889,1.3037481222222222,0.17990543666666664,0.6770049622222223,1.2086178733333334e-05,4.614466588888889e-06,7.0981126666666664e-06,1.1455779666666665e-05,2.0104326555555555e-05,3.2789813777777776e-05,6.0219537e-05,0.00012806260255555558,0.4515213366666667,0.03961465777777777,0.0010080370600000002,91.13431333333334,58.17012677777777,3.233835177777778e-05,7.805704666666666,0.01724122233333333,16.140632111111113,0.001668887297666667,0.00015259703202222222,0.03032626388888889,40.927814,0.001668887297666667,0.00015259703202222222,0.004563588444444443,29.843141533333338,0.001668887297666667,0.00015259703202222222,0.002775724922222222,30.403813222222222,0.001668887297666667,0.00015259703202222222,0.006503684522222222,9.374354555555555e-05,0.00010262097877777777,0.011529783333333333,8.196525888888889,0.07227259266666668,0.012384927833333333,0.005927985255555556,3.573086244444444e-05,0.00016656649333333332
355,1702975800,0.9745127159999999,0.9745305460000001,0.0017749275103999998,-1.055921429,2.2371682999999996,0.846688149,1.48178274,1.251975724,0.184426909,0.754651778,1.97987403e-05,3.28081178e-06,6.023201879999999e-06,1.09469514e-05,2.0451322799999998e-05,3.591871773e-05,7.391003239999999e-05,0.000170774919,0.43818245000000006,0.04742962529999999,0.001319762029,91.4673254,59.572909800000005,3.18369099e-05,7.79607606,0.017425084299999997,18.39184934,0.0013063529291999997,0.00011917651729999998,0.0292228827,39.74415809999999,0.0013063529291999997,0.00011917651729999998,0.0056193669299999995,24.730320310000003,0.0013063529291999997,0.00011917651729999998,0.0025719077099999998,24.871406280000002,0.0013063529291999997,0.00011917651729999998,0.00760485546,0.00010799392010000001,0.000125948059,-0.019971019012999996,15.190842949999999,0.07268592539999999,0.0112485584,0.0047759006500000005,3.6221498e-05,0.000181437153
355,1702976400,2.0069580699999996,2.0069794499999998,0.00406081924,-0.779754724,3.4271171000000002,1.20048639,2.22108031,1.7337154200000005,0.31780777959999995,1.601612205,2.52161391e-05,6.029729260000001e-06,1.035277901e-05,1.959376316e-05,3.89104926e-05,7.255024360000001e-05,0.00014464811420000003,0.000385270206,0.930866228,0.06916784869999999,0.002762445804,91.0576936,57.5792766,6.54804414e-05,7.850014160000001,0.0251603246,38.1886796,0.000754685599,6.83107795e-05,0.04214457039999999,83.20116620000002,0.000754685599,6.83107795e-05,0.006597841960000001,29.703843499999998,0.000754685599,6.83107795e-05,0.0036350754899999995,28.965562719999998,0.000754685599,6.83107795e-05,0.009918344889999998,0.00020154059130000004,0.0002228683252,0.007617548210000001,8.98854597,0.0881624985,0.016529244484,0.00828033508,5.649782519999999e-05,0.00029708657
355,1702977000,1.2323726499999998,1.2323958000000002,0.00257077503,-1.3819012700000002,1.8534940600000003,0.9771113499999998,1.60872413,1.5101711,0.03927573250000001,0.5942662679999999,2.5719741700000004e-05,2.8928850899999998e-06,2.9667558130000002e-06,3.613867845999999e-06,5.180398390000001e-06,6.7046748530000005e-06,1.587609205e-05,2.3334647389999997e-05,0.6135982910000001,0.0024481012399999997,7.685283250000001e-05,62.1845048,50.4127401,4.09800402e-05,6.1332329,0.017472210999999998,13.2864305,0.0010397294625000002,9.440383645e-05,0.036221348599999995,54.4548665,0.0010397294625000002,9.440383645e-05,0.006548364200000001,21.90724935,0.0010397294625000002,9.440383645e-05,0.0026905516,21.611652150000005,0.0010397294625000002,9.440383645e-05,0.00485882833,3.7156514499999997e-06,2.6848362599999998e-05,-0.06373863013,7.07705026,0.0115738033,-0.00190438135,-0.0027104927,1.63207574e-06,1.73812216e-05
355,1702977600,0.9901490769999999,0.9901733590000001,0.000655058959,-1.31856962,1.7949173100000002,0.86773881,1.45260681,1.3574664600000002,0.0451234111,0.5158912609999999,2.63376831e-05,2.365228253e-06,2.356596377e-06,3.3432114940000004e-06,4.6394639399999994e-06,6.47904938e-06,1.5536434800000002e-05,3.24843993e-05,0.49195551800000004,0.00295349472,9.632893000000001e-05,64.1999722,50.6503051,3.29053271e-05,6.430918890000001,0.015683198099999997,10.801008730000001,0.001216642232,0.00011054106979999998,0.0323152691,43.4700698,0.001216642232,0.00011054106979999998,0.00668690528,22.62500905,0.001216642232,0.00011054106979999998,0.0026352147500000003,22.4114146,0.001216642232,0.00011054106979999998,0.004985974739999999,3.5379601499999995e-06,2.7891454000000003e-05,-0.014117501059999999,9.60367214,0.0114492056,-0.00221003388,-0.0029332946500000004,1.46604355e-06,1.70808248e-05
355,1702978200,0.794125738,0.79415037,0.00030091463549999995,-1.29019105,1.6466003,0.776844608,1.3160651899999998,1.2171371299999998,0.0482504864,0.44323137799999995,2.5089678199999998e-05,7.711558589999999e-07,9.657294924e-07,1.5060123226e-06,2.418358683e-06,3.4111001999999997e-06,4.993097229999999e-06,3.47028318e-05,0.39381766,0.00313110148,6.482508080000001e-05,65.62065849999999,50.8124045,2.64133392e-05,5.946687159999999,0.014163140100000002,9.06095542,0.0007294159679999999,6.589258160000001e-05,0.029002843700000003,34.929064399999994,0.0007294159679999999,6.589258160000001e-05,0.006449087219999999,15.5396672,0.0007294159679999999,6.589258160000001e-05,0.00231570184,15.028999070000001,0.0007294159679999999,6.589258160000001e-05,0.0051118951199999995,9.507681910000001e-06,3.4073327899999996e-05,0.5057475083,147.20633370000002,0.054958325350000004,-0.00193116236,-0.0028772191200000003,2.3620213719999998e-05,0.00025130204069999997
355,1702978800,0.710261236,0.710286475,-0.00026917724987,-1.33888868,1.52888416,0.739451656,1.2197247700000002,1.14596,0.03963303124999999,0.39123999,2.6139962800000003e-05,8.20694453e-07,8.395597235e-07,1.203280169e-06,2.208273068e-06,3.19972757e-06,5.4434534700000005e-06,3.500540828e-05,0.35245400600000004,0.00254922744,7.77430024e-05,65.79352809999999,50.7680063,2.3613678300000002e-05,6.374872680000001,0.0132635542,7.85673831,0.00066907382,6.0449855099999994e-05,0.0273880639,31.309524300000003,0.00066907382,6.0449855099999994e-05,0.006440476989999999,14.25561151,0.00066907382,6.0449855099999994e-05,0.00217899343,13.702357549999999,0.00066907382,6.0449855099999994e-05,0.005066281180000001,3.70329114e-06,2.8868697500000003e-05,-0.13299714099999999,72.09974403,0.021740391000000005,-0.00261743792,-0.00327613854,3.97470367e-06,4.05677864e-05
355,1702979400,0.7649708860000001,0.76499631,-1.5516282999999986e-05,-1.3487139759999998,1.5707354500000001,0.7668563410000001,1.26753866,1.1807235200000001,0.0338877024,0.39752594899999993,2.7759454100000003e-05,2.4159095669999997e-06,2.4864643514e-06,2.9409632795e-06,4.08661694e-06,5.211943167e-06,8.055883695e-06,2.5555361149999993e-05,0.38136229299999996,0.001015905129,5.41621652e-05,60.2616298,50.3396135,2.54376705e-05,6.151472409999999,0.01357687095,7.99520354,0.0007552301497,6.82419614e-05,0.028217411399999996,33.24495829999999,0.0007552301497,6.82419614e-05,0.00643981119,15.1266574,0.0007552301497,6.82419614e-05,0.00216631727,14.666419350000002,0.0007552301497,6.82419614e-05,0.005093762399999999,2.5463869000000002e-06,2.8108577799999997e-05,-0.008789047269999998,23.1787864,0.013899606200000001,-0.0028531608100000002,-0.0034860804699999998,1.8595759099999998e-06,2.126633105e-05
355,1702980000,0.4389762930000001,0.43900210700000003,-0.00300200247,-1.18732992,1.25550081,0.565283564,1.007918262,0.9346785220000001,0.0159540357,0.22852672799999998,2.67097012e-05,1.02560574e-06,1.0595232502e-06,1.2970299729999998e-06,1.8729018789999998e-06,2.4857357829999997e-06,4.097426857e-06,8.600521630000002e-06,0.21548767699999996,0.00394765443,3.13460129e-05,66.73228289999999,51.8623191,1.4595345400000002e-05,6.2122898300000005,0.0103188458,4.66852802,0.00030202039650000005,2.6788983339999998e-05,0.0213696092,18.9321551,0.00030202039650000005,2.6788983339999998e-05,0.005984473719999999,7.1867079700000005,0.00030202039650000005,2.6788983339999998e-05,0.0015090340399999999,6.49555039,0.00030202039650000005,2.6788983339999998e-05,0.00511303479,1.89562145e-06,2.7670798500000002e-05,0.1618613318,63.91395229999999,0.017663202500000003,-0.0033796768000000006,-0.00388037398,1.6129619000000001e-06,1.99889455e-05
355,1702980600,0.5519087239999999,0.55193494,-0.0013356384840000001,-1.1790895000000001,1.4128181400000002,0.633102982,1.1326470800000001,1.048569492,0.024815291600000004,0.29263124,2.74317219e-05,1.327913248e-06,1.3675837960000001e-06,1.6528559237000003e-06,2.378470927e-06,3.0391867509999995e-06,4.923326356e-06,1.0564287489999999e-05,0.27129392,0.0046015627600000004,3.23630872e-05,66.6171654,51.7744838,1.835009535e-05,6.0468862,0.011442100399999999,5.86756176,0.0005146481756999999,4.625221147000001e-05,0.0239711871,23.863391200000002,0.0005146481756999999,4.625221147000001e-05,0.0063633664300000005,11.554860170000001,0.0005146481756999999,4.625221147000001e-05,0.00193536246,10.90711515,0.0005146481756999999,4.625221147000001e-05,0.0051506042299999995,2.46173929e-06,2.85707371e-05,-0.09065807369999998,86.4570539,0.023377860450000003,-0.0032264752500000002,-0.0038061182900000004,2.6713330300000003e-06,3.12802413e-05
355,1702981200,0.720875178,0.7209011320000001,-0.0011726814210000001,-1.21501218,1.51545878,0.726874617,1.27668896,1.20727437,0.018267761,0.34501062299999996,2.6381287e-05,6.67122325e-07,8.668346170000001e-07,1.1822365000000001e-06,1.7909335529999997e-06,2.2601805e-06,4.342200549999999e-06,1.1275638080000004e-05,0.35502288,0.005334355420000001,5.74181791e-05,70.4791711,51.571793400000004,2.39708871e-05,6.31743447,0.0132048368,7.720185030000001,0.00046196820539999995,4.1375552809999995e-05,0.027571599999999995,31.441249899999995,0.00046196820539999995,4.1375552809999995e-05,0.0063650552499999995,11.856460639999998,0.00046196820539999995,4.1375552809999995e-05,0.0020355439099999997,11.15761161,0.00046196820539999995,4.1375552809999995e-05,0.005218440150000001,4.27486792e-06,3.0305375599999997e-05,0.0418120745,26.8718102,0.014812077400000002,-0.0024695100699999996,-0.003436450955,2.06537776e-06,2.06166628e-05
355,1702981800,0.69862847,0.6986544300000002,-0.00024171509640000003,-1.1119755100000002,1.57156049,0.707784855,1.3084899499999998,1.20307423,0.026685237500000004,0.35091707400000005,2.7545302699999995e-05,1.7526576120000002e-06,1.825342486e-06,2.192789017e-06,3.1320335950000003e-06,4.089713055e-06,6.585247400000001e-06,1.3806524999999999e-05,0.339189138,0.01003857625,5.1464978399999996e-05,70.9575742,52.9336446,2.32208602e-05,6.38523524,0.012660234400000001,7.296347139999999,0.0004603855782000001,4.121484931e-05,0.0268178872,29.653488099999997,0.0004603855782000001,4.121484931e-05,0.00611712461,9.50987145,0.0004603855782000001,4.121484931e-05,0.0017903057899999997,8.848661770000001,0.0004603855782000001,4.121484931e-05,0.005113114199999999,1.8403173500000004e-06,2.7737256899999997e-05,0.07497434909999999,20.623595299999998,0.010976029250000002,-0.0031044725,-0.0037445867499999994,1.23510096e-06,1.6236710199999997e-05
355,1702982400,0.6566757169999999,0.65670118,0.001199260607,-1.0835106700000001,1.5068335000000002,0.6829992269999999,1.2864392900000001,1.18136106,0.012514972549999998,0.31154902300000004,2.65390787e-05,1.2679895579999998e-06,1.2528182940000002e-06,1.5394458649999996e-06,2.25237324e-06,2.90321042e-06,4.61086456e-06,1.003476774e-05,0.31699341,0.01127922965,4.02406792e-05,72.12622160000001,53.4732348,2.18348594e-05,6.22964498,0.0122515064,6.84409422,0.000689207314,6.218597400000001e-05,0.026001718099999998,27.727171199999997,0.000689207314,6.218597400000001e-05,0.006460445890000001,14.372090159999999,0.000689207314,6.218597400000001e-05,0.00213521672,13.79093187,0.000689207314,6.218597400000001e-05,0.00507872865,1.57767861e-06,2.7162354100000002e-05,0.2010160924,27.053438600000003,0.0127497248,-0.00321456434,-0.0038207575500000006,1.14905571e-06,1.6376659400000003e-05
355,1702983000,0.6986267890000001,0.698652475,0.0026387427800000003,-1.1466473000000001,1.5755355999999998,0.711937885,1.2993771600000001,1.2091119399999999,0.01567957355,0.353096625,2.63084599e-05,7.96020409e-07,7.873512322999998e-07,1.0154633812e-06,1.7391308899999996e-06,2.2514459940000004e-06,3.989702023e-06,9.21588074e-06,0.340048903,0.00919939545,4.4310465199999996e-05,71.6118466,52.68183739999999,2.32308033e-05,5.7672798300000006,0.0127639539,7.3705436299999985,0.0005225878978999999,4.697413264e-05,0.026995989200000004,29.9785904,0.0005225878978999999,4.697413264e-05,0.00628368156,12.229002560000001,0.0005225878978999999,4.697413264e-05,0.001954484244,11.594725488,0.0005225878978999999,4.697413264e-05,0.0050825891,1.6369756099999998e-06,2.72702414e-05,-0.07534621237,25.9933336,0.011798669400000001,-0.00316377583,-0.0037728612699999995,1.171283515e-06,1.68362555e-05
355,1702983600,0.560190917,0.5602166960000001,-0.000443570451,-1.0740860669999999,1.40835544,0.624745403,1.170260695,1.0740702939999998,0.017166005499999998,0.2838501480000001,2.69953043e-05,1.3848724749999999e-06,1.372835438e-06,1.6691861739999999e-06,2.344803669e-06,2.87178503e-06,4.68415811e-06,9.298957399999999e-06,0.271600985,0.008438454100000001,3.09531577e-05,71.04381049999999,53.2731706,1.86263896e-05,6.28861921,0.01132817025,5.924948370000001,0.0006430465750000001,5.7961493499999996e-05,0.023883165,23.926586399999998,0.0006430465750000001,5.7961493499999996e-05,0.0064068061100000006,13.07827454,0.0006430465750000001,5.7961493499999996e-05,0.0019953864600000004,12.491969370000001,0.0006430465750000001,5.7961493499999996e-05,0.00510537656,1.53918143e-06,2.73666283e-05,0.034787875499999996,36.9063182,0.012591573650000002,-0.0033635773800000006,-0.00391042996,1.35624394e-06,1.736182065e-05
355,1702984200,0.347259624,0.347285752,-0.0006750380270000001,-0.9684311360000001,1.1756609,0.4818517890000001,0.948366439,0.8690515169999999,0.008765270959999998,0.175413961,2.68740436e-05,8.417686260000002e-07,9.00006462e-07,1.104171929e-06,1.6320124959999998e-06,2.1747196e-06,3.6917183e-06,7.68943697e-06,0.16589965699999998,0.00767889974,3.2334960599999995e-05,72.8421062,54.4725352,1.153497365e-05,6.54464935,0.0089967355,3.6701973299999997,0.00032272577900000003,2.8626463200000003e-05,0.018826742399999995,14.582548100000002,0.00032272577900000003,2.8626463200000003e-05,0.00606286184,7.344853640000001,0.00032272577900000003,2.8626463200000003e-05,0.00149854018,6.65732528,0.00032272577900000003,2.8626463200000003e-05,0.00513342409,1.2370862800000002e-06,2.73638665e-05,0.07014535229999999,48.5260764,0.0117351727,-0.0036721623600000004,-0.00412215857,1.3408926400000001e-06,1.683042875e-05
355,1702984800,0.33422715999999997,0.334253286,-0.0005400250050000001,-0.9574622290000001,1.16951068,0.47156736000000005,0.932615979,0.8554385999999999,0.00829183734,0.17194868000000002,2.67753565e-05,7.22069313e-07,7.743273129999998e-07,9.616109190000002e-07,1.3923269319999999e-06,1.847468384e-06,3.2172291140000002e-06,6.702330239999999e-06,0.159384142,0.0076842032300000005,2.86974475e-05,73.39632399999999,54.628382099999996,1.110450395e-05,6.27880963,0.0088498234,3.5536263900000002,0.00035265032600000003,3.136391385e-05,0.0184840953,14.0427312,0.00035265032600000003,3.136391385e-05,0.00603074399,7.458001140000002,0.00035265032600000003,3.136391385e-05,0.0014576092199999999,6.8358247300000015,0.00035265032600000003,3.136391385e-05,0.005132339939999999,1.3764004500000002e-06,2.7424880399999997e-05,-0.0019004480000000211,60.546603299999994,0.013219595249999999,-0.00367642891,-0.004123243259999999,1.3702614799999999e-06,1.7565292949999998e-05
355,1702985400,0.199153255,0.199179294,-0.002575878344,-1.042129269,0.982792481,0.381453779,0.696846271,0.623981575,0.01308999898,0.11767121360000002,2.6357787799999998e-05,3.232358063e-07,4.03799986e-07,5.27662799e-07,7.226765550000001e-07,1.010374087e-06,1.8855698299999996e-06,3.870713469999999e-06,0.0921502104,0.007392970170000001,2.4162558800000003e-05,78.22990589999999,57.6192649,6.61532899e-06,6.53575134,0.0071075756500000005,2.1631821400000004,0.00016098985309999998,1.395366792e-05,0.013961816499999998,8.128103789999999,0.00016098985309999998,1.395366792e-05,0.00563019394,3.7266418999999993,0.00016098985309999998,1.395366792e-05,0.0009685786070000001,3.0105555389999994,0.00016098985309999998,1.395366792e-05,0.00514944952,1.7540084400000002e-06,2.7798943599999996e-05,-0.06929059899999998,67.6332977,0.014749118799999999,-0.0038214657900000003,-0.00420070923,1.9240159900000003e-06,2.1457910900000002e-05
355,1702986000,0.16056425,0.160590372,-0.0012875789880000001,-0.9891222190000001,0.8855520519999999,0.342399896,0.6488822989999999,0.5837053090000001,0.00523600263,0.0880423945,2.6502568499999996e-05,4.2597789259999995e-07,5.391030769999999e-07,6.501685079999999e-07,8.2813084e-07,1.111321348e-06,1.9124202799999996e-06,3.63486193e-06,0.073316617,0.00693596011,1.9885506500000002e-05,77.592201,58.710326699999996,5.33372908e-06,6.56319422,0.00645517225,1.77804943,0.00024039380500000002,2.1102551649999998e-05,0.012524915000000001,6.468448120000001,0.00024039380500000002,2.1102551649999998e-05,0.00578872948,4.95351942,0.00024039380500000002,2.1102551649999998e-05,0.00107362354,4.29923092,0.00024039380500000002,2.1102551649999998e-05,0.00516744854,1.8018449399999998e-06,2.7959242899999998e-05,-0.1394201605,72.8294558,0.015469404799999998,-0.003988653720000001,-0.00431889377,2.12801206e-06,2.23566422e-05
355,1702986600,0.19177206499999996,0.191797995,0.0035489258499999997,-1.10681114,0.94071622,0.37246005699999996,0.678920727,0.6231190209999999,0.008017917789999999,0.106568865,2.6092062999999996e-05,2.217288238e-07,2.98750528e-07,4.0464797600000003e-07,5.61093403e-07,7.334104419999999e-07,1.384452158e-06,2.9123577900000003e-06,0.09208963570000002,0.0037657847700000003,2.38085167e-05,75.1776261,54.057098700000004,6.3767017700000006e-06,6.435883479999999,0.00688729504,2.0702672800000004,0.00012508805650000002,1.0719106276e-05,0.01394841845,8.04622133,0.00012508805650000002,1.0719106276e-05,0.005658758179999999,3.56895644,0.00012508805650000002,1.0719106276e-05,0.001001768217,2.84192721,0.00012508805650000002,1.0719106276e-05,0.0051440565899999995,1.85461518e-06,2.7759073400000003e-05,-0.171906785,66.8196092,0.014725028799999998,-0.0038846106899999996,-0.00424205667,2.09813018e-06,2.29333695e-05
355,1702987200,0.270413062,0.270439086,0.0043389406200000005,-1.27857501,1.011030893,0.45051717999999996,0.761873252,0.7133842829999999,0.01121577108,0.149374813,2.6561516100000002e-05,6.212617730000001e-07,7.329835685999999e-07,9.112112670000002e-07,1.203968553e-06,1.5162183050000002e-06,2.6104442800000006e-06,5.34984659e-06,0.1338583649,0.00130998737,2.46299083e-05,65.51235539999999,51.1416314,8.9899743e-06,6.3387894000000005,0.00814709842,2.87823873,0.00019934951799999997,1.7392462702999998e-05,0.016777234700000004,11.755642439999999,0.00019934951799999997,1.7392462702999998e-05,0.0058465581099999995,5.101432450000001,0.00019934951799999997,1.7392462702999998e-05,0.00123915122,4.38333889,0.00019934951799999997,1.7392462702999998e-05,0.00515519083,1.96822212e-06,2.79693218e-05,0.22353089439999999,58.419672800000015,0.014960218200000003,-0.0037422085899999997,-0.004135249509999999,2.07699096e-06,2.24077882e-05
355,1702987800,0.360600904,0.360627171,0.0035828132199999994,-1.40029036,1.0764703629999999,0.5313130279999999,0.853863576,0.8150123749999999,0.00878728315,0.18088058299999998,2.6961453199999997e-05,8.29122817e-07,9.71499726e-07,1.206278224e-06,1.6380535469999998e-06,2.130103022e-06,3.6259059109999994e-06,7.6606189e-06,0.179481049,0.0007685511490000001,3.18945268e-05,63.85093820000001,50.4624968,1.1989548899999998e-05,6.29841901,0.00956026875,3.8793454699999996,0.0003830074085,3.427144397e-05,0.019575064399999998,15.86839615,0.0003830074085,3.427144397e-05,0.00602192652,7.90304139,0.0003830074085,3.427144397e-05,0.0014466648830000002,7.257692597,0.0003830074085,3.427144397e-05,0.005193978,2.29546932e-06,2.8620981100000002e-05,0.2236055072,61.774525399999995,0.017484819899999997,-0.0036343871799999995,-0.00405153355,2.40165991e-06,2.46226489e-05
355,1702988400,0.32864242099999996,0.328668877,0.04586935190000001,-1.4194445400000002,1.0352191199999998,0.5091018540000001,0.829900333,0.7871115390000001,0.00809718551,0.158490361,2.70985374e-05,7.60357432e-07,8.881255440000001e-07,1.1303640120000001e-06,1.495349683e-06,1.9314592710000002e-06,3.251344714e-06,6.964387099999998e-06,0.163718929,0.00043790994200000003,0.0001472869695,63.7110758,50.3447281,1.0927046849999998e-05,6.534437030000001,0.00909862695,3.512398889999999,0.00029975935379999996,2.6546797549999997e-05,0.0186537801,14.366254200000004,0.00029975935379999996,2.6546797549999997e-05,0.00598221959,6.43261033,0.00029975935379999996,2.6546797549999997e-05,0.001394165635,5.7501655,0.00029975935379999996,2.6546797549999997e-05,0.005195631019999999,2.2202698500000003e-06,2.8584526399999998e-05,-0.2489189788,54.36967560000001,0.0141185545,-0.0036958933800000002,-0.004093868929999999,2.44781629e-06,2.56595278e-05
355,1702989000,0.35213795100000006,0.35216409499999995,0.050796715400000005,-1.41597574,1.0961959499999998,0.5274579100000001,0.8615888100000001,0.8161749039999998,0.010781356539999998,0.183074768,2.7439365799999997e-05,1.449263072e-06,1.6136553049999999e-06,1.937729268e-06,2.5205770840000004e-06,3.22594543e-06,5.237428074000001e-06,1.023570549e-05,0.175430978,0.000424188817,0.00018625364099999998,62.4046377,50.3290726,1.1700852099999999e-05,6.55420563,0.00939213025,3.7306700800000003,0.00025437305490000003,2.244299622e-05,0.019319274200000004,15.3526435,0.00025437305490000003,2.244299622e-05,0.00594484055,6.226768760000001,0.00025437305490000003,2.244299622e-05,0.0013880562700000001,5.50626704,0.00025437305490000003,2.244299622e-05,0.0051791080900000005,2.19617005e-06,2.8417230399999998e-05,0.08612229464999999,56.7584602,0.017082173,-0.0036363943200000007,-0.004044406320000001,2.14998408e-06,2.2764288600000002e-05
355,1702989600,0.371782635,0.37180889400000006,0.0541094753,-1.42733299,1.11307151,0.5438770669999999,0.8856270500000001,0.8375505559999998,0.0126654406,0.185052449,2.71809318e-05,1.104734923e-06,1.264205153e-06,1.588205065e-06,1.9999125030000003e-06,2.60932912e-06,4.34369071e-06,9.0657978e-06,0.18523910300000002,0.00044173022900000005,0.00018755475200000002,63.8619051,50.3268206,1.2356388800000001e-05,6.4894009,0.009647043600000002,3.91934981,0.0002695163495,2.376761903e-05,0.0198450521,16.1982723,0.0002695163495,2.376761903e-05,0.00601184643,6.9490276699999995,0.0002695163495,2.376761903e-05,0.0014770013300000003,6.2011940800000005,0.0002695163495,2.376761903e-05,0.005188815669999999,2.51587624e-06,2.8687277800000002e-05,0.16298225539999997,54.63322129999999,0.0159787278,-0.00360520456,-0.004021477220000001,2.5984173899999997e-06,2.50396422e-05
355,1702990200,0.39057798299999996,0.390604155,0.05221936039999999,-1.4059864100000001,1.1314470399999998,0.5546098700000001,0.913227874,0.8647763989999999,0.0111949641,0.191667648,2.74379137e-05,1.422953906e-06,1.5979595699999999e-06,1.9035927120000001e-06,2.4366638919999998e-06,3.139167614e-06,5.1415402699999996e-06,9.99882387e-06,0.194602691,0.00048447271,0.00017482469399999998,61.969111299999994,50.3211952,1.29841198e-05,6.3882389,0.009912978399999998,4.15590038,0.00029391893489999997,2.598837783e-05,0.0203787663,17.067003500000002,0.00029391893489999997,2.598837783e-05,0.00594830322,6.618350649999999,0.00029391893489999997,2.598837783e-05,0.00143423034,5.891323956,0.00029391893489999997,2.598837783e-05,0.0051866855499999994,2.4824723899999995e-06,2.86798434e-05,0.21940502546,50.769969399999994,0.015565961550000002,-0.00353567475,-0.0039704041500000006,2.46844873e-06,2.5027220600000004e-05
355,1702990800,0.504551985,0.504578149,0.01897020757,-1.36514271,1.2970896,0.62319173,1.026106318,0.9578167279999998,0.02751520279,0.27429959200000004,2.7122534499999998e-05,1.1268627630000003e-06,1.2450935490000002e-06,1.52356147e-06,2.06801946e-06,2.617049436e-06,4.380895950000001e-06,9.02275604e-06,0.25129943699999996,0.000844637838,0.0001088472445,63.590124100000004,50.387196900000006,1.677761275e-05,6.34203039,0.011102806100000001,5.344788969999999,0.00043273822509999995,3.874120263e-05,0.0229685684,22.072528999999996,0.00043273822509999995,3.874120263e-05,0.00619260204,10.10603463,0.00043273822509999995,3.874120263e-05,0.0017247848900000002,9.376041059,0.00043273822509999995,3.874120263e-05,0.00516907056,2.3021372000000002e-06,2.84429908e-05,-0.01952244094999998,48.813936,0.016223011000000002,-0.0033957328500000003,-0.00390528375,2.15617502e-06,2.3594276499999994e-05
355,1702991400,0.5324285740000001,0.5324548769999999,0.035916903199999996,-1.3794281000000002,1.3110025200000002,0.641376364,1.0639449829999998,1.001880587,0.01539573345,0.26395259,2.7500408100000002e-05,1.3956504769999999e-06,1.528483606e-06,1.863774991e-06,2.5497043500000002e-06,3.273387055e-06,5.347026730000001e-06,1.123614261e-05,0.26515716399999995,0.0008053019080000001,0.00022338634599999998,63.0368918,50.387235499999996,1.7701082699999998e-05,6.2506484,0.01136129995,5.578730869999999,0.00036702986289999993,3.270935618e-05,0.023619546799999995,23.1655103,0.00036702986289999993,3.270935618e-05,0.00617693442,8.883140289999998,0.00036702986289999993,3.270935618e-05,0.001713985644,8.17823681,0.00036702986289999993,3.270935618e-05,0.00518398001,2.2762916399999994e-06,2.8595604200000002e-05,0.10731085094,46.249439300000006,0.016220011,-0.00339050542,-0.0039018461899999997,2.09355142e-06,2.3818793300000002e-05
355,1702992000,0.336012074,0.33603836,0.06000109260000001,-1.43632067,1.0594823500000001,0.5172380620000001,0.8386005940000001,0.800649455,0.00905681132,0.165936451,2.68407861e-05,6.93414461e-07,9.22673039e-07,1.2657174949999998e-06,1.46918971e-06,2.05408397e-06,3.7132269899999997e-06,7.967289950000001e-06,0.167248403,0.0005042156330000001,0.00023475232800000004,65.8193772,50.405861699999996,1.1166073299999999e-05,6.65414704,0.0092300284,3.59291836,0.00025088082609999997,2.205113658e-05,0.0188861071,14.6820937,0.00025088082609999997,2.205113658e-05,0.00598130184,6.3834035,0.00025088082609999997,2.205113658e-05,0.00143701184,5.65220392,0.00025088082609999997,2.205113658e-05,0.0052111093600000005,3.0354006000000003e-06,2.92179325e-05,0.034709882299999995,52.1397115,0.0162139232,-0.0036248228,-0.00403008099,3.1286731500000004e-06,2.75247872e-05
355,1702992600,0.22683116499999997,0.22685720000000004,0.064667974,-1.29676517,0.962654397,0.41399508799999996,0.7061090520000001,0.66054515,0.011904985649999998,0.1331845559,2.6604367599999998e-05,6.923596204999999e-07,8.51989737e-07,1.15630352e-06,1.3004146550000002e-06,1.7177082769999995e-06,2.87385176e-06,5.730478079999999e-06,0.1123189574,0.000868905522,0.00021281447,66.7655482,51.0550317,7.5395972600000004e-06,6.59235815,0.00741970713,2.40895595,0.00021610788029999996,1.8926706059999998e-05,0.015261671000000001,9.7624843,0.00021610788029999996,1.8926706059999998e-05,0.00585107214,5.093072230000001,0.00021610788029999996,1.8926706059999998e-05,0.0012338189700000003,4.39887813,0.00021610788029999996,1.8926706059999998e-05,0.00519347374,2.6991283200000004e-06,2.87649632e-05,0.09404369509999999,58.84740949999999,0.0164157247,-0.0038327833399999997,-0.004195958130000001,2.79351683e-06,2.55952395e-05
355,1702993200,0.169228588,0.169254413,0.0693246111,-1.26030765,0.84913843,0.35722439,0.6221439889999999,0.573992525,0.00786487143,0.09381836839999999,2.61361473e-05,3.9442643700000006e-07,5.528647500000001e-07,7.52130333e-07,7.90711137e-07,1.0371659710000001e-06,1.887102836e-06,3.91019296e-06,0.08306887269999999,0.0013198922,0.00021582967700000002,70.2878177,51.8431103,5.624253890000001e-06,6.59898851,0.006451802549999999,1.8095741299999997,0.0001347519689,1.155437209e-05,0.01312220355,7.198603809999999,0.0001347519689,1.155437209e-05,0.005662681760000001,3.640042630000001,0.0001347519689,1.155437209e-05,0.0010096320019999999,2.903908616,0.0001347519689,1.155437209e-05,0.005161509810000001,2.47901315e-06,2.8277630899999995e-05,-0.030010729499999993,63.17967560000001,0.01605438765,-0.003933453650000001,-0.0042659959300000005,2.74968902e-06,2.64649868e-05
355,1702993800,0.154794995,0.154820902,0.0722838619,-1.28697201,0.8353754949999999,0.3454253909999999,0.5909055400000001,0.54609167,0.0085589449,0.089982812,2.6339822900000003e-05,5.266430989999999e-07,7.339242649999999e-07,9.61550598e-07,9.58538693e-07,1.2828636660000002e-06,2.19405122e-06,4.607585880000001e-06,0.075827635,0.00134022846,0.00021790104099999994,69.8316421,51.956420300000005,5.14173091e-06,6.70914709,0.006301944330000001,1.7102849500000001,0.00011740749994999999,9.942339316999998e-06,0.0126499545,6.6521497300000005,0.00011740749994999999,9.942339316999998e-06,0.0055827931199999995,3.044265185,0.00011740749994999999,9.942339316999998e-06,0.000906462909,2.288038258,0.00011740749994999999,9.942339316999998e-06,0.0051906389800000004,2.8132958e-06,2.87824802e-05,-0.09216079903999999,60.0261024,0.0156707599,-0.0039510377,-0.00428053852,3.0861111499999996e-06,2.73723057e-05
355,1702994400,0.290841974,0.29086770500000003,0.027834773400000002,-1.24603732,1.089220724,0.46525209600000006,0.8064246150000001,0.7470978079999999,0.0176449309,0.17409194,2.6131744600000003e-05,4.92013063e-07,6.40281448e-07,8.910190690000001e-07,1.1334197399999998e-06,1.520616168e-06,2.9529099859999997e-06,5.99889876e-06,0.1438401384,0.0013342542400000001,0.00023254102599999999,67.8816506,51.0938207,9.66307585e-06,6.51458962,0.0084371811,3.1427109700000004,0.00031022659160000003,2.7486629599999998e-05,0.017410578,12.690833940000001,0.00031022659160000003,2.7486629599999998e-05,0.00600771138,6.886293,0.00031022659160000003,2.7486629599999998e-05,0.00145101846,6.21609979,0.00031022659160000003,2.7486629599999998e-05,0.0051329624300000005,2.34576515e-06,2.8048292500000003e-05,-0.03991310919999998,48.8683891,0.015718531350000002,-0.00353307021,-0.00402551499,2.2267633e-06,2.2568201e-05
355,1702995000,0.15978698289999999,0.1598129412,0.010224925720000003,-1.1971275899999998,0.836575549,0.34044230900000005,0.5991932790000001,0.5442166150000001,0.01076195739,0.0939821045,2.614532e-05,2.73373139e-07,4.4177221299999995e-07,7.209507980000001e-07,5.288142749999999e-07,6.94113004e-07,1.4840671759999998e-06,2.9791277800000004e-06,0.0788085601,0.001031588591,4.5973988199999994e-05,67.7062124,51.4165986,5.31412039e-06,6.429933890000001,0.00626906002,1.78409276,0.0001376590925,1.1707211620000001e-05,0.012780530850000003,6.984004879999999,0.0001376590925,1.1707211620000001e-05,0.00564381276,3.3475382799999998,0.0001376590925,1.1707211620000001e-05,0.0009670586799999999,2.5993498399999995,0.0001376590925,1.1707211620000001e-05,0.005185431129999999,2.9353822600000003e-06,2.8866216300000004e-05,-0.009309747799999995,51.860484199999995,0.016477295799999996,-0.00372416114,-0.00419466252,3.1486797900000006e-06,2.71511082e-05
355,1702995600,0.11536662419999999,0.11539270800000001,0.01089530645,-1.53242997,0.6518449000000001,0.307739293,0.45188880099999995,0.431075656,0.00437317578,0.0600579988,2.6243145200000003e-05,2.42232689e-07,4.6726244900000006e-07,7.69383979e-07,5.834749679999999e-07,7.879343050000001e-07,1.8533357959999997e-06,3.60986756e-06,0.05665609109999999,0.000995635911,2.30678067e-05,68.6149185,51.896661300000005,3.83242612e-06,6.679150530000001,0.005531928810000001,1.3249045890000002,8.099532305e-05,6.741353906000001e-06,0.01089602825,4.998285889999999,8.099532305e-05,6.741353906000001e-06,0.00550148279,2.52068172,8.099532305e-05,6.741353906000001e-06,0.000763776772,1.759664527,8.099532305e-05,6.741353906000001e-06,0.00521537793,3.21345713e-06,2.93296588e-05,0.04220861150000001,56.53693439999999,0.0179741009,-0.00375931143,-0.00423654095,3.3944118999999996e-06,2.85851543e-05
355,1702996200,0.171153222,0.171179331,0.0103173136,-1.6477920999999998,0.716196865,0.382157546,0.5276036059999999,0.5135031800000001,0.00436386383,0.08741380709999999,2.62638605e-05,2.6420966e-07,4.93468073e-07,8.058055739999999e-07,6.39385525e-07,8.93063844e-07,2.03690267e-06,4.1656449300000005e-06,0.08462537609999998,0.000913679535,2.79851956e-05,67.1768656,51.099645100000004,5.68823724e-06,6.57300434,0.006735489040000001,1.8966681399999998,0.00013349005139999998,1.148899272e-05,0.0134386018,7.451751159999998,0.00013349005139999998,1.148899272e-05,0.005667186459999999,3.58757002,0.00013349005139999998,1.148899272e-05,0.00100213229,2.846524552,0.00013349005139999998,1.148899272e-05,0.0052256110899999994,3.48669386e-06,2.9637507099999996e-05,-0.11378950785,55.303146600000005,0.019150140699999995,-0.00370555262,-0.0041385608599999995,3.5242407799999998e-06,2.86455939e-05
355,1702996800,0.1367048369,0.136731169,0.010705526850000001,-1.6439107800000001,0.670707975,0.339385697,0.466101733,0.45342634099999996,0.004116400670000001,0.0701909683,2.66153507e-05,3.9269132899999995e-07,6.275296210000001e-07,9.468707170000003e-07,7.28924333e-07,9.82925139e-07,2.08507043e-06,3.97467221e-06,0.0669538548,0.0013657093700000001,2.2763688799999997e-05,67.74430389999999,52.1994458,4.542709260000001e-06,6.620085400000001,0.0060811845199999996,1.57197655,0.00013305398689999998,1.146635889e-05,0.01188684625,5.95483815,0.00013305398689999998,1.146635889e-05,0.00558115445,3.184858847,0.00013305398689999998,1.146635889e-05,0.0008487562540000001,2.4454086790000003,0.00013305398689999998,1.146635889e-05,0.0052412599399999996,3.45342663e-06,2.97622141e-05,0.0016816468999999944,55.1842123,0.0182912965,-0.00376702571,-0.00419236174,3.5152328999999997e-06,3.0054959500000002e-05
355,1702997400,0.0866451696,0.086671425,0.012575197,-1.57328157,0.60875609,0.270904036,0.39421202499999997,0.36927377600000005,0.0034566775699999995,0.0474673667,2.6460385199999997e-05,2.75788356e-07,4.885636e-07,7.214290970000001e-07,5.550685660000001e-07,7.154497219999999e-07,1.6049311300000001e-06,2.9694569100000003e-06,0.0419468405,0.0013481480999999998,2.00522948e-05,70.210032,53.171124799999994,2.8779917799999996e-06,6.808768400000001,0.00489567514,1.0174757239999999,0.0001162791754,9.852307619999999e-06,0.0094492309,3.70616357,0.0001162791754,9.852307619999999e-06,0.00557395167,2.8718826749999997,0.0001162791754,9.852307619999999e-06,0.000787662167,2.1107956108,0.0001162791754,9.852307619999999e-06,0.005230336550000001,3.0989845099999994e-06,2.9390171200000003e-05,-0.0896801844,60.04174730000001,0.0175003635,-0.00391624692,-0.00434694646,3.4732657599999997e-06,2.84688784e-05
355,1702998000,0.0675696095,0.0675959376,0.016349768799999997,-1.49999,0.6054934679999999,0.23789031300000002,0.358548437,0.33473522899999997,0.0028172796,0.04126952939999999,2.6613096699999998e-05,3.65561159e-07,5.81656123e-07,8.401509689999998e-07,6.55055782e-07,8.721318060000001e-07,1.7822549040000002e-06,3.3550181699999997e-06,0.0324627301,0.0012923925899999999,2.08640705e-05,70.03053539999999,53.844121300000005,2.24230406e-06,6.88497589,0.00440758766,0.8435236320000001,6.60334467e-05,5.25828851e-06,0.0083690069,2.91230336,6.60334467e-05,5.25828851e-06,0.00546260827,1.9396858099999998,6.60334467e-05,5.25828851e-06,0.000651797657,1.1792219200000003,6.60334467e-05,5.25828851e-06,0.005230599189999999,3.0994463699999998e-06,2.9384493700000002e-05,0.01495402170000001,59.275133,0.017808527600000002,-0.00391733941,-0.004373213570000001,3.33963145e-06,2.7680624600000003e-05
355,1702998600,0.087573374,0.08759953179999999,0.011833044300000001,-1.47867213,0.6361319089999999,0.26702679700000004,0.41191257,0.38123663100000005,0.0037484853499999997,0.051198909199999997,2.6321600600000002e-05,2.387341224e-07,4.598056480000001e-07,7.45493603e-07,5.009448090000002e-07,6.819488e-07,1.6310226399999999e-06,2.9211468200000003e-06,0.0422202791,0.00153807417,2.09303922e-05,70.6461703,53.73704299999999,2.9095709399999997e-06,6.78615931,0.00491537694,1.06189504,4.2513447e-05,3.2224218740000006e-06,0.00945594345,3.75761083,4.2513447e-05,3.2224218740000006e-06,0.005415034670000001,1.70389853,4.2513447e-05,3.2224218740000006e-06,0.0006396717510000001,0.927233381,4.2513447e-05,3.2224218740000006e-06,0.00522070247,3.2020923799999993e-06,2.9378573400000003e-05,-0.085155642,58.7340269,0.0178569794,-0.0038025608700000004,-0.004290030980000001,3.3827326399999996e-06,2.7874775100000003e-05
355,1702999200,0.08169148899999999,0.0817176526,0.015174224199999998,-1.47177577,0.6338818500000001,0.260489351,0.399274688,0.374373925,0.0032493131800000003,0.0476825468,2.6367687e-05,2.963872845e-07,5.15778515e-07,7.842029049999999e-07,5.51283012e-07,7.76034842e-07,1.714668305e-06,3.14729199e-06,0.0395674277,0.00124797581,2.2294174299999998e-05,70.300032,53.0971603,2.71242477e-06,6.811824509999999,0.004784556309999999,0.99126856,0.00010412632279999999,8.703397565e-06,0.009198050599999999,3.5066396600000003,0.00010412632279999999,8.703397565e-06,0.0055074248,2.5347996200000003,0.00010412632279999999,8.703397565e-06,0.0007359764600000001,1.787986923,0.00010412632279999999,8.703397565e-06,0.005218312649999999,3.25297251e-06,2.9361108399999997e-05,0.05855531999999999,57.8542457,0.017768574500000002,-0.0038751203399999996,-0.004326282579999999,3.4861071500000003e-06,2.8636128000000002e-05
355,1702999800,0.100166986,0.1001932109,0.0118211563,-1.5069182900000002,0.657657587,0.289132534,0.437750864,0.408199958,0.00417590746,0.0590061798,2.65048867e-05,3.72121893e-07,5.82468522e-07,9.10928153e-07,7.14184626e-07,9.73028932e-07,1.98577284e-06,3.85328253e-06,0.0485725819,0.00147813575,2.30798496e-05,68.07662400000001,53.00184850000001,3.32618784e-06,6.81770425,0.005232135000000001,1.1646784270000001,0.0001792685688,1.5526727799999998e-05,0.010151808549999999,4.267200470000001,0.0001792685688,1.5526727799999998e-05,0.00568857312,3.831243564,0.0001792685688,1.5526727799999998e-05,0.0009432485310000001,3.1417365580000003,0.0001792685688,1.5526727799999998e-05,0.0052262123300000005,3.1994413400000003e-06,2.9434516599999998e-05,-0.0991434435,56.510331300000004,0.0182238862,-0.00380001286,-0.004286811430000001,3.34325874e-06,2.90811644e-05
355,1703000400,0.0856589494,0.08568530090000001,0.012502276449999999,-1.53976794,0.6125437039999999,0.269040504,0.400699727,0.37741152,0.0027436855100000006,0.0460331999,2.65068441e-05,2.3763295099999998e-07,4.4231027300000003e-07,7.500996300000001e-07,4.79309565e-07,6.57221087e-07,1.5880385099999998e-06,2.90376861e-06,0.0413231956,0.0014767885199999998,2.21680734e-05,71.4560809,53.471400300000006,2.84454049e-06,6.80843133,0.00491176613,1.02060839,4.90948185e-05,3.835441133e-06,0.0094059782,3.6593324800000007,4.90948185e-05,3.835441133e-06,0.0054550239,1.9201219600000001,4.90948185e-05,3.835441133e-06,0.0006579989169999999,1.119782087,4.90948185e-05,3.835441133e-06,0.005237289500000001,3.2748788099999998e-06,2.95934535e-05,0.023511909899999996,55.67601069999999,0.0181254722,-0.00383558757,-0.00426093367,3.4877575e-06,2.91496468e-05
355,1703001000,0.109642176,0.10966839720000002,0.0129214902,-1.54528042,0.6660578289999999,0.30283599,0.450313745,0.422225395,0.004606270609999999,0.0621681411,2.64844764e-05,3.42492652e-07,5.394199159999999e-07,8.426868319999999e-07,6.575270280000001e-07,8.68188903e-07,1.92904827e-06,3.4395298100000006e-06,0.05358276179999999,0.00120613603,2.32745894e-05,68.6377056,52.2622176,3.6427927700000008e-06,6.768962849999999,0.005439857460000001,1.2523095199999998,9.21305603e-05,7.57163743e-06,0.01064327395,4.689245229999999,9.21305603e-05,7.57163743e-06,0.00552544448,2.34798567,9.21305603e-05,7.57163743e-06,0.00077786856,1.6048183029999996,9.21305603e-05,7.57163743e-06,0.00522213943,3.07120691e-06,2.9315345599999996e-05,0.07173290219999999,56.693688699999996,0.0180074622,-0.00382413682,-0.00422220936,3.15325246e-06,2.75285586e-05
355,1703001600,0.098657054,0.09868326940000001,0.015425365100000001,-1.4945956299999998,0.6614827030000001,0.286107509,0.434000748,0.410787543,0.00379857903,0.057423823000000006,2.64091527e-05,2.81514888e-07,4.99649687e-07,7.820742810000001e-07,5.460697090000001e-07,7.650423630000001e-07,1.7371577799999998e-06,3.4032638400000002e-06,0.048048573,0.0012484619399999997,2.31707351e-05,70.1271101,52.556810399999996,3.27730174e-06,6.86495223,0.00525315216,1.17068058,0.00012235988379999998,1.035297802e-05,0.010138518400000001,4.262628359999999,0.00012235988379999998,1.035297802e-05,0.00557299789,2.868017504,0.00012235988379999998,1.035297802e-05,0.0008057635620000002,2.1427760064,0.00012235988379999998,1.035297802e-05,0.00522167684,3.1545829399999998e-06,2.93474041e-05,0.121855147,55.4258305,0.017844056699999996,-0.003862562,-0.00431554355,3.4449616399999994e-06,2.8943780099999996e-05
355,1703002200,0.081012352,0.08103865890000002,0.017034923,-1.45083049,0.615206286,0.25788505999999994,0.40279980000000004,0.373136392,0.0033057891300000003,0.0450357046,2.6427125499999996e-05,1.93348095e-07,3.9989795e-07,6.604959319999999e-07,4.35556357e-07,6.06362743e-07,1.5051591799999997e-06,2.7651537700000004e-06,0.039311522700000004,0.00116621362,2.1721108400000003e-05,69.9977174,52.93223869999999,2.69194996e-06,6.909586450000001,0.004719316740000001,0.9672976290000002,7.33277463e-05,5.949846309999999e-06,0.009124446400000001,3.4520162599999997,7.33277463e-05,5.949846309999999e-06,0.00549071582,2.12594797,7.33277463e-05,5.949846309999999e-06,0.0007087027419999999,1.3531237100000002,7.33277463e-05,5.949846309999999e-06,0.005223008239999999,3.06162127e-06,2.9318626799999998e-05,-0.1875903495,55.674595499999995,0.0171046686,-0.00382719319,-0.0043309670899999994,3.301758e-06,2.78276675e-05
355,1703002800,0.07738863160000001,0.0774150092,0.0156723691,-1.52943954,0.604743464,0.25534235899999996,0.377674027,0.354310815,0.00371975956,0.04625743450000001,2.6662020099999996e-05,3.6884039399999996e-07,6.2916841e-07,9.186064399999999e-07,6.80263798e-07,9.165847299999999e-07,1.96215713e-06,3.5599060699999994e-06,0.03754087390000001,0.00112272336,2.13281833e-05,69.19735,52.947947299999996,2.56980025e-06,6.897350460000001,0.004663588140000001,0.9422223299999999,0.00012940603150000002,1.1043058350000002e-05,0.008954262950000002,3.3362673199999997,0.00012940603150000002,1.1043058350000002e-05,0.005594709379999999,2.984161064,0.00012940603150000002,1.1043058350000002e-05,0.0007918584739999999,2.221891641,0.00012940603150000002,1.1043058350000002e-05,0.00525445389,3.54232655e-06,2.9923662e-05,0.033342980049999985,55.5069103,0.018976404000000002,-0.00382934697,-0.00434034069,3.7157570599999997e-06,2.97838006e-05
355,1703003400,0.0762682185,0.076294471,0.0165987193,-1.50347311,0.6056434850000001,0.252445937,0.381724157,0.353823299,0.00334133192,0.0443521769,2.6399977700000003e-05,2.24138872e-07,4.6469342900000006e-07,7.33094073e-07,4.782637440000001e-07,6.3865947e-07,1.5855915799999999e-06,2.81043875e-06,0.0368213898,0.0012843676400000003,2.1184200800000002e-05,69.4667701,53.4308075,2.53379601e-06,6.80438,0.00460260475,0.911722887,5.900114925e-05,4.814867996000001e-06,0.008826835500000001,3.2391417799999997,5.900114925e-05,4.814867996000001e-06,0.005436495540000001,1.9620858239999996,5.900114925e-05,4.814867996000001e-06,0.0006448192959999999,1.1870545289999999,5.900114925e-05,4.814867996000001e-06,0.00523954992,3.4295092000000003e-06,2.9677436699999998e-05,0.005327402199999997,57.3484692,0.018174987599999998,-0.00391787369,-0.0043289450500000005,3.8091352499999994e-06,2.9979158599999997e-05
355,1703004000,0.0656006289,0.0656269884,0.016569995400000002,-1.55323969,0.555541958,0.23643657899999998,0.345985574,0.324722421,0.0025536114300000004,0.0363566522,2.65102764e-05,2.35680831e-07,4.83693709e-07,7.98127368e-07,5.01511862e-07,7.20352174e-07,1.7167889200000003e-06,3.17203962e-06,0.0315206798,0.0012488643599999998,2.2925902200000002e-05,71.029484,53.8513692,2.1768154899999997e-06,6.98614891,0.00434332092,0.8254784059999999,7.43085772e-05,6.09820069e-06,0.0082134556,2.80364931,7.43085772e-05,6.09820069e-06,0.00545533506,2.0365072260000003,7.43085772e-05,6.09820069e-06,0.0006314363879999999,1.27536443,7.43085772e-05,6.09820069e-06,0.00525266313,3.5067388700000004e-06,2.9872639e-05,-0.019634666599999993,56.7306631,0.0181972511,-0.003903756990000001,-0.00429296731,3.65290247e-06,2.8975718300000005e-05
355,1703004600,0.1191501911,0.1191765046,0.010167402700000001,-1.30155905,0.749760388,0.297429491,0.49404008600000004,0.4609640679999999,0.00619374733,0.0739937769,2.6532336000000002e-05,3.1541179899999995e-07,5.376415420000001e-07,8.23462593e-07,6.30003274e-07,8.65453037e-07,1.8581050649999997e-06,3.65013893e-06,0.0582861533,0.0012569415100000003,2.3021292700000002e-05,69.49678839999999,52.44776410000001,3.957613290000001e-06,6.696739500000001,0.005502224870000001,1.39823571,0.0001347558463,1.144191656e-05,0.010974407,5.16256318,0.0001347558463,1.144191656e-05,0.0056355432799999996,3.13268111,0.0001347558463,1.144191656e-05,0.0008919884260000001,2.3869134290000003,0.0001347558463,1.144191656e-05,0.005241133449999999,3.3442246800000003e-06,2.9655493900000003e-05,0.10307118900000001,52.536678800000004,0.0175350429,-0.0038289027900000002,-0.00427196003,3.41723365e-06,2.74103158e-05
355,1703005200,0.256727833,0.25675409699999996,0.002924249469,-1.21386193,1.0022556139999999,0.43170912800000005,0.7589856509999999,0.698121319,0.013976707800000002,0.146297735,2.6977506300000002e-05,8.152141360000001e-07,9.65659281e-07,1.30788534e-06,1.4149758620000001e-06,1.8148317150000001e-06,3.194141534e-06,5.8460192199999994e-06,0.126987999,0.00133532941,2.45185104e-05,64.9934605,51.1671906,8.53567278e-06,6.449630430000001,0.00774656898,2.7390709499999994,0.00020018098429999998,1.7449407200000002e-05,0.0161493256,11.10931977,0.00020018098429999998,1.7449407200000002e-05,0.00586494127,4.97934915,0.00020018098429999998,1.7449407200000002e-05,0.001237161316,4.223082700000001,0.00020018098429999998,1.7449407200000002e-05,0.0051947947,2.66700896e-06,2.88818552e-05,0.023827670299999996,42.9337978,0.0150757914,-0.00351352739,-0.004061193329999999,2.45765122e-06,2.3923048900000004e-05
355,1703005800,0.2662011418,0.2662273656,0.0031162883916,-1.24436242,0.9925052830000002,0.433729475,0.7352474470000001,0.693658678,0.00998694307,0.1448311074,2.6455602899999998e-05,3.1610429400000004e-07,4.1720448099999995e-07,7.119244640000001e-07,7.247071899999998e-07,9.531220880000001e-07,2.0464880799999998e-06,4.07141052e-06,0.13174382010000002,0.0013233357000000002,2.3922243e-05,67.72139530000001,51.3287999,8.85363819e-06,6.28620862,0.00788734457,2.93657008,0.00027823820799999997,2.45399879e-05,0.016262915649999998,11.720401829999998,0.00027823820799999997,2.45399879e-05,0.00592909181,5.812722020000001,0.00027823820799999997,2.45399879e-05,0.001293458644,5.1557131,0.00027823820799999997,2.45399879e-05,0.00519378638,2.5714092799999994e-06,2.8837922e-05,-0.19470847049999998,52.6953806,0.016880704550000004,-0.0035412001000000005,-0.00401576133,2.50556757e-06,2.7312859599999998e-05
355,1703006400,0.1124461398,0.1124722624,0.01149151105,-1.1484288099999997,0.733222377,0.287055946,0.5123031439999999,0.47435198000000006,0.00486809874,0.06332402179999999,2.64471544e-05,4.0564335099999995e-07,6.19250529e-07,9.63132325e-07,7.834410509999999e-07,9.851627840000002e-07,2.0017718e-06,3.809433e-06,0.0548079246,0.00138123857,2.39684828e-05,69.9010004,52.4861524,3.7337802400000005e-06,6.8017610500000005,0.00537278752,1.2935389499999999,0.00011842175790000001,1.0001560494000001e-05,0.010801251500000001,4.82931637,0.00011842175790000001,1.0001560494000001e-05,0.0056456280799999994,3.11358672,0.00011842175790000001,1.0001560494000001e-05,0.0009087169570000001,2.3756235239999994,0.00011842175790000001,1.0001560494000001e-05,0.005214030609999999,3.1138180400000004e-06,2.92563539e-05,0.015332445299999997,53.9983093,0.0174233001,-0.003777374,-0.00425391556,3.1469530399999996e-06,2.74162377e-05
355,1703007000,0.127449535,0.12747569600000003,0.0104089037,-1.1292522,0.783211401,0.30408829099999996,0.5470667250000001,0.5040903910000001,0.006375232019999999,0.0795188563,2.64749433e-05,3.838872738e-07,5.54511319e-07,8.305513600000001e-07,7.94978162e-07,9.97272015e-07,2.01592566e-06,3.8311373199999995e-06,0.06224179660000001,0.00144818663,2.49634031e-05,68.76660509999999,52.3383932,4.233835960000001e-06,6.69915529,0.00566457872,1.4382717900000002,9.400909399999999e-05,7.7672493e-06,0.01150083965,5.48808783,9.400909399999999e-05,7.7672493e-06,0.00557543715,2.603930526,9.400909399999999e-05,7.7672493e-06,0.00084176199,1.8206307029999997,9.400909399999999e-05,7.7672493e-06,0.00519939386,2.6992793399999997e-06,2.8833984099999997e-05,0.1884218382,52.866143,0.016442278299999995,-0.0038015259100000003,-0.004262351659999999,2.6492054200000006e-06,2.4179557299999995e-05
355,1703007600,0.1202939564,0.12032022099999999,0.011239515800000002,-1.13097921,0.7586856550000001,0.296485814,0.5306787139999999,0.49122749800000004,0.0053409027299999995,0.0685287527,2.6602953300000002e-05,4.2754484e-07,6.25193326e-07,9.5247725e-07,8.02884886e-07,1.0921085860000001e-06,2.2363329699999996e-06,3.93357058e-06,0.0584814036,0.00163054958,2.44285096e-05,68.2557219,52.7275022,3.995077459999999e-06,6.721499799999999,0.005619593819999999,1.4063249,0.0001199515643,1.012999443e-05,0.01123310505,5.23633663,0.0001199515643,1.012999443e-05,0.0056731334199999995,3.1867109699999996,0.0001199515643,1.012999443e-05,0.000921522614,2.45848783,0.0001199515643,1.012999443e-05,0.00522266697,2.94032745e-06,2.92368751e-05,-0.016311503800000002,52.560936500000004,0.016129614450000003,-0.00378195279,-0.00426402079,2.9728136699999996e-06,2.57025568e-05
355,1703008200,0.1133079083,0.1133342715,0.01099776985,-1.10977149,0.7473228219999999,0.28545053699999995,0.5133906699999999,0.47686455800000005,0.0054108210399999995,0.06863328580000001,2.65637389e-05,2.6352876200000004e-07,4.4093326100000004e-07,7.300818e-07,5.45908519e-07,6.828695360000001e-07,1.62291952e-06,2.7859422399999998e-06,0.0552173046,0.0014084765099999998,2.0858901700000002e-05,71.66504789999999,52.5660172,3.7667933699999995e-06,6.789888499999999,0.00530839184,1.27292536,0.0001058551166,8.82209749e-06,0.010785112999999999,4.8342830999999995,0.0001058551166,8.82209749e-06,0.005632047990000001,2.7453028,0.0001058551166,8.82209749e-06,0.000872858172,2.02215873,0.0001058551166,8.82209749e-06,0.005225816659999999,2.98156639e-06,2.93115031e-05,0.02010665720000001,53.28043290000001,0.01691992675,-0.0037302873199999997,-0.00424737209,2.8485973799999995e-06,2.51952073e-05
355,1703008800,0.10993883100000001,0.1099650673,0.010301815390000002,-1.1148847800000001,0.7737986359999999,0.28273306,0.5049529190000001,0.466476741,0.0062891788300000005,0.0681479193,2.6530695200000003e-05,3.749810284999999e-07,5.62164204e-07,8.69818491e-07,6.9335399e-07,8.923927389999999e-07,1.899623296e-06,3.5917742099999995e-06,0.053587922999999996,0.0013493677499999998,2.28585676e-05,69.2604894,52.4991798,3.65164634e-06,6.74439172,0.00533245968,1.28170849,0.00013159461879999997,1.114599913e-05,0.010688834099999999,4.75145124,0.00013159461879999997,1.114599913e-05,0.005633495129999999,3.0182775499999996,0.00013159461879999997,1.114599913e-05,0.0008792846559999999,2.2912288600000004,0.00013159461879999997,1.114599913e-05,0.0052179414,2.9325158e-06,2.9189005800000004e-05,-0.21384072979999996,54.801528,0.0152885608,-0.00380568997,-0.00429461225,3.04327757e-06,2.6779277599999996e-05
355,1703009400,0.06764641869999999,0.06767285059999999,0.017477247499999998,-1.47289611,0.58111773,0.236830666,0.36169853399999996,0.336947793,0.0032091094799999997,0.041542844,2.6642322199999997e-05,2.663599465e-07,4.512299279999999e-07,7.30214074e-07,5.55685163e-07,7.192779410000001e-07,1.6039747100000002e-06,2.90656246e-06,0.0325997658,0.00119576494,2.0226801300000002e-05,68.96413909999998,53.5783268,2.24605546e-06,6.86272898,0.004340488280000001,0.817361859,5.6115423199999994e-05,4.415914300000001e-06,0.0083184659,2.87421899,5.6115423199999994e-05,4.415914300000001e-06,0.0054654429800000005,1.84257407,5.6115423199999994e-05,4.415914300000001e-06,0.000628948594,1.0438684195,5.6115423199999994e-05,4.415914300000001e-06,0.0052345164700000005,2.74297517e-06,2.9211870200000002e-05,0.033243118700000004,60.5346229,0.0168021732,-0.00401276638,-0.004384639060000001,2.97150549e-06,2.6864813099999998e-05
355,1703010000,0.07423886850000001,0.0742652664,0.016793255899999998,-1.41979362,0.620268912,0.24508326600000002,0.38262418600000003,0.347448107,0.00455259706,0.04661453709999999,2.6614594399999998e-05,2.7394791000000003e-07,4.812416620000001e-07,7.46767845e-07,5.77158358e-07,7.55873931e-07,1.8113589049999998e-06,3.01189237e-06,0.0360264839,0.0010628463799999999,2.21894938e-05,69.6032241,52.9857393,2.46501527e-06,6.93901661,0.004499882,0.894547017,5.69450021e-05,4.56747572e-06,0.0087095129,3.18744339,5.69450021e-05,4.56747572e-06,0.005446050839999999,1.8970960500000005,5.69450021e-05,4.56747572e-06,0.0006293122689999999,1.105614359,5.69450021e-05,4.56747572e-06,0.00523576808,3.03960041e-06,2.94162472e-05,-0.102838107,58.3449351,0.0174356278,-0.00388418889,-0.004358398470000001,3.31224015e-06,2.8692453e-05
355,1703010600,0.0811496335,0.0811760624,0.0159458302,-1.57373839,0.6179438700000001,0.26205181099999997,0.379361583,0.355848363,0.00347840576,0.050554935200000005,2.6602715500000004e-05,2.3680072210000002e-07,4.375083959999999e-07,7.14941424e-07,5.1977154e-07,6.72452015e-07,1.6272594700000002e-06,2.8769060900000002e-06,0.0394156136,0.0011294213649999999,2.2424984400000002e-05,70.5365198,52.80436569999999,2.6942059400000003e-06,6.79141333,0.0047674979200000005,0.976221256,7.22984728e-05,5.990955847e-06,0.009167339,3.49869166,7.22984728e-05,5.990955847e-06,0.0054692128100000004,2.056377604,7.22984728e-05,5.990955847e-06,0.0006551545190000001,1.2900977586,7.22984728e-05,5.990955847e-06,0.0052477175299999995,3.1605553e-06,2.9613941299999998e-05,-0.04123329032999999,56.0518655,0.0169349207,-0.0038618940399999997,-0.00435092491,3.27877799e-06,2.83924275e-05
355,1703011200,0.09358436490000001,0.0936107084,0.01563998835,-1.44625343,0.670295458,0.27664566599999996,0.432725715,0.40381232899999997,0.00371402303,0.054337699399999995,2.6588615699999997e-05,3.0401880600000005e-07,4.80271658e-07,7.766731909999999e-07,6.06926522e-07,7.85860307e-07,1.8429768300000002e-06,3.2229352299999998e-06,0.0454844705,0.00127676615,2.2622162900000002e-05,70.1267236,52.7717933,3.1078538e-06,6.853195670000001,0.0050607525100000005,1.091050363,0.0001278220817,1.084046182e-05,0.009840112350000001,4.00581285,0.0001278220817,1.084046182e-05,0.00559488325,3.024514696,0.0001278220817,1.084046182e-05,0.0008163538,2.2785979789999997,0.0001278220817,1.084046182e-05,0.0052118613299999995,2.76818584e-06,2.9040539700000002e-05,-0.04064103594,54.7376325,0.016516977199999998,-0.00380660527,-0.00429830188,2.8486473200000003e-06,2.56832154e-05
355,1703011800,0.080189322,0.08021557200000001,0.017564180299999996,-1.4201211099999997,0.6297192229999999,0.255837572,0.40231227599999997,0.377336523,0.0033252328899999995,0.0457745049,2.64401897e-05,2.42333571e-07,4.21011298e-07,6.85665186e-07,5.041694869999999e-07,6.32864356e-07,1.5689794050000003e-06,2.71514309e-06,0.038749573100000004,0.00131702616,2.0978157399999997e-05,70.8148531,53.30985460000001,2.6642024199999993e-06,6.824407839999999,0.00472784541,0.9549081239999998,6.15303285e-05,4.82096535e-06,0.00912780835,3.45826509,6.15303285e-05,4.82096535e-06,0.00551452451,2.06141689,6.15303285e-05,4.82096535e-06,0.0007117474430000002,1.299951365,6.15303285e-05,4.82096535e-06,0.00521351702,2.76175696e-06,2.9045263499999998e-05,-0.14511987269999999,57.2130102,0.0167302038,-0.0038762106499999997,-0.0043523391699999995,2.8843839500000003e-06,2.5468694e-05
355,1703012400,0.0869151475,0.086941735,0.0160372495,-1.4814205599999997,0.6224815020000001,0.268397164,0.413187611,0.38427422599999994,0.0031789632300000003,0.047968192900000005,2.6744971499999998e-05,2.124375666e-07,3.77566578e-07,6.158068729999999e-07,4.87581569e-07,6.12825714e-07,1.47798852e-06,2.6618335500000004e-06,0.04215124869999999,0.0012778357299999999,2.18513769e-05,71.2093906,52.969694600000004,2.88756936e-06,6.80846267,0.0049227395,1.0281579449999998,6.027379e-05,4.784192413e-06,0.0095285445,3.7602775299999998,6.027379e-05,4.784192413e-06,0.005540912729999999,2.252218465,6.027379e-05,4.784192413e-06,0.0007137715980000001,1.457787064,6.027379e-05,4.784192413e-06,0.00523928138,2.65436435e-06,2.92286092e-05,-0.055794350300000004,59.479240399999995,0.016143428800000005,-0.00395870195,-0.00437790463,2.81955717e-06,2.6308355399999997e-05
355,1703013000,0.0772873815,0.07731371719999999,0.017637579100000002,-1.53017416,0.5930056020000001,0.254671847,0.37924907500000005,0.357198405,0.0029105263900000003,0.043530366599999995,2.6422881500000004e-05,1.2651876600000002e-07,2.8882006399999993e-07,5.09119433e-07,3.45320541e-07,4.06150906e-07,1.2092051240000002e-06,2.11237099e-06,0.0375260727,0.00109303838,1.9476364699999998e-05,71.2850414,52.8896066,2.56955532e-06,6.822376489999999,0.00461262812,0.906079389,9.779887559999999e-05,8.12751355e-06,0.0089291444,3.30099245,9.779887559999999e-05,8.12751355e-06,0.00553143129,2.4471820299999996,9.779887559999999e-05,8.12751355e-06,0.0007301659819999999,1.6949549050000001,9.779887559999999e-05,8.12751355e-06,0.005216036350000001,2.6499376900000004e-06,2.8979129e-05,-0.13852645863,60.679558699999994,0.0152739735,-0.00395979223,-0.0043492845799999996,2.8734686699999997e-06,2.70197203e-05
355,1703013600,0.08674150950000001,0.0867677796,0.0167934556,-1.50007631,0.630319243,0.268169538,0.405799894,0.381011624,0.0035249293499999995,0.052243834999999995,2.6498274499999997e-05,2.846708514e-07,4.5952986199999996e-07,7.400718760000001e-07,6.57166444e-07,7.818425029999999e-07,1.7945312750000002e-06,3.01627187e-06,0.0423679683,0.0009730477940000001,2.17570807e-05,68.404691,52.2937906,2.88144503e-06,6.81136149,0.00485288517,1.0075818360000002,0.00012139950990000001,1.030094195e-05,0.00946594,3.7054308600000008,0.00012139950990000001,1.030094195e-05,0.0055511011399999996,2.779259707,0.00012139950990000001,1.030094195e-05,0.000749525489,2.05280038,0.00012139950990000001,1.030094195e-05,0.00521300474,2.6541528099999996e-06,2.89681534e-05,-0.08131125000000002,60.99085779999999,0.015216045849999998,-0.00387860535,-0.00425894311,2.73821448e-06,2.45844825e-05
355,1703014200,0.089334126,0.0893604574,0.0149325702,-1.5788380300000002,0.6082310719999999,0.2748156460000001,0.40141225399999997,0.377336529,0.00368607663,0.04897756870000001,2.6596388200000002e-05,3.15103248e-07,4.81064494e-07,7.337162130000001e-07,6.54473728e-07,8.16147495e-07,1.8776810560000001e-06,3.1447989900000003e-06,0.043479377799999996,0.0011581296300000002,2.12376588e-05,69.0788555,52.6868838,2.9668004e-06,6.7778611699999995,0.00499794661,1.0576641089999999,0.00011767090029999997,1.0026391069999999e-05,0.00964364085,3.8714355999999994,0.00011767090029999997,1.0026391069999999e-05,0.0055660278399999995,2.894269844,0.00011767090029999997,1.0026391069999999e-05,0.000761991619,2.140181528,0.00011767090029999997,1.0026391069999999e-05,0.005207059880000001,2.50460439e-06,2.88147712e-05,0.04644944819999999,58.7074304,0.015501506500000001,-0.00385408859,-0.00431954604,2.70314183e-06,2.5717430500000002e-05
355,1703014800,0.1197185592,0.119744735,0.01073802654,-1.32249339,0.7397100809999999,0.29641206200000003,0.4855648329999999,0.453688854,0.00640594867,0.07253766390000001,2.6409337e-05,2.97984148e-07,4.822075659999999e-07,7.23102396e-07,6.500410429999999e-07,8.30264182e-07,1.87182096e-06,3.3137934600000004e-06,0.05848891139999999,0.0013398377700000001,2.20467804e-05,69.0721835,52.7675117,3.97861762e-06,6.659597500000001,0.00542306632,1.3590168470000001,0.000110898348,9.444956877e-06,0.010868899349999999,5.16918573,0.000110898348,9.444956877e-06,0.005590055629999999,3.00715722,0.000110898348,9.444956877e-06,0.0008397300050000001,2.238013138,0.000110898348,9.444956877e-06,0.00520014618,2.71693908e-06,2.8872949400000003e-05,-0.06064506700000001,60.160953400000004,0.01726354985,-0.00384810181,-0.00428140072,2.8662888100000003e-06,2.56831485e-05
355,1703015400,0.10310503800000001,0.1031311578,0.011432976650000001,-1.2859614860000002,0.734534906,0.276795095,0.47075186799999996,0.42766304699999996,0.0057890126899999995,0.0657926501,2.6440552500000002e-05,3.811215115e-07,5.68655602e-07,8.54763115e-07,7.937925080000001e-07,1.038039479e-06,2.2109300100000005e-06,3.9217365e-06,0.050019455899999996,0.00149938788,2.35802727e-05,68.8351475,53.474930900000004,3.4235187399999997e-06,6.85297004,0.005075007350000001,1.1786840729999999,0.0001063148407,8.85565092e-06,0.01008467399,4.39087517,0.0001063148407,8.85565092e-06,0.0055856605699999996,2.7317791300000005,0.0001063148407,8.85565092e-06,0.0008378552710000001,1.9745506970000002,0.0001063148407,8.85565092e-06,0.0051988697899999995,2.83647181e-06,2.89369821e-05,0.03402350764000002,61.1565919,0.01788814425,-0.0038152241300000002,-0.00428597697,3.05121865e-06,2.7234418100000002e-05
355,1703016000,0.07188603019999999,0.071912303,0.01581228295,-1.44342269,0.6005433229999999,0.24252103100000003,0.37857406299999996,0.34651058,0.00343850219,0.042100649000000004,2.64466317e-05,2.196851524e-07,3.6857293900000004e-07,6.35701716e-07,5.14891959e-07,6.355588120000001e-07,1.6166937769999997e-06,2.5773496300000005e-06,0.0344702682,0.0014447505399999999,2.11847131e-05,72.00822069999998,54.1564518,2.38794882e-06,6.972317480000001,0.004459784569999999,0.865506384,8.71767523e-05,7.229092087000001e-06,0.00854066825,3.05375075,8.71767523e-05,7.229092087000001e-06,0.005481030440000001,2.2425622790000004,8.71767523e-05,7.229092087000001e-06,0.0006613990929999999,1.4897526062000002,8.71767523e-05,7.229092087000001e-06,0.005203060769999999,2.4903165e-06,2.8778505e-05,0.025691212799999995,59.90128,0.016575784200000002,-0.0038031936500000003,-0.004258358929999999,2.6922921e-06,2.54000569e-05
355,1703016600,0.06692120280000001,0.0669476584,0.0176470999,-1.5300700900000002,0.5738050080000001,0.237774483,0.351460723,0.329747564,0.0033323585599999996,0.042128179200000004,2.66264704e-05,2.1432579340000003e-07,4.0041457699999995e-07,5.764130930000001e-07,4.808107260000001e-07,6.0800727e-07,1.4175434299999998e-06,2.4965735200000005e-06,0.032168647700000004,0.00126547713,2.0004680800000003e-05,71.3169469,53.81941260000001,2.2229551700000004e-06,6.919767930000001,0.00438469737,0.8296690490000002,3.40456829e-05,2.495106736e-06,0.008313047,2.87358901,3.40456829e-05,2.495106736e-06,0.005385582119999999,1.4445702839999999,3.40456829e-05,2.495106736e-06,0.00053828745,0.657060389,3.40456829e-05,2.495106736e-06,0.00523620912,2.64031215e-06,2.9140223600000005e-05,-0.037199079,64.9967856,0.0166425819,-0.00411987815,-0.00445246479,2.8311966800000003e-06,2.60085412e-05
355,1703017200,0.07299117299999999,0.0730176419,0.0169095873,-1.53208601,0.582280274,0.24774628,0.367136205,0.343735495,0.0031236930200000002,0.04307403950000001,2.66529831e-05,2.3161718399999998e-07,4.0862083199999996e-07,6.268264069999999e-07,5.08016997e-07,6.185971020000001e-07,1.5441325600000001e-06,2.4877205e-06,0.0353575422,0.00111223002,1.91097265e-05,69.74359139999999,53.07657720000001,2.4252306099999995e-06,6.839920220000001,0.004521282400000001,0.879426549,0.0001376475999,1.169965385e-05,0.00870314925,3.14359191,0.0001376475999,1.169965385e-05,0.0056012517099999996,2.93920398,0.0001376475999,1.169965385e-05,0.000767314357,2.222655193,0.0001376475999,1.169965385e-05,0.00522953222,2.6609335200000003e-06,2.9135629399999995e-05,0.08949620808,63.143886900000005,0.017263548400000002,-0.0039416315500000005,-0.0043765476900000004,2.8685400400000006e-06,2.55685252e-05
355,1703017800,0.0715152704,0.07154177490000001,0.01688544985,-1.5714530699999998,0.5879804569999999,0.24614480099999997,0.356973399,0.334172696,0.0034445882100000006,0.04262940280000001,2.6624105199999998e-05,1.6477438000000002e-07,3.6249513999999997e-07,6.10900338e-07,4.43078238e-07,5.90347196e-07,1.5787045400000002e-06,2.84388747e-06,0.0345826412,0.0011457888699999998,2.2427889e-05,70.151729,53.25880729999999,2.37454219e-06,6.8740409,0.00450572152,0.8803980530000001,2.929345605e-05,2.19926098e-06,0.008586496600000002,3.06867093,2.929345605e-05,2.19926098e-06,0.00541257268,1.59232336,2.929345605e-05,2.19926098e-06,0.0005798503499999999,0.792145704,2.929345605e-05,2.19926098e-06,0.005239843480000001,2.97613242e-06,2.94452545e-05,-0.1292794784,58.1673893,0.016938662299999997,-0.0038639029700000002,-0.00430331807,3.17109496e-06,2.7895250499999998e-05
355,1703018400,0.0629239345,0.0629502342,0.0183802975,-1.46833485,0.58179276,0.228060631,0.34838563899999997,0.31800970500000003,0.003857932,0.039007372500000005,2.6433328299999994e-05,1.8155365499999998e-07,3.8819565000000004e-07,6.30179002e-07,4.1935513599999995e-07,5.421963320000001e-07,1.4603857000000002e-06,2.3184658500000003e-06,0.030295112899999997,0.0011404131099999998,2.0238338e-05,71.91842899999999,53.704143,2.08992213e-06,6.99578207,0.004208306409999999,0.7786008040000001,8.28254656e-05,6.8789253300000005e-06,0.00801615067,2.6878583899999997,8.28254656e-05,6.8789253300000005e-06,0.00547470312,2.200371197,8.28254656e-05,6.8789253300000005e-06,0.000644840202,1.434156907,8.28254656e-05,6.8789253300000005e-06,0.00522436735,2.83406944e-06,2.9169391300000003e-05,0.014591474799999995,60.4411472,0.017069270199999997,-0.0039300505599999995,-0.004361761180000001,3.1765714799999997e-06,2.8232110499999996e-05
355,1703019000,0.0632585367,0.0632850048,0.0175959246,-1.54789015,0.56394221,0.23197824800000003,0.342535452,0.31767220200000007,0.0027358891000000005,0.0363735374,2.65676035e-05,1.534468694e-07,3.4819047399999997e-07,5.03885043e-07,3.8393833099999996e-07,5.27083727e-07,1.2983820269999998e-06,2.42524436e-06,0.030306011600000005,0.0012965519499999998,2.0925653899999998e-05,72.3800813,54.1635315,2.1001832099999997e-06,6.93082167,0.00421167194,0.762018772,7.50373921e-05,6.098059074999998e-06,0.00803459357,2.6828262200000004,7.50373921e-05,6.098059074999998e-06,0.005478198510000001,2.0399462240000004,7.50373921e-05,6.098059074999998e-06,0.0006450276519999999,1.2889062749999998,7.50373921e-05,6.098059074999998e-06,0.00523509609,2.72682051e-06,2.9147554899999994e-05,0.040734426000000004,71.26151730000001,0.0177307997,-0.004236646819999999,-0.00449204786,3.2255675700000004e-06,2.82865621e-05
355,1703019600,0.06742884060000001,0.0674555197,0.01718534335,-1.5278360599999998,0.5837803160000001,0.23811807699999998,0.35337328300000004,0.327947512,0.0029191414099999998,0.0410501053,2.68425065e-05,2.24986241e-07,4.39052266e-07,6.224162159999999e-07,5.248708049999999e-07,6.92354409e-07,1.5622536439999998e-06,3.03630662e-06,0.032494279200000004,0.0011901725099999999,2.26408124e-05,71.5992611,53.608068,2.23762201e-06,6.94520398,0.00435165369,0.8212780860000001,6.16012374e-05,4.981640611000001e-06,0.008334343759999998,2.89532162,6.16012374e-05,4.981640611000001e-06,0.00550122528,2.0469425,6.16012374e-05,4.981640611000001e-06,0.000646200326,1.251419322,6.16012374e-05,4.981640611000001e-06,0.00526643352,2.8686949100000005e-06,2.9562475599999998e-05,0.02308043199999999,70.9049909,0.0192612009,-0.0042401843799999995,-0.00450484937,3.37919524e-06,2.9398059199999997e-05
355,1703020200,0.0651594169,0.0651860168,0.016279283800000002,-1.58275048,0.563117194,0.23634702200000005,0.33968536999999993,0.319247251,0.00264267868,0.03962718820000001,2.67549301e-05,2.2113076849999998e-07,4.50345487e-07,6.30028158e-07,4.6944140099999995e-07,6.09163806e-07,1.398793756e-06,2.59912289e-06,0.031271401399999996,0.00128152753,2.0167301200000002e-05,71.7194468,53.9475368,2.16384297e-06,6.857546170000001,0.0043536483299999994,0.8270143219999999,6.839179120000001e-05,5.650477553999999e-06,0.0082308918,2.81494351,6.839179120000001e-05,5.650477553999999e-06,0.00542012768,1.868831197,6.839179120000001e-05,5.650477553999999e-06,0.000572924474,1.0997096222999998,6.839179120000001e-05,5.650477553999999e-06,0.0052678544600000005,3.1825067799999996e-06,2.9761555600000003e-05,0.0370730643,64.1124849,0.018231462799999997,-0.00421026861,-0.0044902778,3.5955924700000008e-06,2.97914902e-05
355,1703020800,0.0711826344,0.0712092358,0.016611251100000002,-1.48362251,0.596793224,0.24364807100000002,0.370248811,0.34227294900000005,0.0033371858800000003,0.0423448752,2.6781056299999998e-05,2.47472291e-07,4.816078190000001e-07,6.5565981e-07,5.14101322e-07,6.856604610000001e-07,1.53831841e-06,2.8379179300000004e-06,0.0343634274,0.00120024059,2.0434032200000002e-05,70.8070372,53.4030075,2.3641573500000007e-06,6.91579374,0.004530924689999999,0.895439921,7.844789910000001e-05,6.4487851889999995e-06,0.00861058315,3.0871963900000003,7.844789910000001e-05,6.4487851889999995e-06,0.005524768710000001,2.2329106899999998,7.844789910000001e-05,6.4487851889999995e-06,0.000675368914,1.4691344045,7.844789910000001e-05,6.4487851889999995e-06,0.005275961050000001,3.2304460100000003e-06,2.98773749e-05,-0.0062565313000000015,61.9087306,0.0181543467,-0.004207462989999999,-0.0044791006999999996,3.47007704e-06,2.85694191e-05
355,1703021400,0.07144154330000001,0.0714681165,0.0167843841,-1.39744173,0.6128436989999999,0.24035270199999997,0.383374204,0.34253546300000004,0.00440629218,0.0435684687,2.6687049900000002e-05,1.74776871e-07,3.9789770099999995e-07,5.74352358e-07,4.29132315e-07,5.567485740000001e-07,1.36929383e-06,2.6166494300000004e-06,0.034461791400000004,0.0012315311799999998,2.10583794e-05,71.269057,53.563642400000006,2.37264743e-06,6.85397358,0.00444114929,0.873634727,9.730955640000001e-05,8.18210326e-06,0.00852855552,3.0527032699999994,9.730955640000001e-05,8.18210326e-06,0.00556595028,2.5590020700000005,9.730955640000001e-05,8.18210326e-06,0.000730039091,1.783317742,9.730955640000001e-05,8.18210326e-06,0.00526936316,3.14295072e-06,2.9746354000000005e-05,-0.08549575280000002,63.46424730000001,0.017450286500000002,-0.00419839267,-0.00448029049,3.4330652999999997e-06,2.8768321199999998e-05
355,1703022000,0.20400592299999998,0.2040322453,0.00704576592,-1.24558689,0.90497763,0.385068246,0.669020433,0.6230440159999999,0.00931386446,0.1128329518,2.69699362e-05,7.49326368e-07,9.021322950000002e-07,1.1404229400000001e-06,1.3704735699999999e-06,1.7771830539999998e-06,2.985723924e-06,5.74526018e-06,0.10067605799999998,0.00128499883,2.6470806699999995e-05,66.42312100000001,51.48400529999999,6.77952184e-06,6.58398473,0.00700663956,2.2380810749999998,0.00017593245479999997,1.5224270299999999e-05,0.014432430900000001,8.86105354,0.00017593245479999997,1.5224270299999999e-05,0.00576367788,4.08069245,0.00017593245479999997,1.5224270299999999e-05,0.0010887903140000001,3.34531528,0.00017593245479999997,1.5224270299999999e-05,0.005206093190000001,2.42641848e-06,2.8758294400000002e-05,-0.032286283799999996,64.69284860000002,0.0168711238,-0.0038831808900000007,-0.00425984634,2.71018846e-06,2.6553919299999997e-05
355,1703022600,0.1147213123,0.1147478756,0.015825640709999998,-1.34551893,0.74728532,0.29341578199999996,0.4837647690000001,0.447351158,0.00657954239,0.07213969499999999,2.68167635e-05,3.236876376e-07,5.146220389999999e-07,7.00303361e-07,6.379647269999999e-07,8.227752510000001e-07,1.608782845e-06,3.2856660899999993e-06,0.056235098800000015,0.00109511947,2.22005299e-05,67.8920638,52.259899,3.81310528e-06,6.695699960000001,0.00534892485,1.2989652299999999,0.0001166466617,9.84381557e-06,0.01064702035,4.9518778900000004,0.0001166466617,9.84381557e-06,0.00559630221,2.7678640670000005,0.0001166466617,9.84381557e-06,0.0008117447140000001,2.0215746196,0.0001166466617,9.84381557e-06,0.00524550403,2.70768339e-06,2.9269072900000002e-05,0.1580354872,64.9040495,0.0175827411,-0.0041116847599999996,-0.0044159558,3.04721008e-06,2.66780553e-05
355,1703023200,0.0833641595,0.0833905729,0.018604858199999998,-1.43220495,0.637969494,0.2605011869999999,0.40643740399999995,0.37981160100000005,0.00364783727,0.048114505499999995,2.6623989900000002e-05,2.7863095399999997e-07,5.04634145e-07,6.9940327e-07,5.67072006e-07,7.512910759999999e-07,1.56866985e-06,3.2116369900000004e-06,0.040560443999999994,0.00109124178,2.25026744e-05,68.12559839999999,52.6527643,2.76894205e-06,6.812014039999999,0.004815738809999999,1.004401492,6.162862139999999e-05,4.90417675e-06,0.0093293773,3.6144690099999996,6.162862139999999e-05,4.90417675e-06,0.00545728903,1.8305417940000002,6.162862139999999e-05,4.90417675e-06,0.0006569201640000001,1.069950646,6.162862139999999e-05,4.90417675e-06,0.00524904774,3.09671272e-06,2.9516719199999997e-05,-0.041240243,60.77128210000001,0.017818679099999995,-0.00414856614,-0.00443421665,3.49554517e-06,2.80590858e-05
355,1703023800,0.08545944450000001,0.085485839,0.0169619841,-1.50299359,0.628556697,0.26695022,0.40351231800000004,0.37463643999999996,0.00501315999,0.050791231199999995,2.66400284e-05,3.35728978e-07,5.81182862e-07,7.858742830000001e-07,6.63230304e-07,9.28677459e-07,1.93700164e-06,4.05795186e-06,0.0416751883,0.001020076499,2.4874520100000003e-05,67.83502,52.4082619,2.8360750699999994e-06,6.91745387,0.0048810708699999995,1.0282828389999996,7.81786269e-05,6.33304364e-06,0.00943688715,3.7051287299999998,7.81786269e-05,6.33304364e-06,0.005531831940000001,2.2630884530000004,7.81786269e-05,6.33304364e-06,0.000738881271,1.5066909279999998,7.81786269e-05,6.33304364e-06,0.005248473290000001,3.13724394e-06,2.9535851800000002e-05,-0.034112379499999984,61.016159900000005,0.017405611100000003,-0.004143581119999999,-0.0044237867200000005,3.27664346e-06,2.7764846e-05
355,1703024400,0.0884399625,0.0884663413,0.017393918599999995,-1.47642825,0.648544796,0.270289887,0.416300219,0.384274225,0.0044659620199999995,0.053725052800000006,2.6539886999999998e-05,2.528880604e-07,4.6696459800000005e-07,7.525571290000001e-07,4.88259337e-07,6.724514700000001e-07,1.58557586e-06,2.9604306800000004e-06,0.0430580329,0.00113361123,2.0980276100000002e-05,68.75991279999998,52.5904005,2.93994359e-06,6.856178,0.004994719910000001,1.077264973,5.3970000500000005e-05,4.220517215e-06,0.009638744999999999,3.8709575000000003,5.3970000500000005e-05,4.220517215e-06,0.00545888811,1.8286987540000001,5.3970000500000005e-05,4.220517215e-06,0.000671348017,1.0667175269999998,5.3970000500000005e-05,4.220517215e-06,0.0052450471200000005,3.4016434e-06,2.9728199700000003e-05,0.08096529649999999,53.9629286,0.0183689644,-0.0038045588400000005,-0.00431915425,3.3672676400000003e-06,2.76028405e-05
355,1703025000,0.1452936614,0.14531997049999998,0.01111650107,-1.21192553,0.818124984,0.32453496400000004,0.5678048330000001,0.516803274,0.00726518835,0.0879532183,2.6537647100000002e-05,3.1492345150000004e-07,5.1898764e-07,9.117163560000002e-07,6.63338035e-07,8.710289700000002e-07,2.2086365399999995e-06,3.65166247e-06,0.0711914614,0.0014209772299999999,2.5016151000000002e-05,70.4159587,52.2689699,4.82871312e-06,6.75746055,0.00602258151,1.6811537399999998,0.00013181462169999997,1.123487457e-05,0.0120623246,6.2406027,0.00013181462169999997,1.123487457e-05,0.005651407119999999,3.2252182100000004,0.00013181462169999997,1.123487457e-05,0.0009309536499999998,2.4996318110000004,0.00013181462169999997,1.123487457e-05,0.00524032163,3.53342119e-06,2.98832193e-05,0.08350625999999998,45.1914864,0.018049382,-0.0034073084000000005,-0.00405118271,3.25272855e-06,2.7891197e-05
355,1703025600,0.147847989,0.147874338,-0.0008331948000000003,-0.18271940999999997,1.548122246,0.329381219,0.5742175269999998,0.5164282640000001,0.015712160450000002,0.1489273491,2.81072158e-05,3.4350467149999995e-06,4.5723162069999994e-06,6.196151695999999e-06,7.443889799000001e-06,1.0072377626e-05,1.6026178879999997e-05,2.7812506970000005e-05,0.0713338037,0.0022282831199999997,0.00028425457050000006,73.38619100000001,53.1621116,4.880687189999999e-06,7.09772557,0.00617079054,4.86194696,0.0002981921693,2.654742041e-05,0.0123205612,7.18517207,0.0002981921693,2.654742041e-05,0.00582285731,4.16719918,0.0002981921693,2.654742041e-05,0.001141660987,3.4538739900000004,0.0002981921693,2.654742041e-05,0.00535912828,5.9786548159999996e-05,8.610574770000001e-05,-6.81923769,460.35014329999996,0.1089747861,-0.0034364038699999993,-0.00396236134,0.00018143318938000004,0.0019157590344000002
355,1703026200,0.140999391,0.14102561900000002,-0.017450150510000005,-1.20701385,0.6762206399999999,0.3243561360000001,0.574030016,0.5250910249999999,0.00394508031,0.0686033621,2.6385864700000004e-05,2.40789565e-07,4.5989877900000005e-07,6.98335287e-07,5.74921942e-07,7.566226809999999e-07,1.6793146500000002e-06,3.2835710299999995e-06,0.06835634239999999,0.0021100206899999996,2.5408470400000004e-05,72.74498700000001,53.068166999999995,4.686645949999999e-06,6.643291450000001,0.005856479580000001,1.5909243700000002,0.00019085368899999998,1.656169845e-05,0.0120409805,5.99068914,0.00019085368899999998,1.656169845e-05,0.00579686647,4.24905269,0.00019085368899999998,1.656169845e-05,0.001097133245,3.5002003700000004,0.00019085368899999998,1.656169845e-05,0.005243843570000001,3.59627676e-06,2.9880216600000002e-05,0.048615049099999995,73.1195976,0.02250684435,-0.00382442847,-0.004221909040000001,4.14922114e-06,3.84321389e-05
355,1703026800,0.236293211,0.236319459,-0.004140671970000001,-1.39110467,0.884539494,0.430736091,0.6977463120000001,0.643519633,0.01115039358,0.12289217350000001,2.6634991899999998e-05,5.23978149e-07,7.86662048e-07,1.09675311e-06,1.065686763e-06,1.461332376e-06,2.88843485e-06,6.1505571100000005e-06,0.11502689120000001,0.00307616894,2.9163016100000004e-05,70.4050073,52.837983699999995,7.851898049999999e-06,6.687215920000002,0.007538903740000001,2.5963985700000003,0.0002497160396,2.1962091950000003e-05,0.0154850954,10.130649339999998,0.0002497160396,2.1962091950000003e-05,0.0058702278899999995,5.380083730000001,0.0002497160396,2.1962091950000003e-05,0.00126114863,4.703454686,0.0002497160396,2.1962091950000003e-05,0.005251251229999999,3.9194194399999995e-06,3.01285519e-05,0.031186255799999996,54.2992124,0.0210885223,-0.0037428609500000003,-0.0041450718299999995,3.851099489999999e-06,3.16917562e-05
355,1703027400,0.350981804,0.35100775300000003,0.004775959766000001,-1.40250992,1.051907106,0.497706977,0.8148248770000001,0.748147843,0.02035454305,0.192508464,2.6732738400000003e-05,1.490958439e-06,2.395692241e-06,3.2999819110000003e-06,3.5136781499999996e-06,2.5440951899999996e-06,4.589395044999999e-06,1.47277995e-05,0.1726093977,0.00279393362,5.42028337e-05,68.65755150000001,52.5917161,1.166859965e-05,6.5085894600000005,0.00936725635,4.18739032,0.00045779856940000006,4.107686268e-05,0.0181703927,15.43118619,0.00045779856940000006,4.107686268e-05,0.00606747247,9.100658496,0.00045779856940000006,4.107686268e-05,0.0017086808000000002,8.521422794,0.00045779856940000006,4.107686268e-05,0.00566052551,1.5401638000000002e-05,4.14271318e-05,0.07863523579000001,21.192461549999997,0.017691615100000002,1.7965359999999424e-06,-0.002362088523,4.525879780000001e-06,2.8618586299999997e-05
355,1703028000,0.607914885,0.607940973,0.00508491413,-1.2512461499999998,1.39796767,0.6715516,1.16823569,1.0970210200000001,0.01764965575,0.29851651200000007,2.7073049e-05,1.145774457e-06,1.1198577008000001e-06,1.326400424e-06,1.9189083809999998e-06,2.331386403e-06,3.6039088480000003e-06,7.864339000000002e-06,0.300445282,0.00346640764,2.54380983e-05,65.73101349999999,51.222229000000006,2.0228394199999998e-05,5.67319733,0.01204270295,6.378953409999999,0.0004145982254,3.7183383953e-05,0.0252583479,26.382787099999994,0.0004145982254,3.7183383953e-05,0.00616476725,9.751586630000002,0.0004145982254,3.7183383953e-05,0.00175570889,9.059810299999999,0.0004145982254,3.7183383953e-05,0.00513032503,1.6898123499999998e-06,2.7749220000000003e-05,0.157775838,27.7647674,0.011624210799999998,-0.0032558691299999997,-0.00382419989,1.1651594259999999e-06,1.58443268e-05
355,1703028600,0.36665931300000004,0.36668550200000005,0.00755846837,-1.2313734399999998,1.141609856,0.517795461,0.913265395,0.8488758900000001,0.009476263240000001,0.18228765399999997,2.67745611e-05,6.415210584e-07,6.664718917000001e-07,8.286362606e-07,1.2676417439999997e-06,1.6292359030000001e-06,2.7328076170000003e-06,6.047243520000001e-06,0.17919839899999998,0.0040930471,2.38032778e-05,70.67202149999999,52.4364693,1.21913119e-05,6.180561630000001,0.00940363705,3.8500335299999997,0.00031788181119999997,2.8198781430000002e-05,0.019310159900000002,15.674598300000003,0.00031788181119999997,2.8198781430000002e-05,0.00601486893,7.238122820000001,0.00031788181119999997,2.8198781430000002e-05,0.001452609417,6.5287074,0.00031788181119999997,2.8198781430000002e-05,0.00513719651,1.45045567e-06,2.7576451e-05,-0.0529416734,46.3178914,0.012646263800000002,-0.0035852628899999996,-0.00401793039,1.4657800899999998e-06,1.87402101e-05
355,1703029200,0.603278906,0.603305184,0.005101302770000001,-1.26396769,1.33957842,0.6485363989999999,1.116446569,1.0233312250000002,0.03191656765,0.305210786,2.7362062299999998e-05,1.2257189010000002e-06,1.2211001839999999e-06,1.473337965e-06,2.150387994e-06,2.7258346800000002e-06,4.427206295e-06,9.437051909999998e-06,0.29927835499999994,0.00230781414,2.952463685e-05,66.2415936,51.307089,2.006813925e-05,6.124858049999999,0.0116352707,6.3439834500000005,0.0004504151838000001,4.0289980659999996e-05,0.024047537200000003,26.21163285,0.0004504151838000001,4.0289980659999996e-05,0.00622191863,10.407474060000002,0.0004504151838000001,4.0289980659999996e-05,0.0017994083099999998,9.794746190000001,0.0004504151838000001,4.0289980659999996e-05,0.005170788879999999,2.48413435e-06,2.87576858e-05,-0.028352699399999997,19.8104305,0.010873481550000001,-0.00307497959,-0.0036845186200000005,1.5106511099999999e-06,1.8382563599999998e-05
355,1703029800,0.711981965,0.71200808,0.00246915107,-1.40859277,1.47086988,0.743925522,1.18807377,1.120084185,0.0317336156,0.38768518300000004,2.67939751e-05,8.632638599999999e-07,8.486393710000001e-07,1.1430220159999997e-06,1.936644267e-06,2.620795535e-06,4.51756471e-06,1.077038057e-05,0.355400349,0.000519685677,4.748232015e-05,61.89151569999999,50.1383618,2.36845532e-05,6.16192062,0.013329433699999999,7.63947823,0.000578614704,5.205184042e-05,0.0273983072,31.560992799999998,0.000578614704,5.205184042e-05,0.0063436394800000006,12.33901349,0.000578614704,5.205184042e-05,0.00196142295,11.72889865,0.000578614704,5.205184042e-05,0.00513595109,2.0912279699999996e-06,2.8148819599999995e-05,-0.004006880399999994,24.689934200000003,0.0129567343,-0.00307854672,-0.0036603363799999995,1.34743132e-06,1.7249055399999994e-05
355,1703030400,0.36631895000000003,0.366345011,0.0002175795826,-0.8119869300000001,1.500083279,0.49921672,0.862001308,0.767685904,0.08836939698,0.6510554239999999,2.6728524500000004e-05,9.180519070000001e-07,1.259953167e-06,2.56697656e-06,3.702697746e-06,6.42332459e-06,1.228034338e-05,2.8961389939999997e-05,0.18068034700000002,0.00233535797,8.6971828e-05,66.1300391,51.404785600000004,1.2144055800000001e-05,6.576136119999999,0.0094092863,5.66108445,0.0002644113107,2.338224888e-05,0.0184664678,16.277015799999997,0.0002644113107,2.338224888e-05,0.0060992845000000006,12.578105974,0.0002644113107,2.338224888e-05,0.001519642102,11.733938256999998,0.0002644113107,2.338224888e-05,0.0052252536,1.529908636e-05,4.1290807699999995e-05,-0.276493915,151.06814709999998,0.0614917646,-0.0031402374599999996,-0.003759641084,3.9576755140000005e-05,0.0004224615238
355,1703031000,0.8661076590000001,0.866133657,-0.00310262471,-0.9960409689999998,2.449949808,0.723190737,1.2125245030000003,1.053707181,0.21009516301,1.3963827504000002,2.6699923100000003e-05,1.0928198724000001e-06,1.3358302150000002e-06,2.7752242389999996e-06,4.7663444019999995e-06,8.448023619e-06,2.5815032333e-05,8.170555197000001e-05,0.42881035789999994,0.00390131227,0.0002154494199,67.8990456,51.375033300000005,2.873057915e-05,6.635174769999999,0.01440889187,12.565156929999999,0.000670465017,6.0440417800000004e-05,0.026684534899999994,38.22407925,0.000670465017,6.0440417800000004e-05,0.00639063624,13.071752219999999,0.000670465017,6.0440417800000004e-05,0.0020823938699999997,12.53535536,0.000670465017,6.0440417800000004e-05,0.00550652434,1.7714114999999998e-05,4.380532810000001e-05,0.0895883577,99.843896557,0.05890729339999999,-0.0005499594670000001,-0.0016519401060000002,2.2116388979999997e-05,0.00023909683039999999
355,1703031600,0.17802991699999998,0.178055774,-0.0039982850600000005,-1.6745539399999998,0.6452446909999999,0.392470242,0.542454074,0.516128265,0.004319044329999999,0.0840182343,2.6179913000000002e-05,3.653065594999999e-07,4.160455621e-07,5.59471698e-07,8.281658250000002e-07,1.127148482e-06,1.9436315559999996e-06,4.18641577e-06,0.08688282300000001,0.00210585641,1.64846657e-05,70.3005041,52.3756503,5.918030420000001e-06,6.50264902,0.00686053306,1.97639232,0.00016519091489999998,1.4487465530000002e-05,0.0136930517,7.719487030000001,0.00016519091489999998,1.4487465530000002e-05,0.00566322748,4.24315731,0.00016519091489999998,1.4487465530000002e-05,0.0009898815520000001,3.5033711300000006,0.00016519091489999998,1.4487465530000002e-05,0.00512458284,1.71831548e-06,2.75683434e-05,0.34686238399999997,84.4670821,0.0171497109,-0.00379884464,-0.004139799689999999,2.0904725500000003e-06,2.4365456999999998e-05
355,1703032200,0.285804461,0.285830613,0.00261074522,-1.44658928,0.8677014849999999,0.47595535599999994,0.7565480859999999,0.707121589,0.00896982771,0.13562865159999998,2.6595007099999996e-05,5.225606789999999e-07,5.92695438e-07,7.800358589999999e-07,1.042049843e-06,1.380314328e-06,2.3834185250000005e-06,4.96852685e-06,0.14086254650000002,0.0020092194600000004,1.835098945e-05,67.7634218,51.4780612,9.509332260000002e-06,6.395882850000001,0.008465895729999999,3.15594354,0.0001806524946,1.5655609549999998e-05,0.0173770361,12.59930722,0.0001806524946,1.5655609549999998e-05,0.005826114329999999,4.89008797,0.0001806524946,1.5655609549999998e-05,0.00120373665,4.12503611,0.0001806524946,1.5655609549999998e-05,0.00516719842,2.16820511e-06,2.8330111599999998e-05,0.1464762916,45.155676899999996,0.014919297650000002,-0.00354252814,-0.0039826722299999995,1.8347628999999999e-06,2.0630595700000003e-05
355,1703032800,0.343238052,0.343263977,0.00282255604,-1.40297916,0.9987679890000001,0.521074086,0.8487634119999999,0.795099255,0.008616052159999998,0.16058878199999999,2.67022689e-05,9.20633926e-07,1.0580589704e-06,1.481602783e-06,1.908280335e-06,2.620337573e-06,4.454193133e-06,9.187353009999999e-06,0.169700268,0.00186515344,3.10997828e-05,65.6470188,51.1198603,1.14090427e-05,6.41331323,0.009194326800000001,3.75682988,0.00019523154269999999,1.704133585e-05,0.019023596499999997,14.875802600000004,0.00019523154269999999,1.704133585e-05,0.00590061725,5.65988683,0.00019523154269999999,1.704133585e-05,0.00138812485,4.91185392,0.00019523154269999999,1.704133585e-05,0.00518753243,3.6635617899999996e-06,2.95835609e-05,-0.192889176691,25.7253034,0.014283175999999998,-0.0030051426399999998,-0.0036507353199999996,1.96830317e-06,2.06961141e-05
355,1703033400,0.516419532,0.516445678,0.0018904848672999998,-0.8770957449000001,1.8952328170000001,0.612861491,1.074145284,0.8853645379999999,0.073541919,0.4105104460000001,2.76529074e-05,1.6108727700000002e-06,2.1062244966e-06,3.0531354039999997e-06,4.947635845e-06,7.703086952999999e-06,1.5019122036000001e-05,3.482248157e-05,0.24519440800000006,0.012756761810000003,0.00018772195269999999,76.72555630000001,54.066166900000006,1.70964462e-05,6.88424151,0.011108186,6.45980997,0.00037748531990000004,3.389884423e-05,0.0223496321,21.5762069,0.00037748531990000004,3.389884423e-05,0.0060890749499999995,9.63691933,0.00037748531990000004,3.389884423e-05,0.001676687565,8.912370570000002,0.00037748531990000004,3.389884423e-05,0.00556407617,1.762125097e-05,4.3799302300000006e-05,0.16801121150000004,93.35102809999998,0.060600784,-0.0011094656040000002,-0.002715413083,1.8270544549999998e-05,0.00015727561459999998
355,1703034000,0.339930387,0.33995653400000003,0.0027246921429999998,-1.3210807139999998,1.21687466,0.5144736839999999,0.8506759709999999,0.794611759,0.01446191672,0.198940623,2.7406519599999998e-05,1.404022134e-06,1.562124278e-06,1.958318175e-06,2.5949888450000002e-06,3.49105153e-06,5.90286822e-06,1.2354709249999999e-05,0.16743736199999998,0.00245421211,4.305709149999999e-05,66.2722513,51.454745700000004,1.1288649400000001e-05,6.65017002,0.009066032800000002,3.72497824,0.00029527061259999995,2.6109735069999996e-05,0.0188608265,14.6782007,0.00029527061259999995,2.6109735069999996e-05,0.00598439517,6.6749439100000005,0.00029527061259999995,2.6109735069999996e-05,0.0014545594000000002,6.00233279,0.00029527061259999995,2.6109735069999996e-05,0.005200388970000001,3.63372895e-06,2.96656542e-05,0.28172477100000004,67.37312770000001,0.0237696638,-0.00334035629,-0.0038626317099999994,3.52042857e-06,3.5124153e-05
355,1703034600,0.313307219,0.313333132,-0.005717936779999999,-1.34307469,1.084008088,0.49415115099999996,0.816924936,0.751822923,0.015549358,0.161906404,2.73584904e-05,1.0440473210000001e-06,1.203710692e-06,1.53660916e-06,2.1365196999999997e-06,2.9734355099999996e-06,4.878910089999999e-06,9.781883969999999e-06,0.1544259555,0.0021690524099999995,3.3594761e-05,67.4214969,51.4710611,1.0408375399999998e-05,6.636266109999999,0.0086318843,3.4296966600000003,0.00032070028800000003,2.87948925e-05,0.017996392,13.441663599999998,0.00032070028800000003,2.87948925e-05,0.006061887310000001,6.96628407,0.00032070028800000003,2.87948925e-05,0.00149625995,6.29586238,0.00032070028800000003,2.87948925e-05,0.0052203836000000005,5.44618389e-06,3.14199487e-05,-0.21762267200000002,182.90989360000003,0.03907549595,-0.0032602178699999997,-0.00392835295,1.1973912120000001e-05,0.00012328489360000002
355,1703035200,0.440347535,0.440373578,-0.0026332502500000005,-0.30950429999999995,1.91668352,0.5556311660000001,0.962841882,0.7728235779999999,0.07085264620000001,0.39913513999999994,2.71426155e-05,1.47995737e-06,2.208059589e-06,3.79461631e-06,7.369682296e-06,1.3783706490000001e-05,2.8438781969999997e-05,7.367167286000001e-05,0.19843486000000002,0.02122520463,0.00038180206850000004,81.22936340000001,58.547941,1.43990136e-05,7.453301599999999,0.011305306549999998,7.75130309,0.0008066575566999998,7.312925309999998e-05,0.020022447200000005,17.728096349999998,0.0008066575566999998,7.312925309999998e-05,0.0062760362699999985,15.969968470000001,0.0008066575566999998,7.312925309999998e-05,0.0019234185600000002,15.508721485999999,0.0008066575566999998,7.312925309999998e-05,0.00606695617,3.28519986e-05,5.885417420000001e-05,0.055162232400000025,38.9804432,0.05782242590000001,0.0008139611507999997,-0.00221439725,2.3467097400000003e-05,0.00015956246219999998
355,1703035800,0.364097596,0.364123769,-0.00792509532,-0.3578879089999999,1.7229525970000001,0.512857798,0.829712819,0.649294824,0.07733002781000001,0.3700988104,2.6633238299999996e-05,7.871943700000001e-07,1.5220823433000002e-06,3.144896204e-06,5.740830026999999e-06,1.0656206397e-05,2.1509147673000002e-05,5.35216278e-05,0.166944445,0.01464359427,0.0003632117321,81.39560850000001,56.641676600000004,1.1922842220000002e-05,7.169602929999999,0.009834808039999999,6.29912206,0.0012472248447000002,0.00011349107195,0.0180128325,15.1073182,0.0012472248447000002,0.00011349107195,0.0062766830999999995,21.6137064,0.0012472248447000002,0.00011349107195,0.0018349878599999998,21.54444278,0.0012472248447000002,0.00011349107195,0.00597144344,3.32168145e-05,5.9381008400000015e-05,0.020730375900000004,148.0376357,0.066557753,0.00010234099699999995,-0.0024125649600000004,2.36903459e-05,0.00017497213749999998
355,1703036400,0.281004268,0.281030436,-0.00579398059,-1.5034133500000002,0.960966848,0.47302199000000006,0.7265846789999999,0.675583125,0.01228163142,0.141107921,2.6621475799999997e-05,4.74258462e-07,5.371447185e-07,6.588327540000001e-07,1.080377628e-06,1.6259313770000002e-06,2.795702898e-06,6.24569065e-06,0.13775133150000002,0.00270556006,3.12550109e-05,70.32345660000001,52.262626999999995,9.33831518e-06,6.41516383,0.00830989766,3.0966560000000003,0.00038148015870000004,3.4082050953e-05,0.016853553299999997,12.133742049999999,0.00038148015870000004,3.4082050953e-05,0.00599139253,7.502919629999998,0.00038148015870000004,3.4082050953e-05,0.0013909525679999999,6.861189897,0.00038148015870000004,3.4082050953e-05,0.0051719911,2.8250425250000005e-06,2.9002702e-05,-0.3983460815,228.73650580000003,0.0324116827,-0.00351092603,-0.00400529087,4.306244909999999e-06,4.97645951e-05
355,1703037000,0.39265102100000004,0.3926771929999999,-0.0006851239019999999,-1.002082916,1.88053241,0.539388211,0.794686744,0.6825958259999999,0.08097037676999999,0.45577200389999994,2.6717673400000003e-05,6.786253960000001e-07,9.99302727e-07,1.6008757370000002e-06,3.0677562869999996e-06,5.50220785e-06,1.057932481e-05,2.6905777339999997e-05,0.184312208,0.01180285095,0.0001603377503,80.021153,54.8040045,1.297593437e-05,7.07008258,0.0097723981,5.21634987,0.00026865843619999996,2.4248505000000004e-05,0.018765409099999998,16.33992955,0.00026865843619999996,2.4248505000000004e-05,0.00586790259,6.546218497000001,0.00026865843619999996,2.4248505000000004e-05,0.001391358585,5.8252077443,0.00026865843619999996,2.4248505000000004e-05,0.00555403184,1.617717592e-05,4.22893278e-05,-0.20122051186000003,148.69851350000002,0.0568081046,-0.0016675860999999996,-0.003172519793,1.501866637e-05,0.00011212745600000001
355,1703037600,0.5512321110000001,0.551257945,-0.00083336516,-0.6509023885000002,2.29345753,0.635791354,1.082620563,0.8005369230000001,0.1196966084,0.5912155130000001,2.70242142e-05,1.334793838e-06,2.0737008959999996e-06,3.7466210330000002e-06,7.062575420999999e-06,1.3195793160000001e-05,2.6050985130000002e-05,6.585449727e-05,0.252795228,0.02227029618,0.000429919499,87.5526093,56.99634960000001,1.8129801299999998e-05,7.505454449999999,0.012008660899999999,8.67094447,0.0008345532187000002,7.604298628999999e-05,0.022178104,22.4044918,0.0008345532187000002,7.604298628999999e-05,0.0060929571,16.099710379999998,0.0008345532187000002,7.604298628999999e-05,0.0017715510739999998,15.669565081999997,0.0008345532187000002,7.604298628999999e-05,0.00614535093,3.7238093520000004e-05,6.318954619999999e-05,-0.0023055201999999998,39.2296161,0.059315411799999995,0.001501786265,-0.00156420109,2.174466788e-05,0.00012004352199999999
355,1703038200,0.375558006,0.375584065,-0.001035051341,-1.5114327299999997,1.3717543700000001,0.5540799209999999,0.788761567,0.7422226539999999,0.02902613445,0.24075317599999999,2.71470556e-05,1.064362988e-06,1.201534839e-06,1.5622756585e-06,2.3912176399999997e-06,3.4639778330000006e-06,5.997029e-06,1.353320012e-05,0.18402745739999998,0.0036613342999999993,5.988877950000001e-05,69.9178963,52.165787,1.246684945e-05,6.69746734,0.00975681654,4.24781447,0.0006421155866000001,5.811437483e-05,0.01949079255,16.33304603,0.0006421155866000001,5.811437483e-05,0.006063664549999999,12.27311723,0.0006421155866000001,5.811437483e-05,0.0015329101000000002,11.776651359999999,0.0006421155866000001,5.811437483e-05,0.005188961130000001,4.694798390000001e-06,3.06970936e-05,-0.2593569617399999,213.39757170000001,0.0473910667,-0.00317525856,-0.0036944141899999997,7.927223550000001e-06,8.01713918e-05
355,1703038800,0.184044184,0.184070444,0.005977604230000001,-1.46258471,1.0537071630000001,0.38896336800000003,0.598443266,0.550704302,0.01031645976,0.10946696659999999,2.72163331e-05,6.356557778e-07,7.108925184e-07,8.749094979999999e-07,1.240522057e-06,1.7877283430000003e-06,2.854841388e-06,6.135641880000001e-06,0.089601254,0.0023815643299999996,2.40530587e-05,70.24814,52.6170192,6.1132254e-06,6.662468190000001,0.006980275719999998,2.07564838,0.00030938465200000006,2.779841759e-05,0.01381370985,7.918110610000002,0.00030938465200000006,2.779841759e-05,0.00590353106,6.20911395,0.00030938465200000006,2.779841759e-05,0.0011861122109999998,5.558213726,0.00030938465200000006,2.779841759e-05,0.005186365199999999,2.7587551e-06,2.8976839399999997e-05,0.092076633,191.4744864,0.0316998147,-0.00359061976,-0.00406246185,4.01344726e-06,4.14977697e-05
355,1703039400,0.21562654600000003,0.215652899,0.00910200299,-1.27100874,1.0868581689999999,0.40576167199999996,0.6935086629999999,0.6244315500000001,0.014224733029999997,0.12264969549999998,2.7189697999999996e-05,8.43106705e-07,9.336582549999999e-07,1.1235993186e-06,1.555175148e-06,2.145374784e-06,3.4345069969999998e-06,6.94064136e-06,0.10481429980000001,0.00295550763,2.56432452e-05,70.57467360000001,52.7762741,7.16237526e-06,6.581778349999999,0.007324228049999999,2.30101956,0.0002140117644,1.869179717e-05,0.014771185850000002,9.14679293,0.0002140117644,1.869179717e-05,0.00584476828,4.992948340000001,0.0002140117644,1.869179717e-05,0.0011594869060000002,4.2618918059999995,0.0002140117644,1.869179717e-05,0.005174312929999999,1.9700559099999995e-06,2.83331583e-05,0.045121061,163.0480799,0.026034125139999996,-0.0038375479700000006,-0.00419255933,3.2972706999999998e-06,3.57938875e-05
355,1703040000,0.3991029,0.39912907999999997,0.003945209859999999,-1.2356027800000002,1.50435841,0.5523729239999999,0.9059526630000001,0.825550206,0.0370816571,0.29970238250000003,2.7354047100000003e-05,1.2973347129999999e-06,1.4327880080000002e-06,1.863405486e-06,2.67805846e-06,3.79983897e-06,6.591698983000001e-05,1.3339534559999997e-05,0.19526874700000002,0.0041124575200000004,7.8726513e-05,69.1624519,52.073622799999995,1.3255769400000001e-05,6.652212919999999,0.0109650347,5.772877620000001,0.00042262623999999996,3.777777384e-05,0.020140781400000002,17.1203047,0.00042262623999999996,3.777777384e-05,0.006147086239999999,9.19891789,0.00042262623999999996,3.777777384e-05,0.00162849867,8.53031078,0.00042262623999999996,3.777777384e-05,0.00522650052,8.17672822e-06,3.4323079199999996e-05,0.31348154289999997,153.143390477,0.0505504937,-0.00195245131,-0.0026423682300000004,7.82268815e-06,8.25770402e-05
355,1703040600,0.39732112399999997,0.397347474,0.0024774674518,-1.4199133700000002,1.2649511200000003,0.561103897,0.886939589,0.831100367,0.02291413255,0.26517301,2.7298472499999998e-05,7.965802309999999e-07,8.90213003e-07,1.1469435449999999e-06,1.6681187e-06,2.169930371e-06,3.2895976960000003e-06,8.849708500000001e-06,0.196971713,0.00164622985,2.28730496e-05,63.878537400000006,50.8924393,1.32186736e-05,6.12564797,0.0100022529,4.27079353,0.0002639062406,2.336483064e-05,0.0203079578,17.1921403,0.0002639062406,2.336483064e-05,0.0059230442400000005,6.38205164,0.0002639062406,2.336483064e-05,0.0013887479159999999,5.653337817000001,0.0002639062406,2.336483064e-05,0.00519025898,4.04529938e-06,3.0377166e-05,-0.3878093605,81.9250944,0.0249893951,-0.00287580675,-0.0034679267799999996,5.702358900000001e-06,5.60226395e-05
355,1703041200,0.287594131,0.28762014,0.0006719835419999999,-1.56126799,1.0546446950000001,0.48964717099999994,0.721972043,0.6731830560000001,0.014715134,0.154866848,2.6819673700000004e-05,6.87189497e-07,7.48311762e-07,1.0431143719999998e-06,1.532886862e-06,2.1490291299999997e-06,3.48397325e-06,9.23844371e-06,0.141715538,0.0020306326799999995,3.12007735e-05,67.503881,51.4149131,9.55823009e-06,6.51768417,0.00872965034,3.2155973499999995,0.0002529415686,2.2446289020000002e-05,0.017355128399999996,12.513538,0.0002529415686,2.2446289020000002e-05,0.005879916059999999,6.101662010000001,0.0002529415686,2.2446289020000002e-05,0.0012969415159999997,5.369434366000001,0.0002529415686,2.2446289020000002e-05,0.0051750339400000005,3.918415369999999e-06,2.99637162e-05,-0.117905573355,122.4757185,0.0340615185,-0.0030299637399999997,-0.00356231012,4.40464269e-06,4.40407511e-05
355,1703041800,0.20581614099999998,0.20584216900000002,-0.00011992956199999992,-1.512709424,1.045119393,0.416571525,0.597430731,0.5601170970000001,0.016360185479999997,0.13627329019999998,2.6604181200000003e-05,3.329134916e-07,4.5143809559999997e-07,7.088493870000001e-07,1.134239001e-06,1.7773185080000001e-06,3.110021654e-06,6.537151569999999e-06,0.1005652073,0.00229594069,3.23031448e-05,68.9829501,52.2262158,6.8373957e-06,6.57043484,0.00731895831,2.4129659099999996,4.908545899999999e-05,4.42259469e-06,0.014523318399999999,8.786149599999998,4.908545899999999e-05,4.42259469e-06,0.00554373747,2.56569909,4.908545899999999e-05,4.42259469e-06,0.0008886061460000001,1.748319245,4.908545899999999e-05,4.42259469e-06,0.0052006154,5.3322176699999995e-06,3.1349199800000005e-05,0.19243180340000002,220.00585929999997,0.0485890591,-0.00333208088,-0.0038773772400000003,9.449539829999999e-06,9.56089477e-05
355,1703042400,0.227102696,0.22712874200000002,-0.0034106421499999996,-1.6319064399999998,0.921290655,0.44030165400000004,0.621506469,0.5835553069999999,0.010972793409999999,0.11742728840000001,2.7023861e-05,5.464664010000001e-07,5.86163407e-07,7.394463939999999e-07,1.10674735e-06,1.503048825e-06,2.49883782e-06,5.4864342299999995e-06,0.11111552359999999,0.00239954046,2.27863432e-05,69.1174584,52.1508947,7.548398959999999e-06,6.302203820000001,0.00767214591,2.4212888799999996,0.00022751712109999998,2.037348411e-05,0.015335919800000004,9.71646805,0.00022751712109999998,2.037348411e-05,0.00576692416,4.990003864,0.00022751712109999998,2.037348411e-05,0.0011123010919999999,4.2727955452,0.00022751712109999998,2.037348411e-05,0.00516584992,3.0196766300000002e-06,2.9050833e-05,-0.02231502779999999,191.5816935,0.02993192415,-0.00328838489,-0.00391940227,4.832251560000001e-06,4.86318317e-05
355,1703043000,0.44687930500000006,0.44690543299999996,-0.00325106422,-1.3855013809999999,1.45305685,0.599297201,0.892414754,0.807099648,0.04186556045,0.32214096,2.6662066400000004e-05,7.4442941e-07,9.395857640000001e-07,1.653454958e-06,3.0537860099999993e-06,5.414684829999999e-06,1.14659835e-05,2.8073876999999996e-05,0.21530144299999998,0.0079330234,0.0001533181868,72.74219939999999,53.013865499999994,1.4787779099999998e-05,6.89893089,0.0106354166,5.3850327,0.00031501637960000003,2.7993715629999996e-05,0.020956196,18.7225441,0.00031501637960000003,2.7993715629999996e-05,0.00597660914,7.469823720000001,0.00031501637960000003,2.7993715629999996e-05,0.0015163925999999999,6.763127620000001,0.00031501637960000003,2.7993715629999996e-05,0.00541395686,1.113794675e-05,3.7275596e-05,-0.022871058599999987,58.7521799,0.03237552379999999,-0.002200399332,-0.00331789209,7.93908669e-06,5.7870091399999995e-05
355,1703043600,0.521495256,0.5215213790000001,0.0002269699190000001,-0.28535651400000006,2.120389796,0.5879894680000001,1.08164553,0.799749407,0.1298091609,0.63210252,2.72207658e-05,1.4507963209999998e-06,2.16558721e-06,4.88734262e-06,1.038309625e-05,1.8566948789999998e-05,3.52998861e-05,8.816884281999999e-05,0.2305151966,0.029615214440000003,0.0004551545873,80.37211920000001,59.000525700000004,1.7092378e-05,7.26402712,0.01179768535,9.081498700000001,0.0005869148687,5.304069677000001e-05,0.020657442800000002,20.23540815,0.0005869148687,5.304069677000001e-05,0.006095520179999999,12.868471700000004,0.0005869148687,5.304069677000001e-05,0.0017678577499999997,12.18829974,0.0005869148687,5.304069677000001e-05,0.00649453837,4.9128851280000004e-05,7.52205542e-05,-0.20858625990000004,19.843152200000002,0.052062360200000005,0.0031876354599999998,-0.0005694482611399999,2.7798206379999997e-05,0.0001676846729
355,1703044200,0.220711945,0.220738082,-7.2214000000001e-06,-1.2797545369999999,1.06788262,0.41904041599999997,0.6121311890000001,0.542341556,0.031543767220000005,0.22196876039999996,2.7253867099999998e-05,4.7483099099999997e-07,6.612737990000001e-07,1.156752439e-06,2.129568405e-06,3.893609354e-06,7.52570022e-06,2.125458124e-05,0.10526987219999999,0.00492605249,0.0001218253841,73.4803775,53.3655349,7.292822920000001e-06,6.826787470000001,0.007512699510000001,3.0281638799999997,0.0001234204358,1.1565506829999998e-05,0.014506740100000002,9.20448323,0.0001234204358,1.1565506829999998e-05,0.005661308629999999,3.6851134500000002,0.0001234204358,1.1565506829999998e-05,0.00100506489,2.8297947469999998,0.0001234204358,1.1565506829999998e-05,0.005393805109999999,1.078890202e-05,3.69465915e-05,-0.6532914906999999,32.30640337,0.02178832645,-0.00206989244,-0.0035066188200000006,6.86684658e-06,4.25277405e-05
355,1703044800,0.411816857,0.41184328,-0.0016732717386999999,-0.806497212,1.575835601,0.5388774209999999,0.8462133170000001,0.739335061,0.07757628782,0.43928661399999996,2.7008505599999997e-05,8.62766786e-07,1.2908371990000001e-06,2.265939891999999e-06,4.453634374e-06,8.017084866999998e-06,1.8732756470000003e-05,4.569204461e-05,0.19347578699999998,0.012080670219999999,0.0002700625223,74.28372099999999,54.2356147,1.3550827649999998e-05,6.99543771,0.01009025086,6.12131801,0.0006013084854,5.433909919399999e-05,0.018898603899999998,17.20957926,0.0006013084854,5.433909919399999e-05,0.0062015883100000006,13.782153993000003,0.0006013084854,5.433909919399999e-05,0.0017016397459999999,13.232112112000001,0.0006013084854,5.433909919399999e-05,0.005681666720000001,1.9939461670000003e-05,4.6327063e-05,0.19074723496000004,91.9812638,0.0442471528,-0.00115487895,-0.00292987202,1.23060817e-05,9.551851889999998e-05
355,1703045400,0.181103236,0.18112958,0.0026660148400000005,-1.3530666999999998,0.8689765170000001,0.37745887699999997,0.611418643,0.5627046809999999,0.009372051199999998,0.10443757009999999,2.67383208e-05,4.595700985999999e-07,5.90632716e-07,7.984453310000001e-07,1.25044776e-06,1.9274168900000005e-06,3.4687773000000004e-06,7.72817109e-06,0.08914073410000001,0.00136619069,2.8072227899999997e-05,65.9675638,51.5622032,6.017134199999999e-06,6.712143979999999,0.006959573050000001,2.1015453200000005,0.00014692987190000002,1.260718911e-05,0.013735425650000002,7.8195396399999995,0.00014692987190000002,1.260718911e-05,0.00566608214,3.42619356,0.00014692987190000002,1.260718911e-05,0.0009779091719999999,2.6830339385000004,0.00014692987190000002,1.260718911e-05,0.0052256888,3.5010660799999996e-06,2.9798229199999998e-05,0.32035774370000003,60.1675477,0.02125577915,-0.0034084598000000002,-0.00401821728,2.81616184e-06,3.18788413e-05
355,1703046000,0.15642511900000003,0.156451351,0.00508603063,-1.26635554,0.858888722,0.345698956,0.586705418,0.5411415199999999,0.008269391169999998,0.0970562916,2.6641153200000003e-05,4.792227384000001e-07,5.28472516e-07,6.83056786e-07,1.019683898e-06,1.442751842e-06,2.46349489e-06,5.364434249999999e-06,0.07660551859999999,0.0015744353399999998,2.02116673e-05,67.5846465,52.071089099999995,5.1977958000000005e-06,6.57292045,0.00641112967,1.78056017,0.00015916383380000003,1.372977944e-05,0.012748247799999998,6.739691400000001,0.00015916383380000003,1.372977944e-05,0.005738967990000001,3.894054176,0.00015916383380000003,1.372977944e-05,0.0010484614040000002,3.1543693216,0.00015916383380000003,1.372977944e-05,0.005187572850000001,2.7704755800000003e-06,2.90486016e-05,-0.7424472584999999,87.3878786,0.01786600505,-0.00352192562,-0.004089453350000001,2.01495974e-06,2.2354296549999997e-05
355,1703046600,0.186635158,0.18666131100000002,0.002499259899,-1.27930103,0.8825144440000001,0.377785773,0.640482055,0.574030024,0.015182004449999998,0.11362534530000001,2.66524422e-05,5.500643421e-07,5.844850415e-07,7.062592599999999e-07,1.011997092e-06,1.343102281e-06,2.3795795419999997e-06,4.9832791e-06,0.0910138529,0.00227237328,1.928673604e-05,69.0074482,52.515277000000005,6.2031089e-06,6.51256023,0.006847746490000001,2.0233877,0.00018522641309999999,1.6105206880000004e-05,0.013721568799999997,7.990796339999998,0.00018522641309999999,1.6105206880000004e-05,0.0057473846000000006,4.484155770000001,0.00018522641309999999,1.6105206880000004e-05,0.001070373823,3.75564758,0.00018522641309999999,1.6105206880000004e-05,0.005149127240000001,1.6872771510000002e-06,2.7811284999999998e-05,0.21605270250000003,111.05735340000001,0.01580120275,-0.0037565140999999995,-0.00417015033,1.6700662900000002e-06,2.08055329e-05
355,1703047200,0.272403733,0.272429786,0.004536018195,-1.25359829,1.0010180540000002,0.446510959,0.773086094,0.704646512,0.01504155324,0.148645434,2.6416818600000003e-05,4.83849272e-07,5.26187473e-07,7.36442583e-07,1.216676821e-06,1.8408425280000001e-06,3.3219367500000004e-06,7.445608229999999e-06,0.1335133115,0.00263756624,3.502928855e-05,68.8804435,52.0361597,9.05019063e-06,6.64229189,0.008174492799999999,2.97927689,0.0002665085564,2.3491399690000002e-05,0.0165978807,11.759048070000002,0.0002665085564,2.3491399690000002e-05,0.00594980133,6.223101,0.0002665085564,2.3491399690000002e-05,0.001366239404,5.51611155,0.0002665085564,2.3491399690000002e-05,0.00516017553,2.5633682399999994e-06,2.8615298599999998e-05,-0.6560148577,44.9610229,0.013587250669999999,-0.00328427101,-0.0039038112,1.4906758900000002e-06,1.78315606e-05
355,1703047800,0.152863864,0.15289019,0.003126448103,-1.62185099,0.657132571,0.36065730399999996,0.514778214,0.48256472399999994,0.008399233439999999,0.079440491,2.6765741700000004e-05,5.1319685e-07,5.752994506e-07,6.43013073e-07,9.077536479999999e-07,1.234324113e-06,2.30431189e-06,4.898422939999999e-06,0.0748486011,0.0015518991400000001,1.989472635e-05,67.8276747,52.0810264,5.07939427e-06,6.55453584,0.00635028481,1.6752194,9.01819405e-05,7.519603850000001e-06,0.01258171015,6.554916080000001,9.01819405e-05,7.519603850000001e-06,0.0055748447299999995,2.7137363,9.01819405e-05,7.519603850000001e-06,0.0008452904250000001,1.93529244,9.01819405e-05,7.519603850000001e-06,0.00517354981,1.7023813149999997e-06,2.80561319e-05,-0.11009916865,51.6753726,0.01101235435,-0.0037323812799999996,-0.00417021063,1.3294466799999999e-06,1.6283962199999998e-05
355,1703048400,0.186710651,0.18673683400000002,0.009420028689999999,-1.349486233,1.5504097890000001,0.39078293199999997,0.5938306339999999,0.525878546,0.014152067840000001,0.1490655736,2.6515086199999998e-05,6.16156042e-07,1.2241131149999999e-06,2.0221269170000002e-06,2.876816012e-06,3.858228008e-06,5.98032501e-06,1.295629962e-05,0.0901443249,0.0031075871900000003,7.35306185e-05,73.08935,53.1994946,6.191868729999999e-06,6.882902399999999,0.007155672780000001,2.77270861,0.00017682740995000003,1.5444255115e-05,0.0138394783,8.1240392,0.00017682740995000003,1.5444255115e-05,0.0057622939500000005,4.5182138,0.00017682740995000003,1.5444255115e-05,0.001114784486,3.7710112700000002,0.00017682740995000003,1.5444255115e-05,0.0053348699300000005,1.5755973200000002e-05,4.192860149999999e-05,0.030078914000000012,417.7447108,0.0979586289,-0.00300201869,-0.00381931986,4.49371653e-05,0.00047262098480000005
355,1703049000,0.21442419,0.214450407,0.00158393946,-0.5779916025999999,1.391404984,0.400232353,0.594768163,0.494415095,0.06121395855,0.291423436,2.6529992200000003e-05,4.675290524e-07,7.429473199e-07,1.2280023153e-06,1.822920795e-06,3.038855255e-06,5.214107471000001e-06,1.141333547e-05,0.098914589,0.00817865232,9.45654461e-05,79.6087891,55.893485899999995,7.095583059999999e-06,6.87585498,0.007078812490000001,2.6656349599999998,9.2295431e-05,7.884765893000001e-06,0.013746213699999999,8.677706259999999,9.2295431e-05,7.884765893000001e-06,0.00559868344,3.6132072740000005,9.2295431e-05,7.884765893000001e-06,0.0009179219980000001,2.8637995928000004,9.2295431e-05,7.884765893000001e-06,0.00533832648,9.013449101e-06,3.5185620800000005e-05,-0.053685843399999975,114.59385319999998,0.04663227269,-0.0028992475414999995,-0.00408335401,1.7338057589999998e-05,0.00017014546825000002
355,1703049600,0.482255971,0.48228181899999994,0.0031347673399999996,1.0659838379999997,3.3059134099999996,0.5554335509999999,0.900289999,0.678095688,0.11875191005,0.738320968,2.7309693200000005e-05,2.582694606e-06,4.44218588e-06,1.042848298e-05,1.883948186e-05,3.8862263390000004e-05,6.26903873e-05,0.00016071751305,0.2129195386,0.026979814279999997,0.000928244221,86.5666833,60.07663599999999,1.5616283649999997e-05,7.7708089299999985,0.01219196355,13.246855540000002,0.00034634567269999994,3.127206992e-05,0.019834802149999997,19.3883917,0.00034634567269999994,3.127206992e-05,0.00592900863,7.5774938700000005,0.00034634567269999994,3.127206992e-05,0.0016799704500000002,7.013662943,0.00034634567269999994,3.127206992e-05,0.007252638529999999,0.00011364697641999999,0.000139506491,0.44484883233000005,239.44149909999996,0.21452060580000004,0.00417297146,-6.643094999999998e-05,0.0001325781341,0.0012709272612
355,1703050200,0.16398171499999997,0.164007658,0.00419529749,-0.97548312,1.088358235,0.36562247700000006,0.495127611,0.4679767870000001,0.022237002550000003,0.1421073148,2.61942611e-05,2.691739808e-07,3.461718877e-07,6.367231927e-07,1.118800116e-06,2.3498889699999997e-06,4.445187185000001e-06,1.111281294e-05,0.0777430064,0.004155079040000001,7.220004899999999e-05,76.996323,54.36855489999999,5.421890099999999e-06,6.838776379999999,0.00653760045,2.0507247299999998,0.0001421096879,1.2479836765e-05,0.01270176675,6.907680539999999,0.0001421096879,1.2479836765e-05,0.00557867823,3.5687274600000003,0.0001421096879,1.2479836765e-05,0.000890706833,2.8541131160000006,0.0001421096879,1.2479836765e-05,0.00523086787,5.237261576e-06,3.11823213e-05,0.03288970592,137.0267771,0.026799636280000004,-0.0036204685600000003,-0.00414166957,6.71874771e-06,5.4020601449999994e-05
355,1703050800,0.24176182000000002,0.241787995,0.0018784861909999998,-0.6993022764,1.44326907,0.41938718999999997,0.6933586519999999,0.6020433739999999,0.05355212295999999,0.29614938300000004,2.6701314e-05,5.791962624000001e-07,8.073117363999999e-07,1.248912265e-06,2.284647118e-06,3.666201119e-06,7.656854968999998e-06,1.8519559709999997e-05,0.113256249,0.00747377601,0.00011557243939999998,79.8888644,55.3038497,7.97307482e-06,6.96355086,0.0077925129399999985,3.29900928,0.0002049739991,1.7926821650000002e-05,0.0150086559,10.063313099999998,0.0002049739991,1.7926821650000002e-05,0.0057609684,4.554997704,0.0002049739991,1.7926821650000002e-05,0.0011414493919999998,3.8237099839999997,0.0002049739991,1.7926821650000002e-05,0.005381167229999999,9.450298966e-06,3.557427e-05,-0.0440678265,65.7994173,0.0368077323,-0.002865545425,-0.0039769101500000004,9.42521112e-06,7.34777209e-05
355,1703051400,0.507788711,0.507814846,0.0022261458900000005,-0.3759605274,2.1276274899999996,0.582932413,1.082995572,0.830650346,0.1114377038,0.520365052,2.6818939000000002e-05,1.2326371460000001e-06,2.1734206689999997e-06,4.59732305e-06,8.89802071e-06,1.705804031e-05,4.0120428749999997e-05,0.00010436554639999997,0.229844738,0.023155989680000003,0.0007138600930999999,87.941256,58.1149569,1.6557439900000003e-05,7.591115669999999,0.0119513101,9.69003781,0.000692089136,6.245596219000001e-05,0.0208077038,20.635965300000002,0.000692089136,6.245596219000001e-05,0.006408320040000001,15.0694817,0.000692089136,6.245596219000001e-05,0.0021252631,14.544940330000003,0.000692089136,6.245596219000001e-05,0.00653990948,4.893749931399999e-05,7.50105227e-05,0.0437677435,40.031657700000004,0.052954919899999994,0.0030811723149999997,-0.0008038924860000001,2.2986728289999996e-05,0.00011961571669999999
355,1703052000,0.4390730839999999,0.439099213,0.0056775020881,0.19231490499999998,2.1327276200000003,0.522206003,1.0490195500000001,0.743422694,0.10878753960000001,0.41636531899999996,2.6500586799999996e-05,8.055392860000001e-07,1.703454295e-06,3.53210832e-06,7.112133559999999e-06,1.3804014050000001e-05,2.563623661e-05,6.299317537999999e-05,0.18867727549999996,0.03019575208,0.000545743302,90.9265875,61.70146149999999,1.439501651e-05,7.641265440000001,0.01068580901,7.599886330000001,0.00034877832145,3.110583125e-05,0.0187667976,16.885539,0.00034877832145,3.110583125e-05,0.005894245,7.3459927700000005,0.00034877832145,3.110583125e-05,0.00150471721,6.721617470000001,0.00034877832145,3.110583125e-05,0.00647243349,4.122196238600001e-05,6.738111260000001e-05,-0.09634884461999998,28.568745829999994,0.044079519000000005,0.00311554628,-0.00060263489,2.0421823690000003e-05,0.00011070613880000001
355,1703052600,0.44699853600000006,0.447024757,0.0008484919745,-0.06321710280000001,2.16205351,0.535397697,0.994005321,0.787561548,0.1036783255,0.525914041,2.71118089e-05,1.3072364800000001e-06,2.35950103e-06,4.432292421999999e-06,8.677725747e-06,1.8002459041999997e-05,3.739385024000001e-05,9.495624500999999e-05,0.1997275985,0.022924654260000003,0.00067782630336,89.82158150000001,59.289883499999995,1.4543087079999998e-05,7.60419,0.011275941889999998,8.69108546,0.0005238528709,4.708910499e-05,0.01926139365,17.8232342,0.0005238528709,4.708910499e-05,0.00598515598,10.09472531,0.0005238528709,4.708910499e-05,0.0016407615,9.562945540000001,0.0005238528709,4.708910499e-05,0.006634663369999999,4.8588697604999994e-05,7.48940403e-05,-0.14601187270000002,35.608734240000004,0.052913176500000006,0.0035254910900000005,-0.00057027046,2.220862289e-05,0.00013168761459999998
355,1703053200,0.49763309299999986,0.4976593100000001,0.00383024783,0.42244801800000004,2.37941013,0.563944304,1.123871804,0.7819363690000001,0.135015023,0.6441201830000001,2.70963799e-05,1.5464666769999999e-06,2.8337482e-06,5.68654703e-06,1.175746975e-05,2.292580357e-05,5.0454154700000004e-05,0.0001330151707,0.21847342900000002,0.02916766883,0.000944243611,91.8264674,61.145302300000004,1.60544213e-05,7.88191967,0.0124714541,11.19550703,0.00044999400430000003,4.0401497560000005e-05,0.0198637453,19.869421,0.00044999400430000003,4.0401497560000005e-05,0.00612019476,11.71268959,0.00044999400430000003,4.0401497560000005e-05,0.00187807805,11.00081185,0.00044999400430000003,4.0401497560000005e-05,0.00705609879,6.47566945e-05,9.095002409999999e-05,-0.09599101243000002,31.54665185,0.06449650489999999,0.0054121014329999995,0.000652450259,2.8507644699999993e-05,0.00015980531699999999
355,1703053800,0.358051934,0.35807816700000006,0.006371040330000001,0.7992529629999999,2.09608901,0.458794226,1.0060057470000001,0.621881481,0.09429560306,0.4280121694,2.70088089e-05,1.308241436e-06,2.6157469029999998e-06,5.58988669e-06,1.1457121514e-05,2.4661203434e-05,5.827809381e-05,0.00015507501829999999,0.1497094347,0.027986677010000006,0.0010695238093,93.4981159,65.2576447,1.1493370570000002e-05,7.9421067999999995,0.01124365437,10.19529893,0.00036023782749999996,3.2080344500000004e-05,0.0163470603,13.7483789,0.00036023782749999996,3.2080344500000004e-05,0.00593876667,7.737793260000001,0.00036023782749999996,3.2080344500000004e-05,0.0016498991,7.124144437999999,0.00036023782749999996,3.2080344500000004e-05,0.007182856749999999,6.828298275000001e-05,9.44809483e-05,0.15774503968000003,19.295951379999998,0.05400746835000001,0.0066251973620000005,0.00105623935,2.707647145e-05,0.0001393654821
355,1703054400,0.367667786,0.367693921,0.004253300842,0.621528072,2.2365307899999998,0.4778452399999999,0.937341125,0.6517323960000001,0.09305858060000001,0.44713749700000005,2.6583606899999998e-05,8.828400939999999e-07,2.0727196500000004e-06,4.92474073e-06,1.104861534e-05,2.45162499e-05,5.8091423600000003e-05,0.0001650008706,0.159206041,0.023316320800000002,0.001044199711,93.8040275,62.69451190000001,1.182225009e-05,8.05015697,0.011181637959999999,10.59775376,0.00034213988379999997,3.056660731e-05,0.0168185054,14.624427830000002,0.00034213988379999997,3.056660731e-05,0.00585320546,7.9832196500000006,0.00034213988379999997,3.056660731e-05,0.00151378049,7.29545691,0.00034213988379999997,3.056660731e-05,0.007024878529999999,6.772626379999999e-05,9.39187687e-05,0.007843621200000001,24.9088062,0.061583917499999995,0.0044808294499999995,-0.00030175796300000005,3.0060348000000002e-05,0.00014742961240000001
355,1703055000,0.161474349,0.16150070030000002,0.004787390925,-1.045356372,1.029968936,0.338824,0.5588795559999998,0.46208910299999995,0.026863346060000005,0.1393212369,2.6586468000000003e-05,3.812418781e-07,6.884379108e-07,1.6470409914e-06,3.2800259466e-06,7.5778069359999994e-06,1.6761501221999998e-05,4.845736324000001e-05,0.07266681589999999,0.0077124006599999986,0.00027887526628,79.2381319,56.934043499999994,5.28275708e-06,7.0294269400000005,0.006797031630000001,3.6264496500000005,8.39069681e-05,6.965069203000001e-06,0.0117902456,6.57670094,8.39069681e-05,6.965069203000001e-06,0.00559814,2.8254218599999996,8.39069681e-05,6.965069203000001e-06,0.000924525472,2.0196668660000006,8.39069681e-05,6.965069203000001e-06,0.00564642374,1.9837737454e-05,4.61433979e-05,-0.17611770880000002,54.374506,0.026709275000000005,-0.00160245366,-0.003359541614,9.826704729999999e-06,4.67868335e-05
355,1703055600,0.11239571140000001,0.11242222729999998,0.0038138770999999994,-1.3939586599999998,0.7297347750000001,0.299572153,0.472701917,0.42710053200000003,0.0078616101,0.0687900408,2.6745871799999998e-05,2.413303316e-07,2.522573566e-07,4.7481731560000004e-07,4.804122029999999e-07,6.729851479999999e-07,1.4012303499999998e-06,2.45774887e-06,0.0537649041,0.0024156728,1.10535767e-05,73.5839836,54.290782300000004,3.7356658600000003e-06,6.413009,0.00541064556,1.234231003,0.0001172913217,9.971454093000001e-06,0.0106374404,4.74369596,0.0001172913217,9.971454093000001e-06,0.00560868266,3.0134501599999997,0.0001172913217,9.971454093000001e-06,0.0007922638879999999,2.242277208,0.0001172913217,9.971454093000001e-06,0.00516545613,1.262009166e-06,2.77403177e-05,-0.062566845,98.0156389,0.013381908000000001,-0.00381596131,-0.00411968111,1.29533649e-06,1.7302686299999996e-05
355,1703056200,0.170065008,0.17009114399999997,0.00451009522,-1.07550285,0.966929519,0.351231336,0.626156621,0.571517435,0.01569627036,0.12494614640000001,2.66431457e-05,5.448787159999999e-07,5.87136648e-07,8.536533450000001e-07,1.10016922e-06,1.6781934430000001e-06,3.11915983e-06,6.94274947e-06,0.0823039244,0.0026815376200000005,3.16695309e-05,70.3994234,53.0691365,5.64340885e-06,6.58191439,0.00652904872,1.90950432,0.00016647959329999998,1.432442097e-05,0.013208566149999998,7.28565413,0.00016647959329999998,1.432442097e-05,0.00574562811,3.9090309000000003,0.00016647959329999998,1.432442097e-05,0.00102476892,3.1841682,0.00016647959329999998,1.432442097e-05,0.00516863163,2.276860553e-06,2.8479343199999998e-05,-0.16350645940000005,92.49374230000001,0.0199078945,-0.00369657864,-0.004077719800000001,2.3587436799999996e-06,2.4814285899999994e-05
355,1703056800,0.144485299,0.14451163400000003,0.002322832237,-1.5185800600000001,0.73543494,0.34377146699999994,0.515903255,0.4826022349999999,0.00735755219,0.0781159367,2.66742923e-05,3.5806652199999996e-07,3.8780890010000003e-07,5.747530064e-07,7.15360928e-07,9.992380339999998e-07,1.954674773e-06,3.7309565900000002e-06,0.0703254247,0.0018899136399999998,1.82456221e-05,71.1548476,52.69692189999999,4.80002183e-06,6.56384565,0.00608679463,1.55407595,0.0001351475254,1.1683942726000001e-05,0.0121659506,6.1524835300000005,0.0001351475254,1.1683942726000001e-05,0.005636138609999999,3.509816,0.0001351475254,1.1683942726000001e-05,0.0008828842069999998,2.753527959,0.0001351475254,1.1683942726000001e-05,0.00515368132,1.310103032e-06,2.7641776900000002e-05,-0.25662941927,119.23117930000001,0.016640478589999997,-0.00384857152,-0.004148649339999999,1.8696826500000002e-06,2.42082984e-05
355,1703057400,0.337885407,0.337911717,-0.002077574805,-0.9314295109999999,1.462507161,0.4657142740000001,0.807474648,0.683458363,0.054861186220000004,0.308327675,2.7554801499999997e-05,1.5014306187e-06,2.2934855153000002e-06,4.292043066e-06,8.177275732000002e-06,1.5079858857999997e-05,2.9524023607000002e-05,7.003549802e-05,0.14234236700000003,0.02612385928,0.0003442796045,76.748938,58.7863015,1.10340425e-05,6.90862736,0.00953278141,6.52302183,0.00022837352275,2.0180458167000002e-05,0.016477560000000002,12.77542416,0.00022837352275,2.0180458167000002e-05,0.0058578673799999995,6.21211093,0.00022837352275,2.0180458167000002e-05,0.001340694184,5.4861840446,0.00022837352275,2.0180458167000002e-05,0.0061403985699999995,3.606812613000001e-05,6.23475842e-05,0.2248637843,54.89555824,0.04146985485,0.0006151741499999999,-0.0016504058500000003,1.838912508e-05,0.00012179566435000002
355,1703058000,0.43357456299999997,0.433600709,-0.0029540785840000004,0.40665914000000003,2.351321776,0.5165690570000001,0.982379986,0.700933897,0.13245792773000004,0.6211043569999999,2.6581338499999998e-05,7.638111380000001e-07,1.6527656306000002e-06,3.962049392e-06,8.639002855e-06,1.728370048e-05,3.5673447040000004e-05,9.550523642e-05,0.18133242,0.03478590726,0.0005042569681000001,83.2639915,62.473121000000006,1.4099357769999998e-05,7.361285270000001,0.01065259306,8.53769641,0.0006995969317,6.325515469999999e-05,0.018394249,16.34702045,0.0006995969317,6.325515469999999e-05,0.00613722767,12.844803930000001,0.0006995969317,6.325515469999999e-05,0.0017140245330000002,12.333527484000001,0.0006995969317,6.325515469999999e-05,0.006390290039999999,4.592196984e-05,7.208583800000001e-05,0.12290459239999998,41.6852116,0.0562698635,0.00208390656,-0.0014522801600000002,2.8423464680000003e-05,0.000145613233
355,1703058600,0.34925244899999996,0.349278625,0.012717058535,-0.24710506899999998,2.0000110759999994,0.48975208100000006,0.8341004630000001,0.6953837340000001,0.0711212055,0.360074724,2.68308674e-05,9.14241048e-07,1.7088172294999997e-06,3.1334503299999993e-06,5.645426945e-06,1.071050416e-05,2.0907147830000003e-05,6.107416556000001e-05,0.15496131950000003,0.01913538218,0.0004244213712,79.78622569999999,58.504253500000004,1.1452562799999998e-05,7.225840350000001,0.0097009669,6.06689594,0.000352617024,3.142187368e-05,0.0176612697,13.8239982,0.000352617024,3.142187368e-05,0.00596664987,7.53743547,0.000352617024,3.142187368e-05,0.0015033714099999998,6.863333047,0.000352617024,3.142187368e-05,0.00596710686,2.9165834980000004e-05,5.5380175500000005e-05,-0.42796325809999997,58.2434084,0.04410100410000001,0.00073452379,-0.00223060015,1.8963827299999998e-05,0.00012294354770000002
355,1703059200,0.33465824499999997,0.334684729,0.0976692929,-0.5341191999999999,1.4119555639999999,0.4992324279999999,0.797236847,0.7273721779999999,0.0552377613,0.300769269,2.69480325e-05,6.511806554000001e-07,8.50637274e-07,1.605174408e-06,2.678062507e-06,4.730103575999999e-06,9.649340537000002e-06,2.3827981929999998e-05,0.15735026400000002,0.009103278880000001,0.000831099504,79.0479634,54.832901400000004,1.1040985350000001e-05,6.8049914000000005,0.008975400449999999,4.38400393,0.0004589799742,4.111261064e-05,0.0178124089,13.936443950000001,0.0004589799742,4.111261064e-05,0.0061174946299999994,9.52941812,0.0004589799742,4.111261064e-05,0.00155563184,8.969059573,0.0004589799742,4.111261064e-05,0.00541772517,1.0605846440000001e-05,3.7069961e-05,-0.2148489141,35.324522599999995,0.02611607526,-0.00238429964,-0.0037411200300000004,7.797537309999999e-06,5.01443475e-05
355,1703059800,1.3002697639999998,1.300296002,0.01409265305,0.196394578,3.91796967,0.906800312,1.6453627440000003,1.25538834,0.435782149,2.209282048,2.7250360099999998e-05,1.6924461689999998e-06,2.658809705e-06,6.59914222e-06,1.288872973e-05,2.7779874749999994e-05,7.15548311e-05,0.00018415971519999998,0.6176195980000001,0.03095418252,0.0012523213050000001,77.3676586,55.929565600000004,4.27998612e-05,7.27565453,0.0191037576,21.757512220000002,0.0010779487182000001,9.789580718e-05,0.0329346799,54.923683600000004,0.0010779487182000001,9.789580718e-05,0.00672705047,28.006264780000002,0.0010779487182000001,9.789580718e-05,0.00268136322,27.28167147,0.0010779487182000001,9.789580718e-05,0.00679003284,6.4127123e-05,9.03095554e-05,0.04469400736000001,44.382219222,0.09901370070000001,0.004276184535999999,0.0009880375630000001,4.878388802e-05,0.0003874166784
355,1703060400,0.724568232,0.724594509,0.0003961938699999959,0.270285758,2.76623442,0.6714295380000002,1.308414951,0.9819674920000001,0.18071430680000003,0.8316221130000001,2.73491962e-05,1.5814930609999997e-06,3.1082201179999997e-06,7.22157638e-06,1.443550586e-05,2.8954366086e-05,6.097705509e-05,0.00017122586323000001,0.309940042,0.05058716542,0.0014676678549999998,85.6538601,62.732156399999994,2.3605474100000003e-05,7.611582090000001,0.014766272749999998,15.1656698,0.0012771182724,0.00011612783587,0.024093083099999996,28.1937914,0.0012771182724,0.00011612783587,0.0066868612,24.485141300000002,0.0012771182724,0.00011612783587,0.0025013506799999997,24.3667967,0.0012771182724,0.00011612783587,0.00737317606,8.045874284e-05,0.0001067906256,0.042026616100000004,20.048298,0.07601531470000002,0.00636224441,0.0011366357299999999,4.2821295929999996e-05,0.00026516668050000005
355,1703061000,0.4631385089999999,0.463164735,-0.01182581136,0.6964781670000002,2.236455796,0.508437556,1.034806575,0.717659396,0.14706181866999998,0.6773548726,2.66812077e-05,8.212034866999999e-07,1.8580097852000002e-06,4.3295666556e-06,9.982289406000001e-06,1.9306443061e-05,3.9753458665e-05,0.00010084199938400001,0.1988812196,0.03135808262,0.0011523210710000001,83.82293849999999,60.614199,1.5069577360000001e-05,7.353275170000001,0.010779589570000001,9.47523804,0.0018263126761,0.00016656981072,0.0181292799,18.1186847,0.0018263126761,0.00016656981072,0.00659709849,32.125392719999994,0.0018263126761,0.00016656981072,0.002180562447,32.206400359999996,0.0018263126761,0.00016656981072,0.00663470533,5.4371423664e-05,8.063255799999999e-05,-0.12626654669999998,33.181822999999994,0.0585504319,0.0029747095899999997,-0.000571170468,3.032559983e-05,0.00017144447129999998
355,1703061600,0.32701548999999996,0.327041822,-0.05818079958,-0.37727081000000007,1.5277966629999997,0.453649449,0.8441132689999999,0.630469244,0.07559768817000001,0.309239737,2.68915478e-05,7.002960919999999e-07,1.1033440149999998e-06,2.15702039e-06,4.556082915e-06,8.509846183999998e-06,1.658304976e-05,4.240217371e-05,0.14874251249999998,0.013914285640000001,0.000774294171,76.94657099999999,55.8546999,1.0782364200000002e-05,6.80952348,0.008753448010000001,4.958304479999999,0.0009536323786999999,8.663961972999999e-05,0.0164944676,13.07601068,0.0009536323786999999,8.663961972999999e-05,0.0062096270299999996,17.80776433,0.0009536323786999999,8.663961972999999e-05,0.0016338370259999999,17.477970372,0.0009536323786999999,8.663961972999999e-05,0.005745403049999999,2.169367319e-05,4.79721056e-05,-0.553709539,170.59614528,0.040625317189999996,-0.000913988303,-0.0027958943599999996,1.692277317e-05,0.0001161893989
355,1703062200,0.265619511,0.265645334,-0.045060373890000005,-1.080627358,1.40108025,0.446617524,0.722722082,0.6528574360000001,0.0338618694,0.24085467800000004,2.62961224e-05,6.011135599999999e-07,7.545531189999999e-07,1.263054873e-06,2.31316095e-06,4.183162819999999e-06,8.57821208e-06,2.110572028e-05,0.1280417446,0.004077542920000001,0.0006509569179999999,75.1075839,53.00441479999999,8.787632090000001e-06,6.99642336,0.00837230897,3.6814426499999997,0.000176653726,1.538486791e-05,0.01633911915,11.4141021,0.000176653726,1.538486791e-05,0.00580006832,4.93541346,0.000176653726,1.538486791e-05,0.0012238035699999998,4.15791851,0.000176653726,1.538486791e-05,0.005303037250000001,9.688018486e-06,3.555020909999999e-05,-0.2982263516,203.32657009999997,0.04607511524999999,-0.0030322636000000005,-0.0038777892,1.205165361e-05,0.00010736955060000001
355,1703062800,0.513519634,0.513545579,-0.05978066842,-0.14866150700000003,2.0165490349999997,0.577849274,1.0499945599999998,0.7962618029999999,0.10872227215000001,0.510337456,2.74889086e-05,1.8088814849999998e-06,2.479300977e-06,4.27974686e-06,7.836696690000001e-06,1.536987864e-05,3.300790888e-05,8.779977512000001e-05,0.238227446,0.017446630740000003,0.0009315720739999998,77.27143400000001,55.7906389,1.6818904950000004e-05,7.118551430000001,0.011897888249999999,8.966993169999999,0.0002307380821,2.0384640780000004e-05,0.021372372199999996,21.55152,0.0002307380821,2.0384640780000004e-05,0.00586660397,5.90212453,0.0002307380821,2.0384640780000004e-05,0.0015086729149999998,5.146833429999999,0.0002307380821,2.0384640780000004e-05,0.0061411891,3.492855777e-05,6.09548578e-05,-0.1356382544,23.149158300000003,0.04399327299999999,0.0015202377659999998,-0.0019655027000000003,2.0718464129999997e-05,0.0001228434885
355,1703063400,0.5180338439999999,0.5180598869999999,0.02198475363,-1.009606802,2.20367974,0.635153536,0.964941947,0.864138881,0.0844691626,0.546612042,2.7215650100000003e-05,1.438006287e-06,1.8335400890000002e-06,3.069598874e-06,5.755342647e-06,1.1135688770000001e-05,3.0143088530000008e-05,8.948356547e-05,0.247539778,0.01039530515,0.000937735784,83.11910560000001,53.912746000000006,1.7033603599999997e-05,7.44952123,0.01238135395,8.68480602,0.0005307171051000001,4.776046023e-05,0.022594830599999997,22.3387043,0.0005307171051000001,4.776046023e-05,0.00604615975,10.279126754,0.0005307171051000001,4.776046023e-05,0.00166716728,9.7222583995,0.0005307171051000001,4.776046023e-05,0.00573202468,2.578425095e-05,5.1766757200000006e-05,-0.1036455772,57.0068122,0.057558610100000004,-0.0010414013443,-0.0029056957,2.021882071e-05,0.0001417387375
355,1703064000,0.49379900500000007,0.49382498999999996,0.05358036543,-1.5459764699999998,1.326303005,0.6378466789999999,0.962616898,0.896502366,0.0364568968,0.30913425699999997,2.7012888100000002e-05,1.2086207550000002e-06,1.291669428e-06,1.63511668e-06,2.35953359e-06,3.40678825e-06,1.00174444e-05,2.6806089399999997e-05,0.24347764400000002,0.0027060131,0.000668097804,68.14414610000001,51.322590500000004,1.6402742099999998e-05,6.596859020000001,0.0113626633,5.60508456,0.0004999306864,4.4932188615e-05,0.0226391753,21.593466,0.0004999306864,4.4932188615e-05,0.00614588269,10.500270497,0.0004999306864,4.4932188615e-05,0.0016973866000000002,9.89951561,0.0004999306864,4.4932188615e-05,0.00514412186,3.4894337000000003e-06,2.9475615300000002e-05,-0.3173725783,42.979286,0.020216754849999997,-0.00269722845,-0.00330701917,3.6203252499999998e-06,4.227149339999999e-05
355,1703064600,0.23614014700000005,0.23616608600000003,0.047708946880000005,-1.6192806000000002,0.9182530200000001,0.44814026900000004,0.6515823740000001,0.606806022,0.01537858975,0.12786274299999997,2.63983351e-05,5.266242322999999e-07,5.38097256e-07,8.653455334e-07,1.137207877e-06,1.8463610340000001e-06,2.94922666e-06,1.5493498789999997e-05,0.115111772,0.00253881628,0.00039561053040000003,69.4241299,52.448251400000004,7.846563239999998e-06,6.44400555,0.007900030530000001,2.7093142000000006,0.0002365501351,2.1095672933e-05,0.015574148899999998,10.167857199999998,0.0002365501351,2.1095672933e-05,0.00572896397,5.403070265,0.0002365501351,2.1095672933e-05,0.001107303285,4.695155451,0.0002365501351,2.1095672933e-05,0.005140558169999999,3.0023583999999997e-06,2.8959538800000003e-05,-0.05918322379999995,150.92039400000002,0.02795631185,-0.00348749426,-0.0038964453199999997,5.8367421800000005e-06,6.573630900000001e-05
355,1703065200,0.18157986099999998,0.18160596399999998,0.0015082464099999999,-1.6402871899999998,0.706221551,0.395968499,0.549766771,0.5151157289999999,0.0109217063,0.0996886803,2.6639993200000003e-05,5.158651168999999e-07,5.536355335999999e-07,6.68779916e-07,9.521109209999999e-07,1.266947009e-06,2.07906301e-06,4.42800071e-06,0.0878406505,0.0029203824,1.77138252e-05,70.7251876,53.242236800000015,6.033986689999999e-06,6.425599350000001,0.0069001805199999985,1.9616472699999998,0.0002214556507,1.968873654e-05,0.013708330200000002,7.772529780000001,0.0002214556507,1.968873654e-05,0.00568399493,4.674209255,0.0002214556507,1.968873654e-05,0.0009939908849999999,3.97205062,0.0002214556507,1.968873654e-05,0.0051256065,1.3800473e-06,2.74000897e-05,-1.15004352,76.0320183,0.01178193085,-0.0037788751700000003,-0.00411146307,1.7158966600000003e-06,1.97734351e-05
355,1703065800,0.17158917799999998,0.171614824,-0.003221015496,-1.5018418199999999,0.830050322,0.373867462,0.5738050100000001,0.530866215,0.00963092248,0.0978631351,2.59799911e-05,3.3753412100000005e-07,3.83788634e-07,5.095309629999999e-07,7.69906152e-07,1.0187031559999999e-06,1.749729106e-06,3.6131006299999993e-06,0.0848673884,0.000900205924,1.8166436300000003e-05,67.03724730000002,51.12585,5.705765239999999e-06,6.41954512,0.00655720415,1.8668286899999997,0.00019053670579999998,1.6645660839999998e-05,0.013351075499999998,7.43955035,0.00019053670579999998,1.6645660839999998e-05,0.0057150532099999995,4.37974021,0.00019053670579999998,1.6645660839999998e-05,0.001073124327,3.697092525,0.00019053670579999998,1.6645660839999998e-05,0.0051035060500000005,1.94961515e-06,2.7600583199999998e-05,-0.13579501350000003,168.4660744,0.0242981279,-0.0037870264900000004,-0.00411119157,3.83365746e-06,4.41208007e-05
355,1703066400,0.22754051,0.22756654199999998,-0.00460984615,-1.56173344,0.8291127919999999,0.436071749,0.644419662,0.610293638,0.00538485921,0.1180707577,2.64602899e-05,4.3672777200000004e-07,4.763128616000001e-07,6.15260766e-07,9.47230641e-07,1.311278185e-06,2.29541192e-06,4.80330996e-06,0.11140983099999999,0.002321752581,2.7237419200000003e-05,69.42069719999999,51.9347791,7.563746099999999e-06,6.4285348199999985,0.00755933025,2.46596433,0.00022053246639999998,1.9421159809999997e-05,0.015420861349999999,9.849362849999999,0.00022053246639999998,1.9421159809999997e-05,0.0057965935400000005,5.15603042,0.00022053246639999998,1.9421159809999997e-05,0.001154401565,4.4569086239999995,0.00022053246639999998,1.9421159809999997e-05,0.005139938629999999,1.77070098e-06,2.7805087699999998e-05,-0.4767880511000001,124.14591249999998,0.020197132099999997,-0.00373410758,-0.0040811979,2.55708313e-06,3.0616585999999996e-05
355,1703067000,0.306364053,0.306389884,-0.00258552733,-1.55568393,0.890689684,0.50730534,0.759923196,0.704684015,0.014697905939999997,0.15502179,2.6838189e-05,1.029336404e-06,1.078635207e-06,1.31091747e-06,1.7709938400000002e-06,2.31852274e-06,3.9196346199999995e-06,7.71518646e-06,0.148598399,0.004530665519999999,3.22756359e-05,68.6220869,53.0632702,1.01805229e-05,6.526149479999999,0.0087683611,3.30851035,0.00029171880030000005,2.595575636e-05,0.017800762000000005,13.1823125,0.00029171880030000005,2.595575636e-05,0.00593067169,7.1983495500000005,0.00029171880030000005,2.595575636e-05,0.001354198252,6.494095879999999,0.00029171880030000005,2.595575636e-05,0.0051137026000000006,1.6301302600000001e-06,2.74764334e-05,-0.1048339925,54.1271953,0.014755802099999998,-0.00358051058,-0.00396240981,1.6406181899999997e-06,1.88884649e-05
355,1703067600,0.366562996,0.36658890499999996,0.001657482746,-1.6680797699999999,0.9901052189999999,0.5625481160000001,0.7810363309999999,0.732059857,0.01449703622,0.18074511199999999,2.65589743e-05,7.39707135e-07,7.812325125000001e-07,9.82411753e-07,1.4361252800000001e-06,2.0060857239999996e-06,3.2948911740000004e-06,7.16552485e-06,0.1762057685,0.00702525228,3.3058226e-05,71.6233922,54.0159259,1.218240775e-05,6.38406498,0.009869860150000001,3.95342368,0.00042030700020000004,3.767564731e-05,0.0193597119,15.65475485,0.00042030700020000004,3.767564731e-05,0.00602538977,9.68906763,0.00042030700020000004,3.767564731e-05,0.001470114923,9.023208829,0.00042030700020000004,3.767564731e-05,0.0051211469999999995,1.54874572e-06,2.7471506e-05,-0.019167962799999987,53.108887,0.014699953500000001,-0.00359227295,-0.003952512900000001,1.4346594e-06,1.83358219e-05
355,1703068200,0.311298584,0.311324466,0.002462786819,-1.55179402,1.0091933089999998,0.5124994409999999,0.755385548,0.6857084529999999,0.01783514282,0.17212561,2.6332252900000002e-05,5.174611579999999e-07,5.48466742e-07,6.97765763e-07,1.1270957760000001e-06,1.5355003819999999e-06,2.781462509e-06,5.97211235e-06,0.147102419,0.008497365780000002,3.5198731000000004e-05,74.1516699,55.4804314,1.0346201600000002e-05,6.385579030000001,0.00906509795,3.3890825300000005,0.00033531485760000004,2.9922535877e-05,0.017715863800000002,13.061367200000001,0.00033531485760000004,2.9922535877e-05,0.005832968799999999,6.858706700000001,0.00033531485760000004,2.9922535877e-05,0.0012595038020000002,6.232011979,0.00033531485760000004,2.9922535877e-05,0.00512077673,1.7185360300000002e-06,2.75712957e-05,0.10864122000000002,52.285626300000004,0.014403049599999999,-0.0035662327600000003,-0.0039676958000000005,1.3693781500000001e-06,1.72750346e-05
355,1703068800,0.27481318099999996,0.27483902800000004,-0.005703798436,-1.63023315,0.895602334,0.48816228000000006,0.7090716520000001,0.641082068,0.00990720501,0.13212900119999998,2.64867345e-05,7.0948066e-07,7.574753464e-07,9.246105409999999e-07,1.3223579549999999e-06,1.7212237940000003e-06,2.6739098960000003e-06,5.592113279999999e-06,0.1286284695,0.008734867220000001,2.8837192699999998e-05,74.6108179,56.41489790000001,9.1332492e-06,6.24746073,0.00830786106,2.96876421,0.00024231703860000002,2.14548708e-05,0.0165336758,11.331931399999998,0.00024231703860000002,2.14548708e-05,0.00575730659,5.721696709999999,0.00024231703860000002,2.14548708e-05,0.0011788598300000001,5.069832242,0.00024231703860000002,2.14548708e-05,0.0051235870499999996,2.05544393e-06,2.7871403899999995e-05,0.18115324841999997,99.8141751,0.0208860501,-0.0035786207600000002,-0.00397144171,1.5756100700000001e-06,1.9280381450000003e-05
355,1703069400,0.31157561,0.311601545,-0.0028870188840000002,-1.6338084,0.8960898540000001,0.5198469940000001,0.757485632,0.697146276,0.007653731750000001,0.14844240299999997,2.63456088e-05,5.108476120000001e-07,5.397196276e-07,6.39652296e-07,9.89625815e-07,1.344549918e-06,2.302301644e-06,5.4136638e-06,0.147130377,0.00861244815,3.27211803e-05,74.2476322,55.5708878,1.0357928750000002e-05,6.17785526,0.00882467475,3.32387238,0.00019117851149999998,1.6711136340000003e-05,0.0177068684,12.8843941,0.00019117851149999998,1.6711136340000003e-05,0.005795206360000001,4.85482219,0.00019117851149999998,1.6711136340000003e-05,0.00123960206,4.098312505,0.00019117851149999998,1.6711136340000003e-05,0.00513648394,1.8683644199999999e-06,2.7845662099999998e-05,-0.12204279749999998,39.3017847,0.01240686525,-0.00351088716,-0.003939329269999999,1.46357827e-06,1.68473647e-05
355,1703070000,0.40172663399999997,0.40175245400000004,-0.0026574697800000003,-1.62304075,0.9786673840000001,0.587338784,0.8669139699999999,0.7978743399999999,0.008400118,0.18005029600000003,2.6572309900000002e-05,8.884705e-07,8.497891424999998e-07,1.297478258e-06,1.592900938e-06,2.3459345699999997e-06,4.23345232e-06,8.298651030000001e-06,0.190714112,0.01008594655,4.29614453e-05,75.85015849999999,55.18407549999999,1.33532058e-05,6.30925558,0.010006188099999999,4.340574070000001,0.0001680578088,1.4674121195000001e-05,0.020073396599999998,16.6659841,0.0001680578088,1.4674121195000001e-05,0.005821988720000001,5.59756957,0.0001680578088,1.4674121195000001e-05,0.00135831244,4.776279069999999,0.0001680578088,1.4674121195000001e-05,0.0051566055299999995,3.37371104e-06,2.91886038e-05,0.1468336926,16.79221534,0.0113591544,-0.00284767131,-0.00349994844,1.46587658e-06,1.66461911e-05
355,1703070600,0.369843825,0.36986962700000003,-0.00340076405,-1.61322387,0.9185530489999998,0.564157683,0.8364630350000001,0.769410984,0.007799228529999999,0.16367395499999998,2.6434896800000002e-05,7.16918982e-07,7.423797599999999e-07,1.0417431420000001e-06,1.411457196e-06,1.895924937e-06,3.2519880499999996e-06,6.815010180000001e-06,0.17576122200000002,0.00910483195,3.9331149e-05,74.4653466,55.0482174,1.2290450099999998e-05,6.43868945,0.00949606605,3.86867862,0.0002675676698,2.365318193e-05,0.019287594399999997,15.317057299999998,0.0002675676698,2.365318193e-05,0.00589096028,6.685048470000001,0.0002675676698,2.365318193e-05,0.001368566437,5.957113410000001,0.0002675676698,2.365318193e-05,0.005105010259999999,1.69046673e-06,2.7536780499999997e-05,0.08178449909999999,34.65133553,0.01179499975,-0.00332171091,-0.00374737572,1.29585606e-06,1.6554045049999997e-05
355,1703071200,0.40935650399999995,0.40938244900000004,-0.00215117518,-1.61432718,0.992617796,0.589007684,0.869539048,0.7997494159999999,0.0173090883,0.185536216,2.6604958599999995e-05,7.624959793999999e-07,7.743649895999999e-07,1.0610354049999999e-06,1.3529039259999998e-06,1.7198932520000001e-06,2.923958588e-06,5.9318016999999995e-06,0.196878743,0.007755221460000001,2.9072258700000003e-05,73.4022975,53.9869832,1.361536495e-05,6.12465652,0.0099557417,4.273773659999999,9.52383192e-05,7.93927662e-06,0.0202916611,17.193753649999998,9.52383192e-05,7.93927662e-06,0.00568364519,3.86838351,9.52383192e-05,7.93927662e-06,0.0011897421600000002,3.03612808,9.52383192e-05,7.93927662e-06,0.005112032629999999,1.8047719799999999e-06,2.76372648e-05,0.16261266479999995,39.863436,0.0153287388,-0.0033441485299999995,-0.0037939341199999996,1.5066335599999999e-06,1.8565240299999997e-05
355,1703071800,0.303776302,0.303802261,-0.00199253742,-1.5945212,0.88232696,0.50806039,0.7447727390000001,0.682820841,0.019865761200000002,0.1648478345,2.66299009e-05,7.558342420000002e-07,7.627796445e-07,9.45217566e-07,1.3089747199999999e-06,1.7159784689999999e-06,2.7110194830000004e-06,5.842074060000001e-06,0.1457167924,0.006127634639999999,2.8883665599999996e-05,74.2090904,54.0957994,1.00949007e-05,6.30956825,0.008664376489999999,3.22011915,0.00022117428765,1.941357311e-05,0.0175498525,12.82904905,0.00022117428765,1.941357311e-05,0.00584652196,5.75514184,0.00022117428765,1.941357311e-05,0.001245612075,5.007898973,0.00022117428765,1.941357311e-05,0.005126416,1.21041201e-06,2.7274346e-05,0.188070327,40.4898026,0.0110208751,-0.00370611857,-0.00405671625,1.15388665e-06,1.5581687199999998e-05
355,1703072400,0.32760205600000003,0.327627863,-0.001729677603,-1.58439958,0.9337034830000002,0.524392403,0.781036365,0.7215595340000001,0.01367064619,0.15635539240000002,2.67156737e-05,1.0091727660000001e-06,1.0687179644e-06,1.2908854360000001e-06,1.770820145e-06,2.2879841589999998e-06,3.6338619700000004e-06,7.38530087e-06,0.15833165040000002,0.0054199913199999995,2.9977271200000006e-05,73.2041264,53.4455563,1.0884726149999998e-05,6.38141802,0.00896897315,3.4667619700000003,0.00016438456909999998,1.4263458730000002e-05,0.018302670399999995,13.911994449999998,0.00016438456909999998,1.4263458730000002e-05,0.00574225072,4.64288771,0.00016438456909999998,1.4263458730000002e-05,0.001187278835,3.883173671,0.00016438456909999998,1.4263458730000002e-05,0.00510578149,1.6882954800000001e-06,2.7459057900000003e-05,-0.004460765999999982,127.49008460000002,0.019280085199999998,-0.0036287498200000003,-0.00400164233,2.8222723300000003e-06,3.415029019999999e-05
355,1703073000,0.337323917,0.33734991200000003,0.001357210525,-1.5995286599999998,0.9105652660000001,0.5345298460000001,0.7891740819999999,0.7366724830000001,0.009578632309999998,0.15358904099999998,2.63749159e-05,4.81056229e-07,4.972565576e-07,6.7593945e-07,1.071120454e-06,1.506416748e-06,2.6048294540000004e-06,6.06872598e-06,0.16334093200000002,0.00527021711,3.7287408599999996e-05,72.6083671,53.2068705,1.121043405e-05,6.317304869999999,0.0091150233,3.56012232,0.00033257437600000005,2.955468253e-05,0.0186162745,14.2975493,0.00033257437600000005,2.955468253e-05,0.00599432958,7.456875360000001,0.00033257437600000005,2.955468253e-05,0.0014383791599999998,6.792739623000001,0.00033257437600000005,2.955468253e-05,0.00512570878,1.43209529e-06,2.74302708e-05,0.0844062085,69.82255,0.0155817712,-0.00362972241,-0.00400129026,1.41064793e-06,1.90554039e-05
355,1703073600,0.290870448,0.290896407,0.00436867593,-1.6081762099999999,0.8158749069999999,0.496072548,0.733072378,0.68585844,0.00689316009,0.13326327899999998,2.66424263e-05,7.600157124999999e-07,8.067847525999999e-07,9.80332014e-07,1.399456762e-06,1.8062022230000003e-06,2.821147919e-06,5.70976077e-06,0.1410498065,0.00434467975,2.5591626999999998e-05,69.8536386,53.069930899999996,9.6702743e-06,6.30032664,0.008543194059999999,3.12427987,0.0002234052858,1.9649027282999998e-05,0.017381575,12.5006321,0.0002234052858,1.9649027282999998e-05,0.00583102482,5.58886136,0.0002234052858,1.9649027282999998e-05,0.00123173783,4.846649510000001,0.0002234052858,1.9649027282999998e-05,0.005115644779999999,1.21098214e-06,2.71652292e-05,-0.07839731059999999,47.5281402,0.0106394772,-0.00370187732,-0.00404765571,1.1723609139999999e-06,1.5747714800000003e-05
355,1703074200,0.267238959,0.26726488800000003,0.00774513835,-1.5638837300000001,0.871226607,0.474636662,0.7170593710000001,0.6671828660000001,0.006601748587,0.13428926140000003,2.6695656499999997e-05,8.4508733e-07,8.983996958e-07,1.0535663635000002e-06,1.4374238669999999e-06,1.838228277e-06,2.90299011e-06,5.88189729e-06,0.1290694726,0.00445980784,7.44255257e-05,68.7900766,53.419432199999996,8.88488748e-06,6.21195201,0.008140124399999999,2.8599373,0.00029044358849999996,2.571809274e-05,0.0165991003,11.3527029,0.00029044358849999996,2.571809274e-05,0.00588081234,6.353510519999999,0.00029044358849999996,2.571809274e-05,0.001281932208,5.701643020000001,0.00029044358849999996,2.571809274e-05,0.0051143783500000005,1.3278753e-06,2.7222091299999998e-05,0.1339100676,93.4946232,0.018135253400000002,-0.0037381943200000003,-0.00408292453,1.5948400749999997e-06,2.18979192e-05
355,1703074800,0.23728220400000005,0.23730794400000002,0.0359920891,-1.7000254400000003,0.8039120279999998,0.455103464,0.6243190599999999,0.596530711,0.0052612475700000005,0.11293225830000002,2.60664439e-05,3.6339664550000005e-07,3.827972949e-07,4.850922016e-07,7.302502760000001e-07,1.0225639720000001e-06,1.757257656e-06,3.8204298900000005e-06,0.1144952896,0.00394809965,0.000188687677,73.82700840000003,53.487379399999995,7.89080359e-06,6.3179672700000005,0.007891821189999999,2.5436504599999994,0.0003397733236,3.0295927406e-05,0.01559980145,10.02495315,0.0003397733236,3.0295927406e-05,0.0058400623200000005,6.524870160000001,0.0003397733236,3.0295927406e-05,0.0012366730200000001,5.911636186,0.0003397733236,3.0295927406e-05,0.0050927024,1.2045980699999999e-06,2.6907032700000004e-05,0.09159112350000001,56.140376200000006,0.0130718969,-0.00375985534,-0.0040738877899999994,1.33237677e-06,1.8381073600000002e-05
355,1703075400,0.297715146,0.297740935,-0.015853526399999998,-1.49363013,0.849175923,0.49399896600000004,0.760223205,0.7078341079999999,0.007943316589999999,0.13732772650000002,2.6169086e-05,4.6022209899999997e-07,4.86395534e-07,5.97197983e-07,9.262650010000001e-07,1.2628769639999999e-06,2.21980283e-06,4.7085970300000006e-06,0.1447004665,0.00395148209,0.0001944747058,72.58205189999998,52.8329568,9.899600599999999e-06,6.32551907,0.00846996361,3.16539714,0.0001759448495,1.5330992813e-05,0.0175035675,12.745855350000001,0.0001759448495,1.5330992813e-05,0.005719051429999999,4.531127659999999,0.0001759448495,1.5330992813e-05,0.001140764364,3.76245275,0.0001759448495,1.5330992813e-05,0.00510648888,1.34758896e-06,2.717968e-05,0.037614908700000005,44.9498189,0.0124071369,-0.0036135990900000004,-0.003983831040000001,1.2370275799999999e-06,1.6995993700000003e-05
355,1703076000,0.320150544,0.320176287,-0.007570060315999999,-1.53197285,0.9041526089999999,0.515932222,0.7727110960000001,0.711359208,0.01707362521,0.16363296,2.6616898699999995e-05,9.565328205e-07,1.009685444e-06,1.2027095229999999e-06,1.6830782160000002e-06,2.248058261e-06,3.713555594e-06,7.22812203e-06,0.156068653,0.00373405007,0.00025332481499999997,69.74619759999999,52.48442329999999,1.0639746849999999e-05,6.379956869999999,0.0089269293,3.45068019,0.00044093357059999994,3.947832637e-05,0.018213904700000002,13.774044600000002,0.00044093357059999994,3.947832637e-05,0.006057736489999999,8.70088733,0.00044093357059999994,3.947832637e-05,0.00151595826,8.077022410000001,0.00044093357059999994,3.947832637e-05,0.0050957717399999995,1.5412602099999998e-06,2.72247516e-05,0.0736255526,53.8486362,0.014819850200000002,-0.0035242631500000004,-0.00390119527,1.5336626600000003e-06,1.9602479099999998e-05
355,1703076600,0.5226759219999999,0.5227016099999999,-0.045562538799999996,-1.3166419,1.16452304,0.6326788299999999,1.05741978,0.988867681,0.009935684650000002,0.23160085800000002,2.71493566e-05,1.617276694e-06,1.7969953739999999e-06,2.099541109e-06,2.8780387300000003e-06,3.777017215e-06,6.39008494e-06,1.242733412e-05,0.257936728,0.00308023646,0.000288583779,66.8141651,51.28353109999999,1.7369658800000002e-05,6.51260963,0.011110183800000001,5.43642946,0.0003706503293,3.307536536e-05,0.023383159100000002,22.4230949,0.0003706503293,3.307536536e-05,0.00609141939,8.824635670000001,0.0003706503293,3.307536536e-05,0.0016992015059999997,8.12228233,0.0003706503293,3.307536536e-05,0.005125816829999999,2.3609265199999998e-06,2.81271932e-05,0.08324337379999999,37.32059099999999,0.015329361,-0.0031688897600000003,-0.0036904235899999998,1.8776998600000002e-06,2.0307062e-05
355,1703077200,0.482582993,0.48260883899999996,-0.0444605599,-1.29423471,1.1772359300000002,0.6078981999999999,1.013355943,0.9340784899999999,0.028709873069999996,0.24670815799999996,2.6872560299999996e-05,1.181680214e-06,1.2484527260000002e-06,1.4975684749999997e-06,2.043225684e-06,2.692001487e-06,4.42526462e-06,8.570278900000001e-06,0.238546125,0.00246560828,0.00025699627800000003,66.14539009999999,51.1117102,1.60445056e-05,6.1745286,0.010764301600000001,5.13261201,0.00034945987830000005,3.117313072e-05,0.0224978897,21.007842200000002,0.00034945987830000005,3.117313072e-05,0.00601898192,8.092271659999998,0.00034945987830000005,3.117313072e-05,0.0015768122829999999,7.391678429000001,0.00034945987830000005,3.117313072e-05,0.0051162663,2.06984982e-06,2.78226259e-05,0.0033885639999999954,37.1758864,0.01348896935,-0.0032606323499999998,-0.0037583100499999993,1.70067119e-06,1.9878667499999998e-05
355,1703077800,0.43767501600000003,0.437700689,-0.050737663499999995,-1.2934342100000003,1.0665700599999999,0.5761853469999999,0.9652794610000001,0.905502648,0.013648183800000002,0.198902224,2.6396640100000005e-05,8.30827616e-07,8.531323114e-07,1.0415916572000002e-06,1.535516882e-06,2.0655849649999997e-06,3.480250902999999e-06,7.014332919999999e-06,0.216277808,0.0022963727100000003,0.00024572813399999997,66.113495,51.1315513,1.4554703900000002e-05,6.12959393,0.0102897718,4.6485397,0.000297436758,2.630206395e-05,0.0215238237,19.0406492,0.000297436758,2.630206395e-05,0.0060641897800000006,7.5201323900000006,0.000297436758,2.630206395e-05,0.00160374192,6.788059709999999,0.000297436758,2.630206395e-05,0.00509981728,1.7290730400000001e-06,2.7436206800000006e-05,-0.011955526000000003,37.4363167,0.012602693150000002,-0.00334091588,-0.0038050074499999995,1.46091026e-06,1.78640674e-05
355,1703078400,0.6636407999999999,0.6636665429999999,-0.036147210199999995,-1.32572564,1.4267685799999998,0.705416623,1.1644855399999998,1.0856206240000001,0.02762134867,0.406302612,2.6502063699999998e-05,9.67872573e-07,1.0046834509999999e-06,1.507873847e-06,2.0589068729999997e-06,2.770483704e-06,1.9927871480000002e-05,1.079429413e-05,0.328991685,0.0025278128499999996,0.000261081031,67.37345559999999,50.905129,2.2065294800000003e-05,6.281596250000001,0.012516972699999998,7.2097508900000005,0.00047361763210000007,4.2488646910000005e-05,0.025977942800000004,28.584669599999994,0.00047361763210000007,4.2488646910000005e-05,0.0062893811499999995,11.4703259,0.00047361763210000007,4.2488646910000005e-05,0.0019609287099999996,10.80961031,0.00047361763210000007,4.2488646910000005e-05,0.005122685480000001,3.966131580000001e-06,2.96634011e-05,0.0192805798,71.63203567000001,0.0256831714,-0.0027074153960000005,-0.0032968256099999995,5.698462329999999e-06,6.393474979999999e-05
355,1703079000,1.0411840700000001,1.041209901,-0.020214172399999997,-1.4112994300000001,1.61329924,0.9070857760000001,1.45073178,1.37254191,0.029942479650000003,0.478940816,2.73995531e-05,1.9049658370000005e-06,1.970557675e-06,3.5871243899999997e-06,3.53272492e-06,4.74552522e-06,8.93915989e-05,1.628183932e-05,0.517543289,0.00266692406,0.000258814636,65.14751599999998,50.5457473,3.462328799999999e-05,6.25398445,0.0168455069,12.79881525,0.0010571307758,9.590523184999998e-05,0.033298261800000006,45.6235575,0.0010571307758,9.590523184999998e-05,0.00674376057,21.56818275,0.0010571307758,9.590523184999998e-05,0.00256427556,21.116559950000003,0.0010571307758,9.590523184999998e-05,0.00515903027,7.729639249999999e-06,3.35018149e-05,0.0428622954,2.62348071,0.015075600000000003,-0.0007657606639999999,-0.0016211272899999997,1.70605574e-06,2.1534527300000004e-05
355,1703079600,0.7628319720000001,0.762857874,-0.024797308999999997,-1.4017951700000002,1.3747544799999998,0.772723909,1.2396753299999999,1.174235856,0.014782610570000002,0.344241988,2.7048569300000004e-05,1.3887835000000002e-06,1.466480025e-06,2.6116986000000003e-06,2.6100676839999995e-06,3.3871334679999996e-06,9.58164255e-05,1.2612565849999998e-05,0.37861482299999993,0.00241575711,0.000264365736,66.01492249999998,50.705909199999994,2.53672158e-05,6.314855700000001,0.0146799667,9.93776775,0.0008942362224,8.098100661999999e-05,0.0282935414,33.115673300000005,0.0008942362224,8.098100661999999e-05,0.006584304490000001,17.388171640000003,0.0008942362224,8.098100661999999e-05,0.00228246619,16.933001030000003,0.0008942362224,8.098100661999999e-05,0.005159426999999999,7.2302659e-06,3.31601268e-05,-0.017134345099999997,2.99058934,0.014393374349999998,-0.0009219529160000002,-0.0017400114999999998,1.74959523e-06,2.23333681e-05
355,1703080200,0.40331278500000006,0.40333872299999995,-0.00078704816,-1.32339016,1.0595573310000002,0.5535459210000001,0.9313409289999999,0.862601318,0.015233817889999998,0.197853155,2.69416633e-05,1.1126721093999998e-06,1.213428717e-06,1.613868137e-06,1.953119171e-06,2.5897083860000005e-06,2.7961151833e-05,7.98184316e-06,0.199071958,0.00246387328,7.508788180000001e-05,67.09792250000001,51.3520644,1.3406157399999998e-05,6.28263869,0.010097641550000001,4.78134209,0.0003891896125,3.470794452e-05,0.0203725664,17.386115,0.0003891896125,3.470794452e-05,0.00606568219,7.919959999999999,0.0003891896125,3.470794452e-05,0.0015765617999999998,7.325747560000001,0.0003891896125,3.470794452e-05,0.00515380344,3.44902134e-06,2.94081518e-05,0.0756276111,35.08055839000001,0.0149132574,-0.00284168534,-0.00338088286,1.9547159600000004e-06,2.1467171100000002e-05
355,1703080800,0.319557198,0.31958286199999997,0.00354986776,-1.30541672,0.966516986,0.49494499000000003,0.840888166,0.7790112760000001,0.013346476539999999,0.159063869,2.6324998900000002e-05,7.67791854e-07,8.95803029e-07,1.078484803e-06,1.491301268e-06,1.9522637300000003e-06,3.5895424599999995e-06,6.942922689999998e-06,0.15736277400000004,0.00235930304,3.90224619e-05,67.69061380000001,51.508155599999995,1.062069075e-05,6.528118359999999,0.0088232008,3.4668910600000005,0.0001439275473,1.2328271029999997e-05,0.0183624403,13.9189605,0.0001439275473,1.2328271029999997e-05,0.0057659428500000005,4.42152376,0.0001439275473,1.2328271029999997e-05,0.0012393487199999999,3.64375134,0.0001439275473,1.2328271029999997e-05,0.00513022553,2.36371801e-06,2.8028958700000002e-05,0.015162507000000002,44.4054029,0.01430703985,-0.00349405649,-0.003936382330000001,2.1624501099999997e-06,2.11077323e-05
355,1703081400,0.367946184,0.367971691,0.0046071088699999995,-1.3032155799999998,1.0083683000000003,0.529756466,0.90625266,0.8469633489999999,0.008394955249999999,0.167514628,2.5897323800000003e-05,4.89875442e-07,5.66650706e-07,1.019519633e-06,1.12843886e-06,1.3850216950000003e-06,3.3174518400000002e-06,5.67295915e-06,0.181603256,0.0023120360200000003,4.352908589999999e-05,68.82187780000001,51.287812499999994,1.2234245449999997e-05,6.295745009999999,0.009459458100000002,3.9597208000000004,0.00032637217304999996,2.9093037160000003e-05,0.0197256863,15.99399745,0.00032637217304999996,2.9093037160000003e-05,0.005972641690000001,7.30522912,0.00032637217304999996,2.9093037160000003e-05,0.00149198063,6.61955639,0.00032637217304999996,2.9093037160000003e-05,0.00510575251,2.87763042e-06,2.83691416e-05,-0.12478331050000002,31.966809670000004,0.015229336599999999,-0.00297698056,-0.00352430646,2.12466228e-06,2.30892185e-05
355,1703082000,0.314224803,0.31425037499999997,0.0054172848700000005,-1.3047380800000001,0.9021275549999999,0.4901920860000001,0.836800542,0.7810738240000001,0.006581211200000001,0.13600737400000001,2.6025230299999996e-05,5.77376576e-07,6.833749460000001e-07,1.092722716e-06,1.238889223e-06,1.61755103e-06,3.3769714400000006e-06,6.091210720000001e-06,0.154949184,0.00210704981,4.09496019e-05,68.02832599999999,51.3956813,1.044614645e-05,6.49355027,0.0086760425,3.34280823,0.0002372198349,2.084475785e-05,0.018123808,13.494645350000003,0.0002372198349,2.084475785e-05,0.00588789358,5.81531487,0.0002372198349,2.084475785e-05,0.001376586944,5.106594846,0.0002372198349,2.084475785e-05,0.0051315672900000015,2.8647905700000004e-06,2.8494440999999995e-05,0.126248341,37.7941555,0.015304043600000001,-0.00314932891,-0.0036825003999999993,2.2397572e-06,2.2853231900000003e-05
355,1703082600,0.325137742,0.32516352400000004,0.00842446688,-1.3011387700000001,0.9399286840000002,0.49730615999999994,0.8503759609999999,0.7809613420000001,0.01253836058,0.1493871601,2.62332755e-05,5.74205448e-07,7.099397920000001e-07,1.264207128e-06,1.371795072e-06,1.9319561e-06,4.447836070000001e-06,7.437090119999999e-06,0.160593632,0.0019056881300000001,5.1300728400000005e-05,67.8991755,51.25807719999999,1.08015999e-05,6.611071700000001,0.008834173979999999,3.4841486100000005,0.00023460044839999998,2.0585466370000002e-05,0.018381482,14.0434023,0.00023460044839999998,2.0585466370000002e-05,0.00588954851,5.88974601,0.00023460044839999998,2.0585466370000002e-05,0.00136291826,5.1500768,0.00023460044839999998,2.0585466370000002e-05,0.0051423391,3.14605877e-06,2.8884510800000005e-05,0.06170213069999999,30.888125899999995,0.014539794900000003,-0.0029829486700000004,-0.00354510429,2.20511211e-06,2.27005306e-05
355,1703083200,0.434966294,0.434991963,0.0056684586100000005,-1.3066665399999997,1.0869707100000001,0.574916518,0.9833175009999999,0.9223781539999999,0.007967052320000001,0.194197754,2.5783772200000002e-05,2.75544175e-07,4.08423908e-07,8.9872655e-07,1.0640731460000001e-06,1.454777064e-06,3.7341464900000003e-06,7.582045279999999e-06,0.21552838300000002,0.0018807699500000001,5.83062534e-05,68.5640665,50.9072405,1.4455880600000002e-05,6.33019909,0.0102988407,4.6380903799999995,0.00046767930870000006,4.196684062e-05,0.0214368995,18.895009899999998,0.00046767930870000006,4.196684062e-05,0.00625644923,10.179717969999999,0.00046767930870000006,4.196684062e-05,0.0018153185800000003,9.575938110000001,0.00046767930870000006,4.196684062e-05,0.00515536403,3.28369257e-06,2.9042545e-05,-0.07020795154000001,37.0505345,0.0156587422,-0.00308615073,-0.00363714526,2.63672071e-06,2.56477363e-05
355,1703083800,0.42526672899999995,0.42529238300000005,0.0019661516160000003,-1.32535969,1.0564072469999999,0.570061736,0.9658419629999999,0.9059526479999999,0.008207612340000002,0.182601214,2.61064794e-05,5.829940570000001e-07,7.072092e-07,1.303151845e-06,1.3043515569999999e-06,1.456643632e-06,3.7670236300000005e-06,5.97912198e-06,0.211075481,0.0015021309699999998,4.0163053000000007e-05,66.5258473,50.7453077,1.41445088e-05,6.2420158599999995,0.010179560800000001,4.5255252200000005,0.000449304659,4.02158108e-05,0.0211866417,18.467317,0.000449304659,4.02158108e-05,0.006160263840000001,9.21254981,0.000449304659,4.02158108e-05,0.00172222457,8.60873891,0.000449304659,4.02158108e-05,0.00514365079,3.5516307100000002e-06,2.91762895e-05,0.0750389767,32.6465258,0.01746775735,-0.00288296799,-0.0034544240099999997,2.71534788e-06,2.58626405e-05
355,1703084400,0.43631732100000004,0.4363430609999999,-0.0013210561552000001,-1.23896919,1.232700136,0.569794149,0.9639669349999999,0.8999524640000001,0.02183279484,0.31728041500000004,2.68266021e-05,1.2653350930000001e-06,1.4693138610000003e-06,2.28307583e-06,2.5534324860000003e-06,3.468039253e-06,2.534626904e-05,1.184612008e-05,0.216256096,0.0017778515299999998,7.52568706e-05,65.3313544,50.8786563,1.4492817999999999e-05,6.54864532,0.010500829100000001,5.1278999800000005,0.00032280695919999994,2.862554083e-05,0.021247381,19.05968705,0.00032280695919999994,2.862554083e-05,0.006073631769999999,7.900468910000001,0.00032280695919999994,2.862554083e-05,0.0016178583500000003,7.20407986,0.00032280695919999994,2.862554083e-05,0.00516673901,5.20890381e-06,3.09586773e-05,-0.12847325019000005,82.29822044,0.027810961099999996,-0.00261701372,-0.0032061196899999997,5.22494385e-06,5.49563974e-05
355,1703085000,0.484157681,0.48418366599999996,-0.003466909503,-1.4098395499999998,1.10883386,0.616600764,0.9964804319999999,0.9402286999999999,0.01051099972,0.21932464299999999,2.68959334e-05,1.09154862e-06,1.2389655850000001e-06,3.01093946e-06,2.25993419e-06,2.94616814e-06,8.844771309999999e-05,1.1412077310000002e-05,0.23973576800000002,0.0020932193,0.00013850528100000002,66.39655819999999,50.9249454,1.60834827e-05,6.58995055,0.012173989800000002,6.946498829999999,0.000580242564,5.220865990999999e-05,0.022541677399999998,21.0598918,0.000580242564,5.220865990999999e-05,0.00629020579,11.68590126,0.000580242564,5.220865990999999e-05,0.00185135337,11.13231307,0.000580242564,5.220865990999999e-05,0.00518483608,8.019061779999999e-06,3.39142329e-05,-0.035421742,3.76323319,0.0157927857,-0.000907604802,-0.0017091119500000002,2.29804672e-06,2.45830583e-05
355,1703085600,0.639240242,0.639265889,-0.00475218857,-1.35868375,1.30871494,0.704249546,1.16756064,1.0980335069999998,0.01762394105,0.29283078700000004,2.65555572e-05,1.123875836e-06,1.2211963349999998e-06,2.7746997e-06,2.27547613e-06,2.91899424e-06,8.837979679999999e-05,1.0642548090000002e-05,0.31752632,0.00184863584,0.0001348368701,65.2311853,50.6181256,2.12543952e-05,6.39033156,0.0135805807,8.507254139999999,0.0003488115587,3.1125867450000005e-05,0.025989204199999998,27.8209642,0.0003488115587,3.1125867450000005e-05,0.00610437147,9.09023502,0.0003488115587,3.1125867450000005e-05,0.001767686434,8.384291090000001,0.0003488115587,3.1125867450000005e-05,0.00515654658,7.75790564e-06,3.34061007e-05,-0.05829457049999999,4.079408889999999,0.0169453712,-0.0009226015919999999,-0.00175338497,2.2138850000000003e-06,2.5335637000000003e-05
355,1703086200,0.332538165,0.33256378,-0.007434709770000001,-1.31009647,0.930065895,0.502920208,0.857726184,0.801549463,0.005030958279999999,0.143463936,2.61772698e-05,6.665861050000001e-07,7.558993690000001e-07,1.345825094e-06,1.452616776e-06,1.9059388270000002e-06,3.7962741299999995e-06,6.76682369e-06,0.16461034,0.0016037445599999998,3.77345596e-05,66.5835549,51.0076154,1.10546558e-05,6.52297641,0.008990502099999999,3.55014502,0.00030721672110000005,2.7264580599999998e-05,0.018723663499999998,14.40864025,0.00030721672110000005,2.7264580599999998e-05,0.00598870469,7.105379280000001,0.00030721672110000005,2.7264580599999998e-05,0.0014834398029999999,6.441504315,0.00030721672110000005,2.7264580599999998e-05,0.00511827215,2.89152226e-06,2.8455810400000003e-05,-0.1575962334,34.75646030000001,0.015014226250000002,-0.00305117328,-0.00357749314,2.17574375e-06,2.22426168e-05
355,1703086800,0.30227470100000003,0.30230021500000004,-0.00729599425,-1.30161143,0.9001024839999999,0.479420833,0.82041255,0.763073284,0.0067037209,0.136029727,2.6266214999999997e-05,8.799039769999999e-07,9.61495149e-07,1.397077707e-06,1.678965579e-06,2.0604359300000003e-06,4.055284900000001e-06,7.526181959999999e-06,0.149558041,0.00152516358,3.47525699e-05,65.792082,51.0561455,1.00461924e-05,6.497382900000001,0.008556847950000002,3.22408104,0.000326838248,2.9012408600000005e-05,0.017837825100000003,13.08654055,0.000326838248,2.9012408600000005e-05,0.00598981866,6.9339983400000005,0.000326838248,2.9012408600000005e-05,0.00147865092,6.30961716,0.000326838248,2.9012408600000005e-05,0.005116970659999999,2.79428931e-06,2.82813766e-05,-0.047740007999999994,38.48111110000001,0.015731334700000002,-0.00317281389,-0.0037204142799999998,2.18403796e-06,2.17863899e-05
355,1703087400,0.2829881,0.28301374399999996,-0.00765971174,-1.3024841999999999,0.8704390610000001,0.46352275800000003,0.792136684,0.741735148,0.0047039883,0.12788321860000001,2.6537830000000004e-05,1.0122407976e-06,1.15059316e-06,1.696669869e-06,1.84021066e-06,2.29324795e-06,4.39385263e-06,7.74421137e-06,0.140047963,0.0013905350300000001,3.44526023e-05,64.4310633,51.003028900000004,9.402599e-06,6.47964122,0.008390882799999999,3.09873725,0.00027026241660000006,2.385750789e-05,0.017339512100000003,12.361053199999999,0.00027026241660000006,2.385750789e-05,0.00587721588,5.8365178,0.00027026241660000006,2.385750789e-05,0.00132391669,5.16647809,0.00027026241660000006,2.385750789e-05,0.00513160315,2.8919040800000006e-06,2.8526956399999996e-05,0.028665455800000007,37.71060070000001,0.0148002871,-0.0031201131599999997,-0.0036659937700000006,2.2926482999999997e-06,2.2945570799999997e-05
355,1703088000,0.288387782,0.28841347,-0.008360243960000001,-1.2768899,0.8743016820000001,0.46522260400000004,0.8066871250000001,0.7469103029999999,0.00570500486,0.12475336749999999,2.6092469600000003e-05,4.840073310000001e-07,5.71763543e-07,1.0074468119999999e-06,1.038166333e-06,1.192617497e-06,2.7737056700000003e-06,4.65069519e-06,0.142407228,0.0017436447799999998,3.0834658399999996e-05,67.4656933,51.2613594,9.5924107e-06,6.394700599999999,0.00839476772,3.12728092,0.00024664358920000005,2.1671252620000002e-05,0.01742026245,12.5320459,0.00024664358920000005,2.1671252620000002e-05,0.005940872790000001,5.99795883,0.00024664358920000005,2.1671252620000002e-05,0.00138838185,5.286792270000001,0.00024664358920000005,2.1671252620000002e-05,0.00514411761,2.83213697e-06,2.86081217e-05,0.15039139740000002,40.754540199999994,0.015776910999999998,-0.0032149413099999994,-0.0037211512600000005,2.29408936e-06,2.3487803400000004e-05
355,1703088600,0.309334744,0.30936055900000003,-0.00990737028,-1.26847135,0.8960523459999999,0.481661083,0.837700573,0.780098808,0.00472153845,0.1316827184,2.65018245e-05,8.170065759999999e-07,9.70062323e-07,1.4577797650000002e-06,1.575184775e-06,1.9047251849999997e-06,3.86556815e-06,6.69697934e-06,0.1528786,0.0017346623499999998,3.6081381099999996e-05,65.9448476,51.1660189,1.028396635e-05,6.4176360500000005,0.008666472300000002,3.30584037,0.0002232279892,1.957505195e-05,0.0180317256,13.347331549999998,0.0002232279892,1.957505195e-05,0.0058707863899999995,5.555323400000001,0.0002232279892,1.957505195e-05,0.00134292498,4.819164035,0.0002232279892,1.957505195e-05,0.005162780100000001,3.3476779500000004e-06,2.9118927899999998e-05,-0.027153799,40.70798599999999,0.0165812236,-0.0031597724200000004,-0.0036711534600000007,2.7482989900000004e-06,2.498278e-05
355,1703089200,0.268923296,0.2689491359999999,-0.009225903399999999,-1.2414147500000001,0.867176468,0.44794678499999996,0.7820488739999999,0.720096967,0.00990479643,0.12468280409999999,2.6800546200000004e-05,1.0916293039999998e-06,1.2471408109999998e-06,1.694095078e-06,1.915359088e-06,2.367597356e-06,4.468188605e-06,7.50103193e-06,0.1326677434,0.00173915036,3.3269752900000004e-05,65.3362484,51.321822999999995,8.93819056e-06,6.5492924299999995,0.0081713417,2.9799015399999997,0.0001880051164,1.6337549396e-05,0.0168694707,11.800576099999999,0.0001880051164,1.6337549396e-05,0.00580238112,4.7813428799999995,0.0001880051164,1.6337549396e-05,0.001211228111,4.04780945,0.0001880051164,1.6337549396e-05,0.00514857815,2.7110323099999996e-06,2.85305328e-05,-0.05882937019999999,42.264475,0.01504593145,-0.0032526753300000004,-0.00379067353,2.23078785e-06,2.26806614e-05
355,1703089800,0.24691955399999999,0.246945413,-0.008981779540000002,-1.2555883800000003,0.8373630609999999,0.42975775899999996,0.7488978589999998,0.6968837669999999,0.005470334150000001,0.1117278571,2.61866728e-05,4.1168903700000006e-07,4.991177410000001e-07,9.59913492e-07,9.46912803e-07,1.1294470899999999e-06,2.6856903099999998e-06,4.52776257e-06,0.12176215909999999,0.0016563273499999999,2.97628806e-05,67.2928215,51.3930252,8.209638189999999e-06,6.372573019999999,0.00774308819,2.66329217,0.0002408901016,2.120110991e-05,0.016100125200000003,10.663811599999999,0.0002408901016,2.120110991e-05,0.0058859363,5.433418369999999,0.0002408901016,2.120110991e-05,0.001287398116,4.739771360000001,0.0002408901016,2.120110991e-05,0.005164852090000001,2.91468802e-06,2.88554154e-05,0.036561879199999994,39.2712298,0.015076966899999999,-0.00322903533,-0.0037574354500000003,2.3263958299999998e-06,2.33711296e-05
355,1703090400,0.243360997,0.24338702799999998,-0.00702959255,-1.2721027900000001,0.80998723,0.428232799,0.7397100919999999,0.689496033,0.005561606760000001,0.1088701478,2.6745191499999996e-05,7.907599791e-07,9.96883819e-07,1.355708851e-06,1.4470315739999998e-06,1.7530540840000003e-06,3.5847738120000003e-06,5.6569445700000005e-06,0.11998336030000001,0.00165474882,2.6023178599999995e-05,65.58224349999999,51.4107331,8.09088058e-06,6.37743133,0.007665278239999999,2.61319289,0.0001904705228,1.656074376e-05,0.0159617985,10.474535999999999,0.0001904705228,1.656074376e-05,0.005854632090000001,4.76327674,0.0001904705228,1.656074376e-05,0.00124611812,4.0498628530000005,0.0001904705228,1.656074376e-05,0.0051718169,2.76224621e-06,2.88075163e-05,0.0354831664,39.4533387,0.015251238099999998,-0.0032581035400000005,-0.00380161558,2.4768944100000002e-06,2.4939451200000003e-05
355,1703091000,0.22959607499999998,0.22962245,-0.008116479819999998,-1.28668864,0.7969368309999999,0.417138655,0.71818442,0.666170317,0.00431750308,0.10043328700000001,2.6749378100000003e-05,4.50481395e-07,5.78081316e-07,9.494248420000001e-07,9.538078199999999e-07,1.1235073000000001e-06,2.5617258e-06,4.19101057e-06,0.11314015659999999,0.0016207149199999999,2.5852222400000003e-05,68.4950752,51.458082000000005,7.63462075e-06,6.458255229999999,0.007483007130000001,2.50102522,0.00023570247099999998,2.0651371e-05,0.015526360399999998,9.943983939999999,0.00023570247099999998,2.0651371e-05,0.0059670952199999995,5.57725856,0.00023570247099999998,2.0651371e-05,0.00131650221,4.869260570000001,0.00023570247099999998,2.0651371e-05,0.00520239901,2.84299779e-06,2.91761374e-05,0.011621767300000002,47.56604749999999,0.0178718942,-0.00334719755,-0.00386361439,2.39478998e-06,2.3819370400000002e-05
355,1703091600,0.13932935,0.139355467,-0.0020135465240000002,-1.56210437,0.599755814,0.333744789,0.49854021199999987,0.46913932799999997,0.0046204129699999996,0.06408552199999999,2.63616625e-05,2.7638404359999996e-07,3.4152182800000007e-07,7.286879010000001e-07,6.47427545e-07,8.67022024e-07,2.163167537e-06,3.2816242999999997e-06,0.0680985761,0.00153468488,2.28210003e-05,69.76758850000002,52.5121971,4.63153829e-06,6.575900509999999,0.00586648577,1.5434476500000003,0.00017978883339999998,1.5660543177e-05,0.01182181895,5.963006099999999,0.00017978883339999998,1.5660543177e-05,0.0056977119,3.96687643,0.00017978883339999998,1.5660543177e-05,0.000974585866,3.261418113,0.00017978883339999998,1.5660543177e-05,0.0051499799499999995,2.19492215e-06,2.8276769199999995e-05,-0.018834632699999986,45.565987,0.014602433549999998,-0.0032766467800000006,-0.0038463395999999996,1.7761052e-06,2.00307872e-05
355,1703092200,0.183324803,0.1833506375,-0.0009518904969999999,-1.5896290800000001,0.6739330779999999,0.382974252,0.560904627,0.5322162500000001,0.004662987910000001,0.0844513313,2.64687083e-05,6.875568441000001e-07,7.895307907e-07,1.1856683109999999e-06,1.288983179e-06,1.651599353e-06,3.221019874e-06,5.49713543e-06,0.09037870829999999,0.0012404716399999998,2.82560708e-05,66.4378492,51.94757460000001,6.092268440000001e-06,6.576879839999999,0.006783618179999999,2.04941482,0.0001004796983,8.480109815e-06,0.013607236750000001,7.99395518,0.0001004796983,8.480109815e-06,0.00558108865,3.2377038,0.0001004796983,8.480109815e-06,0.0008995700190000001,2.453851583,0.0001004796983,8.480109815e-06,0.00514259822,2.3412403999999997e-06,2.82284621e-05,0.12159497700000002,55.876833999999995,0.0167136133,-0.00342931416,-0.00390291808,2.00453005e-06,2.14604279e-05
355,1703092800,0.196887827,0.196913704,-0.01286525565,-1.3172318,0.730934814,0.39024381199999997,0.6546199799999999,0.605455989,0.00637257972,0.0911585951,2.6080518799999997e-05,2.7519472599999996e-07,3.731618660000001e-07,8.143777830000001e-07,6.971159129999999e-07,7.98058206e-07,2.3179681050000003e-06,3.2960308999999993e-06,0.0968692226,0.00153873918,2.70636635e-05,68.9757471,51.61408329999999,6.54761634e-06,6.474382289999999,0.00696002582,2.17277828,0.0001707969006,1.4852816280999997e-05,0.014349410900000002,8.525536149999999,0.0001707969006,1.4852816280999997e-05,0.00571801368,4.10246349,0.0001707969006,1.4852816280999997e-05,0.0010826679169999999,3.4003775350000005,0.0001707969006,1.4852816280999997e-05,0.005151462,2.90053087e-06,2.87191311e-05,0.06742254899999998,40.798899,0.01445339155,-0.00329817226,-0.0037691703999999998,2.3421083e-06,2.3122723300000002e-05
355,1703093400,0.165075281,0.16510087199999998,-0.012190426530000001,-1.3836697500000001,0.676483154,0.36083380400000004,0.587342915,0.5504792930000001,0.0038175991999999997,0.0779807539,2.61594494e-05,6.223003419999999e-07,7.4127045e-07,1.1957436940000002e-06,1.186649771e-06,1.451871739e-06,3.083547073e-06,4.66708665e-06,0.08116791799999999,0.0013296898,2.6439549399999997e-05,67.11162290000001,51.649299500000005,5.4852056000000004e-06,6.59981636,0.00644060657,1.8546392900000002,0.0001696715858,1.4638559599999997e-05,0.0131862914,7.1715175,0.0001696715858,1.4638559599999997e-05,0.0057031355,3.9500426400000004,0.0001696715858,1.4638559599999997e-05,0.0010556414970000001,3.2336779,0.0001696715858,1.4638559599999997e-05,0.00512584004,2.63899677e-06,2.8261842699999997e-05,0.16799276629999998,46.194635899999994,0.014303077500000002,-0.00339584734,-0.00381502347,2.15615664e-06,2.2092791399999998e-05
355,1703094000,0.16355795,0.163583454,-0.01170937705,-1.31062298,0.6735955450000001,0.355117372,0.60039332,0.55914207,0.00314166656,0.07250133890000002,2.56908292e-05,2.3770657739999993e-07,3.3806449800000006e-07,6.86962127e-07,6.208510449999999e-07,7.17012903e-07,1.971109777e-06,3.05983522e-06,0.0802977394,0.00144941543,2.39130342e-05,70.03541949999999,51.807412899999996,5.43640505e-06,6.49056161,0.00636288406,1.8268206599999999,0.0001694917069,1.4651276499999999e-05,0.013097866699999999,7.06915422,0.0001694917069,1.4651276499999999e-05,0.0056990814,3.98956918,0.0001694917069,1.4651276499999999e-05,0.0010715082500000002,3.2908849460000007,0.0001694917069,1.4651276499999999e-05,0.00511364854,2.5334853600000002e-06,2.80279836e-05,0.04159630160000001,46.9772604,0.014862194700000001,-0.00337506317,-0.0038666162900000004,2.29097934e-06,2.3062310599999998e-05
355,1703094600,0.15425595200000003,0.154281889,-0.011990708799999998,-1.28642942,0.679558243,0.34282265,0.5847553389999999,0.543429081,0.00411762036,0.0736020998,2.62892052e-05,4.0533635649999997e-07,5.043407530000001e-07,9.243849910000001e-07,8.91771716e-07,1.050056619e-06,2.5674689399999995e-06,3.7959561399999995e-06,0.0757095341,0.0013831039200000003,2.4846824899999997e-05,68.4848853,51.837146700000005,5.1270446899999995e-06,6.62442166,0.00618422341,1.7296842099999998,0.0001565150846,1.347346032e-05,0.012716852249999999,6.67064282,0.0001565150846,1.347346032e-05,0.005708827200000001,3.76624664,0.0001565150846,1.347346032e-05,0.0010244860960000003,3.0277595149999996,0.0001565150846,1.347346032e-05,0.005172141650000001,2.9105324600000004e-06,2.88750662e-05,-0.023515495050000005,46.06438609999999,0.0160898176,-0.00339682937,-0.0038590351299999997,2.40798126e-06,2.36464184e-05
355,1703095200,0.192770441,0.19279642000000002,-0.009093003550000001,-1.3057727099999998,0.710684194,0.383493083,0.6539449560000001,0.608643595,0.0038077567600000002,0.0842681703,2.62076316e-05,3.049976835e-07,4.3638460099999996e-07,8.33464516e-07,7.50733513e-07,9.178643219999999e-07,2.3940388399999997e-06,4.0468117000000005e-06,0.0950931484,0.00125337571,2.8732872799999997e-05,69.13246430000001,51.349405000000004,6.40831281e-06,6.66346008,0.00688516074,2.12231741,0.00017737825550000002,1.532498651e-05,0.014218981500000002,8.32022103,0.00017737825550000002,1.532498651e-05,0.00581814756,4.36265665,0.00017737825550000002,1.532498651e-05,0.001172995396,3.63276381,0.00017737825550000002,1.532498651e-05,0.005181014229999999,2.97600016e-06,2.8998821699999996e-05,-0.0334446927,47.3399792,0.01615405,-0.0034264392499999997,-0.0038682732900000003,2.5711913e-06,2.42379405e-05
355,1703095800,0.133781206,0.1338070605,-0.0052815986499999985,-1.3585671400000001,0.6324568069999998,0.31804996,0.520590881,0.47877710799999995,0.00449710948,0.0658556564,2.60540551e-05,2.50740893e-07,3.39055444e-07,7.05293382e-07,5.94045026e-07,7.096697130000001e-07,1.9608176500000002e-06,2.94572664e-06,0.06552972230000001,0.0013305176,2.25501133e-05,70.98721309999999,52.395966699999995,4.44654586e-06,6.69121188,0.00573225663,1.515084801,0.0001321292253,1.136636716e-05,0.011587385750000002,5.756501779999999,0.0001321292253,1.136636716e-05,0.00559239695,3.249006615,0.0001321292253,1.136636716e-05,0.000893642907,2.5082026849999997,0.0001321292253,1.136636716e-05,0.005139728620000001,2.5410403e-06,2.83082268e-05,-0.07704745199999999,47.1763496,0.014334806499999997,-0.00346459182,-0.00391797814,2.22924337e-06,2.19351003e-05
355,1703096400,0.10297150560000001,0.10299723300000001,-0.0006329890599999997,-1.53287963,0.559967099,0.28602369699999997,0.43010063499999995,0.40193728,0.0038671691200000005,0.0500157297,2.5899839e-05,2.19976122e-07,3.6217484299999996e-07,6.88288643e-07,5.42530386e-07,6.51172937e-07,1.96801486e-06,2.5958058199999997e-06,0.05006366219999999,0.0013920813499999998,2.26689851e-05,71.4064096,53.0992027,3.42059501e-06,6.78009159,0.005162796660000001,1.2185179940000002,0.00010994895155000001,9.424914473e-06,0.0101744216,4.43879141,0.00010994895155000001,9.424914473e-06,0.00548416201,2.697014525,0.00010994895155000001,9.424914473e-06,0.0007521017360000001,1.9639932123000001,0.00010994895155000001,9.424914473e-06,0.0051489284699999995,2.7723791000000003e-06,2.8548287599999996e-05,-0.06301382337,47.2489905,0.01496593605,-0.00339176101,-0.0038877481399999998,2.4008555999999996e-06,2.2928275999999996e-05
355,1703097000,0.15581449640000003,0.15584022060000002,-0.010523060800000001,-1.28274033,0.681095777,0.34501096800000003,0.591580561,0.544704126,0.00406151675,0.0722361773,2.59025495e-05,2.3013986609999998e-07,3.37576657e-07,7.13297003e-07,5.8479486e-07,6.789218529999999e-07,2.0237661299999997e-06,2.95505269e-06,0.076344918,0.00152983666,2.410300075e-05,69.45623270000002,52.007843,5.18122212e-06,6.6030675500000005,0.0062316029900000005,1.7651116300000003,0.00010955469539999998,9.17576282e-06,0.0127737814,6.738753059999999,0.00010955469539999998,9.17576282e-06,0.005594291160000001,2.931427246,0.00010955469539999998,9.17576282e-06,0.000932161362,2.169607237,0.00010955469539999998,9.17576282e-06,0.005147803520000001,2.8153570400000006e-06,2.8559342999999997e-05,-0.10674186109999999,47.8719236,0.0164648387,-0.0033747711099999995,-0.0038884202300000005,2.5412995899999997e-06,2.4461164399999997e-05
355,1703097600,0.163768552,0.163794473,-0.012814837800000001,-1.25548134,0.6748705850000001,0.35090660200000007,0.6086435880000001,0.5652547490000001,0.00382442894,0.07519244039999999,2.61558233e-05,2.93292678e-07,4.4350705800000005e-07,8.100718010000001e-07,6.78336138e-07,8.01131517e-07,2.25841566e-06,3.3407400700000003e-06,0.080444968,0.00140476096,2.56096946e-05,69.5477853,51.7463354,5.4446021e-06,6.556089220000001,0.00639426955,1.8490657300000002,0.0001434174424,1.2297206624e-05,0.013125494000000001,7.09343174,0.0001434174424,1.2297206624e-05,0.00572167576,3.76786867,0.0001434174424,1.2297206624e-05,0.0010540320029999999,3.0332796849999997,0.0001434174424,1.2297206624e-05,0.005171859799999999,3.04596372e-06,2.8945466e-05,0.1338517747,48.1214074,0.016265492050000004,-0.0034618939199999995,-0.00386718121,2.66458955e-06,2.4541423199999995e-05
355,1703098200,0.1485574535,0.14858352660000002,-0.01298811115,-1.26849031,0.641232079,0.334820793,0.5804802120000001,0.535666346,0.00305635004,0.0672645521,2.62346204e-05,2.2243961939999997e-07,3.26220627e-07,6.72859799e-07,6.062830959999999e-07,7.08433725e-07,1.9150320460000003e-06,3.0623367899999997e-06,0.0728563474,0.00139005823,2.45898266e-05,69.4147624,51.9151638,4.93891955e-06,6.58781673,0.00608695094,1.68506725,0.0001672056162,1.4455959364e-05,0.012496730499999999,6.43535762,0.0001672056162,1.4455959364e-05,0.00576897717,4.09820575,0.0001672056162,1.4455959364e-05,0.001076306735,3.3712536,0.0001672056162,1.4455959364e-05,0.005179615130000001,2.7009080399999998e-06,2.8757118799999998e-05,0.0271518449,53.1048828,0.0161047602,-0.0035328291499999998,-0.00399848043,2.5209310700000006e-06,2.4472711899999998e-05
355,1703098800,0.14648297300000002,0.146509088,-0.013921860250000001,-1.27571379,0.6450197049999999,0.33315458499999995,0.573242508,0.531578734,0.0035692354499999995,0.06670047450000001,2.6472471999999998e-05,4.2566604149999996e-07,5.437952650000001e-07,9.387587499999999e-07,8.66996211e-07,1.0885766240000002e-06,2.4907223900000003e-06,4.04567082e-06,0.0719536707,0.00125063555,2.6359688799999998e-05,67.33981680000001,51.734449100000006,4.86722124e-06,6.653119599999999,0.00605887503,1.6607231299999998,0.00013595981210000002,1.161936278e-05,0.012430468949999999,6.37051737,0.00013595981210000002,1.161936278e-05,0.005704413659999999,3.47206989,0.00013595981210000002,1.161936278e-05,0.0009855294460000001,2.70817409,0.00013595981210000002,1.161936278e-05,0.00518411008,2.6175240600000004e-06,2.8805023300000004e-05,-0.05475220799999999,49.7483772,0.01604885015,-0.0034905476000000003,-0.00395843596,2.39427462e-06,2.47974224e-05
355,1703099400,0.12253486099999997,0.1225610444,-0.013110601199999999,-1.3138199,0.626344114,0.30577515499999997,0.513353168,0.4761895340000001,0.0038759269499999997,0.06200247569999999,2.6383248e-05,2.4349448199999997e-07,3.6852277399999997e-07,7.68006054e-07,5.7917967e-07,6.88978194e-07,1.94366437e-06,2.7486019800000002e-06,0.0601352485,0.00110234537,2.21618219e-05,67.94800049999999,51.89370759999999,4.07380569e-06,6.52340003,0.0055699869,1.41657636,0.00010381035359999999,8.71452265e-06,0.01132572875,5.33932578,0.00010381035359999999,8.71452265e-06,0.0056144364200000005,2.84109,0.00010381035359999999,8.71452265e-06,0.000869592263,2.070537136,0.00010381035359999999,8.71452265e-06,0.00519228193,2.9365766e-06,2.90952664e-05,-0.0657749986,48.0680355,0.0174128706,-0.00334209423,-0.00389050465,2.5804841899999997e-06,2.4974792699999996e-05
355,1703100000,0.15123372000000002,0.151260098,-0.01283790685,-1.2815727000000001,0.629756727,0.338743639,0.58415533,0.539416479,0.0025388530399999996,0.0654234734,2.6524221099999998e-05,2.040585876e-07,2.91361259e-07,6.22033938e-07,5.18753439e-07,5.76573329e-07,1.7671093769999998e-06,2.42363023e-06,0.0742455868,0.0013419829,2.2063427399999996e-05,68.9254898,51.8075524,5.03118993e-06,6.4807884200000005,0.0061404212,1.7035435499999998,9.655786649999998e-05,8.093886235e-06,0.01263207795,6.56510835,9.655786649999998e-05,8.093886235e-06,0.005614538300000001,2.79330897,9.655786649999998e-05,8.093886235e-06,0.0008770576659999999,2.009699509,9.655786649999998e-05,8.093886235e-06,0.00520768703,2.62300102e-06,2.90182757e-05,-0.02928859979999999,48.0861886,0.0157228922,-0.00353750901,-0.0040035442,2.31321424e-06,2.25482097e-05
355,1703100600,0.13918382999999998,0.1392100889,-0.01203443725,-1.3118304799999998,0.637294449,0.3274865,0.554379431,0.511665619,0.00340348391,0.0657975551,2.64043243e-05,2.02734901e-07,3.2466263999999994e-07,6.789379170000001e-07,5.578875310000001e-07,6.790656009999999e-07,2.030568257e-06,2.99620652e-06,0.06799883620000001,0.0015586611300000002,2.6689446599999998e-05,71.0725534,52.304741,4.624918420000001e-06,6.567527969999999,0.005894957470000001,1.58952914,0.00015098544359999996,1.3028757136999999e-05,0.012061756350000001,6.00839882,0.00015098544359999996,1.3028757136999999e-05,0.00569453617,3.6744746400000006,0.00015098544359999996,1.3028757136999999e-05,0.000965628702,2.918692748,0.00015098544359999996,1.3028757136999999e-05,0.00519849209,2.88122142e-06,2.9112380599999998e-05,0.008013631499999998,50.3280523,0.017367896499999997,-0.0034388212099999995,-0.00392728778,2.71663087e-06,2.7070664699999998e-05
355,1703101200,0.160823714,0.160849847,-0.01218563335,-1.30953306,0.6960212490000001,0.35216232100000006,0.594955665,0.553741901,0.0038262483700000002,0.076774654,2.6705284099999998e-05,6.423367334e-07,7.973377449999998e-07,1.2489090599999999e-06,1.218001081e-06,1.499697445e-06,3.2203394899999998e-06,5.048429179999999e-06,0.0788568449,0.00151215002,2.8477318000000002e-05,66.36098750000001,51.9139617,5.34302307e-06,6.62551795,0.00633217958,1.8165228,0.0001378848013,1.1699690099999998e-05,0.012994246850000002,6.95063569,0.0001378848013,1.1699690099999998e-05,0.0056761225,3.2928427500000006,0.0001378848013,1.1699690099999998e-05,0.000973005894,2.5489816600000004,0.0001378848013,1.1699690099999998e-05,0.005190442490000001,2.89892805e-06,2.90639741e-05,0.032925882399999995,44.3762964,0.015551335200000002,-0.0033226986300000003,-0.00388091448,2.39921617e-06,2.3040080599999998e-05
355,1703101800,0.160544631,0.160570733,-0.009707285649999998,-1.34187481,0.680683277,0.353391016,0.588205458,0.546504183,0.00434278128,0.0755093894,2.6431553300000002e-05,3.89439384e-07,5.280408070000001e-07,9.018409720000001e-07,8.803874019999999e-07,1.08360224e-06,2.6294009799999995e-06,4.25384555e-06,0.0788486604,0.001383356,2.91619449e-05,67.969647,51.7634753,5.333678539999999e-06,6.66270755,0.006330691439999999,1.8113162200000001,0.0001523274656,1.3054287509999999e-05,0.0129712201,6.956777640000001,0.0001523274656,1.3054287509999999e-05,0.005728182470000001,3.7614933299999995,0.0001523274656,1.3054287509999999e-05,0.001041227863,3.026763797,0.0001523274656,1.3054287509999999e-05,0.00517227532,2.6472810200000007e-06,2.8686199100000002e-05,-0.11263519949999998,48.6336913,0.014509231000000001,-0.00353720646,-0.0039249769900000005,2.38807438e-06,2.38639663e-05
355,1703102400,0.144080636,0.14410674099999998,-0.01049559422,-1.3517799799999999,0.634069344,0.33470884,0.5503668119999999,0.5122281280000001,0.00478588951,0.0665151871,2.6514413599999997e-05,4.666406291e-07,5.95278797e-07,1.0433122240000001e-06,9.775153989999998e-07,1.2154844630000001e-06,2.9800004100000003e-06,4.4538294999999995e-06,0.070870589,0.00112930863,2.81740911e-05,67.1747473,51.637934599999994,4.786295920000001e-06,6.674461890000001,0.006018249500000001,1.6404533999999997,0.00011757536419999999,9.94009472e-06,0.01229116465,6.27259025,0.00011757536419999999,9.94009472e-06,0.0056171241,3.0346005400000005,0.00011757536419999999,9.94009472e-06,0.00089888625,2.284440595,0.00011757536419999999,9.94009472e-06,0.00518015736,2.79086845e-06,2.89041654e-05,-0.033692355800000004,46.507182900000004,0.014990319299999999,-0.0033811521500000004,-0.00388335027,2.36752451e-06,2.3050874400000002e-05
355,1703103000,0.141827005,0.14185299,-0.011651440199999998,-1.3523912899999997,0.6361694250000001,0.33240496,0.5538544159999998,0.5127906569999999,0.0034542208900000004,0.0673217837,2.6367149700000002e-05,4.425194470000001e-07,5.64239973e-07,1.0458863069999998e-06,9.220587380000003e-07,1.118842753e-06,2.86901112e-06,4.1805859900000005e-06,0.0696970002,0.00117802492,2.6839389400000002e-05,67.0924747,51.7045404,4.711603079999999e-06,6.6248087500000015,0.005982326519999999,1.6176720100000002,0.0001072110977,9.01185498e-06,0.01222296495,6.165577279999999,0.0001072110977,9.01185498e-06,0.005626584099999999,3.05223724,0.0001072110977,9.01185498e-06,0.0009257743689999999,2.28949808,0.0001072110977,9.01185498e-06,0.00516619353,2.8296577499999996e-06,2.87961119e-05,0.048698974299999996,47.2424487,0.014828357350000002,-0.00342913428,-0.0038502051999999994,2.3347274999999997e-06,2.2280171499999996e-05
355,1703103600,0.14129258399999997,0.14131850800000004,-0.0145491861,-1.2775890799999998,0.631331766,0.327406617,0.5620296549999999,0.523253482,0.00297287886,0.06524104780000001,2.6202369699999998e-05,3.3126984050000003e-07,4.2848606599999996e-07,7.74704707e-07,7.62568576e-07,9.417278849999998e-07,2.0930571229999995e-06,3.1414846800000002e-06,0.06942920159999999,0.0011834138100000001,2.48677099e-05,67.7755914,51.718531799999994,4.6966081899999995e-06,6.532703580000001,0.005924253209999999,1.5894490700000001,0.0001646954837,1.4175213079999999e-05,0.01216763795,6.09934287,0.0001646954837,1.4175213079999999e-05,0.0056872464,3.6772658400000005,0.0001646954837,1.4175213079999999e-05,0.000993167273,2.9432300939999996,0.0001646954837,1.4175213079999999e-05,0.005160678680000001,2.6293799e-06,2.8523052999999996e-05,0.1732713715,50.3584612,0.0165590573,-0.00351284506,-0.00394447963,2.31362735e-06,2.26469964e-05
355,1703104200,0.1461918546,0.146217655,-0.013866133800000003,-1.2950065099999999,0.6314817749999999,0.33383923,0.5717049409999999,0.527791118,0.0031196077900000002,0.0673026714,2.6018098e-05,2.799222286e-07,3.90556542e-07,7.85928926e-07,6.68406076e-07,7.96235868e-07,2.2062090399999995e-06,3.25856527e-06,0.07177130039999999,0.0012895220799999999,2.6382703899999997e-05,69.0738969,51.81597899999999,4.85861872e-06,6.55103548,0.00603306994,1.64743463,0.00011503733505,9.744834682999999e-06,0.012385583,6.3263552800000005,0.00011503733505,9.744834682999999e-06,0.005614629750000001,3.03542262,0.00011503733505,9.744834682999999e-06,0.000931304006,2.280300716,0.00011503733505,9.744834682999999e-06,0.0051554648,2.8135009999999996e-06,2.8638239499999994e-05,-0.04977745,48.9260223,0.015365104600000002,-0.0034531011800000002,-0.00386662194,2.3729285200000003e-06,2.30703222e-05
355,1703104800,0.1649524211111111,0.16497817333333334,-0.014132742944444443,-1.2658567777777778,0.6718121733333332,0.3529836877777778,0.6100186133333332,0.5664339611111111,0.003065206855555556,0.07457203944444445,2.6109987444444445e-05,4.265626495555556e-07,5.650929855555555e-07,1.0314210922222223e-06,8.724102733333335e-07,1.0916777011111112e-06,2.630257044444444e-06,3.980662555555556e-06,0.08094255988888889,0.0014952415222222223,2.7249851888888895e-05,68.29882377777777,51.8551081111111,5.481583966666666e-06,6.492762711111111,0.006375577966666667,1.8356804,9.245310944444445e-05,7.652720525555555e-06,0.01316984238888889,7.1378280555555556,9.245310944444445e-05,7.652720525555555e-06,0.005607691866666667,2.967425844444444,9.245310944444445e-05,7.652720525555555e-06,0.0009522059255555556,2.2191474222222225,9.245310944444445e-05,7.652720525555555e-06,0.005152419566666667,2.9683105666666666e-06,2.874358477777778e-05,-0.22346648833333335,46.23903866666667,0.015338512055555555,-0.003317280311111111,-0.0037837508222222215,2.6075697444444443e-06,2.450605922222222e-05
355,1703105400,0.1398011226,0.13982677399999996,-0.0168692878,-1.24272085,0.6423196059999999,0.32396448999999994,0.566267292,0.521228412,0.0032284004799999996,0.0640751852,2.6032878200000002e-05,4.4566164179999997e-07,5.78440514e-07,9.402849689999999e-07,8.8360225e-07,1.098865455e-06,2.507495737e-06,3.94475509e-06,0.068392296,0.0014706956299999998,2.67116235e-05,68.1677059,52.15586449999999,4.6451984e-06,6.626233310000001,0.00588231604,1.57920939,0.0001040563126,8.70014894e-06,0.012096122249999999,6.0333469299999996,0.0001040563126,8.70014894e-06,0.00558494038,2.8589994200000004,0.0001040563126,8.70014894e-06,0.0009211535860000001,2.103625673,0.0001040563126,8.70014894e-06,0.005136179689999999,2.7502405199999995e-06,2.8358311600000002e-05,-0.23967314480000002,53.551649299999994,0.0153632619,-0.0035242031400000004,-0.0039387163499999996,2.4564906700000004e-06,2.3807976700000002e-05
355,1703106000,0.140123519,0.140149135,-0.01435163945,-1.27320091,0.6656453359999999,0.327264573,0.562292157,0.504765417,0.00590057707,0.06611320600000001,2.5835664799999995e-05,2.7275013260000003e-07,3.8867867300000007e-07,8.032942550000001e-07,7.303524209999999e-07,8.998464369999998e-07,2.4890308800000004e-06,3.7953167400000005e-06,0.0686859468,0.0013363360399999999,2.9569212300000002e-05,69.1832506,51.97418449999999,4.6555021e-06,6.73377473,0.005948021580000001,1.6153233400000002,0.0001340892041,1.147698892e-05,0.01213437665,6.129017810000001,0.0001340892041,1.147698892e-05,0.00565006877,3.4221943800000005,0.0001340892041,1.147698892e-05,0.000970629045,2.69438405,0.0001340892041,1.147698892e-05,0.00514050361,2.89492565e-06,2.85520528e-05,0.11738209910000001,55.504816000000005,0.018220425199999998,-0.00346249094,-0.0038457926699999997,2.48700438e-06,2.34396905e-05
355,1703106600,0.13877762099999996,0.1388033954,-0.0164503609,-1.2588695599999997,0.598593261,0.32339609199999997,0.56292969,0.517140787,0.00294697871,0.059099622500000004,2.5998148400000002e-05,2.737338985e-07,4.02232715e-07,7.26434557e-07,6.252629249999999e-07,7.21276213e-07,1.9511515500000003e-06,2.9601930100000003e-06,0.0679807514,0.00137577841,2.41048517e-05,68.7131183,52.027171599999996,4.6134770900000005e-06,6.518457849999999,0.005912389,1.59128849,8.586923900000001e-05,7.0105453099999995e-06,0.012092869949999998,6.04306744,8.586923900000001e-05,7.0105453099999995e-06,0.005559040110000001,2.58922261,8.586923900000001e-05,7.0105453099999995e-06,0.000869937022,1.8502495529999998,8.586923900000001e-05,7.0105453099999995e-06,0.00514574969,2.69767596e-06,2.8433197e-05,-0.09553479295,51.673142999999996,0.0148599118,-0.0034681956299999995,-0.0039424110400000005,2.2904226800000002e-06,2.25976974e-05
355,1703107200,0.1422398405,0.1422657684,-0.01458722136,-1.3013660699999998,0.641382077,0.323779042,0.5528793759999999,0.5104655849999999,0.0041023475500000005,0.06713840039999999,2.6172243799999997e-05,3.05046866e-07,4.31694565e-07,8.013160269999999e-07,7.409135850000001e-07,9.08573208e-07,2.25762065e-06,3.6100664899999997e-06,0.06942555249999999,0.0016559390199999999,2.9066775600000006e-05,69.8699944,52.9153416,4.72632783e-06,6.72110311,0.005870214239999999,1.6029324300000003,9.77854647e-05,8.124160049999999e-06,0.01197399341,6.10763453,9.77854647e-05,8.124160049999999e-06,0.005557582260000001,2.6580713339999997,9.77854647e-05,8.124160049999999e-06,0.0008576859880000001,1.9056903120000002,9.77854647e-05,8.124160049999999e-06,0.00516609466,2.6695505499999994e-06,2.8623100599999993e-05,-0.048746422200000014,50.3802124,0.015371449799999997,-0.0034303159799999997,-0.00391941817,2.31866439e-06,2.36047773e-05
355,1703107800,0.10458844600000002,0.1046144438,-0.0016734002399999997,-1.57990108,0.610406142,0.28632612799999996,0.421400368,0.391586949,0.005893563690000001,0.0568477881,2.6191794300000004e-05,2.2296526259999998e-07,3.18926265e-07,6.269275919999999e-07,5.689515500000001e-07,7.028829230000001e-07,1.80838315e-06,2.83302872e-06,0.0505300933,0.0017346272099999997,2.20539164e-05,70.13172239999999,54.06215590000001,3.47663551e-06,6.750724460000001,0.00513451372,1.2313237970000002,0.00014000964919999999,1.2068881063e-05,0.0100837343,4.5123237000000005,0.00014000964919999999,1.2068881063e-05,0.0056161019900000005,3.330563325,0.00014000964919999999,1.2068881063e-05,0.0008590435970000001,2.6404384000000003,0.00014000964919999999,1.2068881063e-05,0.00516598563,2.4865167500000002e-06,2.8499503000000002e-05,-0.043394801999999996,56.5896256,0.01635332025,-0.0036849466600000005,-0.00404173445,2.19439755e-06,2.19523147e-05
355,1703108400,0.166900409,0.16692654999999998,-0.0164157507,-1.2188808500000001,0.686795959,0.35178070800000005,0.615693784,0.5714049500000001,0.00556795183,0.0781654488,2.6686824000000002e-05,6.203760929999999e-07,7.67920418e-07,1.2558934600000001e-06,1.2069838990000002e-06,1.4887070829999998e-06,3.31139607e-06,5.13447524e-06,0.08191805999999999,0.00148834146,2.9344775100000004e-05,67.2448043,51.800102100000004,5.543579699999999e-06,6.6647198,0.006458717800000001,1.88514795,0.0001600728673,1.374491959e-05,0.01326370235,7.26370389,0.0001600728673,1.374491959e-05,0.00572719727,3.72535969,0.0001600728673,1.374491959e-05,0.0010360207889999998,2.998420067,0.0001600728673,1.374491959e-05,0.0051913003999999995,3.0842742e-06,2.9225973300000002e-05,-0.133513693,45.5650261,0.015502472199999997,-0.0034019502300000003,-0.0038268444599999993,2.51316121e-06,2.3629462900000002e-05
355,1703109000,0.12315485159999999,0.12318056200000001,-0.008993387449999998,-1.34380158,0.6284816849999999,0.30863994800000005,0.512078132,0.45173878599999995,0.006409047060000001,0.06437903789999999,2.60298081e-05,3.5702630500000006e-07,4.613063799999999e-07,8.166526920000001e-07,7.33173265e-07,9.17598514e-07,2.191927237e-06,3.3375812399999997e-06,0.06014922399999999,0.00139581494,2.3088161749999997e-05,69.1205006,52.4983922,4.092335280000001e-06,6.5602635,0.00557819893,1.41046164,9.275105150000002e-05,7.680689475000001e-06,0.011228642899999999,5.33107919,9.275105150000002e-05,7.680689475000001e-06,0.00552131492,2.6014696,9.275105150000002e-05,7.680689475000001e-06,0.000810192153,1.8625096560000003,9.275105150000002e-05,7.680689475000001e-06,0.005139304400000001,2.4985448099999996e-06,2.82337751e-05,0.1902876576,53.135307999999995,0.0156856558,-0.00356041531,-0.003964154440000001,2.2945382299999998e-06,2.20448193e-05
355,1703109600,0.08348600319999999,0.0835118046,0.007275405059999999,-1.56549868,0.5745925550000001,0.26275482399999994,0.38427422899999997,0.345723052,0.00450159645,0.0473631483,2.60349748e-05,2.4494898309999997e-07,3.18630292e-07,6.51506929e-07,5.713440679999999e-07,8.11170197e-07,1.8874438299999999e-06,3.19330385e-06,0.040248385,0.0014659015000000003,2.07620091e-05,70.02120829999998,53.79737930000001,2.7722147799999997e-06,6.80334634,0.004737370980000001,0.982188246,7.86396263e-05,6.535163247e-06,0.00916942875,3.5759050500000003,7.86396263e-05,6.535163247e-06,0.00544585573,2.223293374,7.86396263e-05,6.535163247e-06,0.0006661618910000001,1.4843667796,7.86396263e-05,6.535163247e-06,0.005126890060000001,2.01904632e-06,2.78381571e-05,0.017040153399999983,67.8979274,0.0162970781,-0.0036118972,-0.00399271805,1.8380312299999998e-06,2.05666549e-05
355,1703110200,0.17412389333333333,0.17414986111111108,-0.009465182466666668,-1.3162629333333333,0.7180635733333333,0.36692945111111114,0.6150187755555555,0.5704757577777778,0.006078382199999999,0.08466467111111112,2.634108988888889e-05,4.315604805555556e-07,5.394999988888888e-07,9.527866866666668e-07,9.258994888888888e-07,1.1333267022222224e-06,2.645176496666667e-06,4.203450633333333e-06,0.08565677266666666,0.0013662176222222222,2.740437355555556e-05,68.45909777777777,51.60673311111111,5.788265733333333e-06,6.646006988888889,0.006595414911111112,1.956771466666667,0.00016427632166666665,1.4124079222222223e-05,0.013528857555555556,7.563361855555556,0.00016427632166666665,1.4124079222222223e-05,0.005715294555555556,3.7770433444444445,0.00016427632166666665,1.4124079222222223e-05,0.0010460790855555556,3.0487885222222224,0.00016427632166666665,1.4124079222222223e-05,0.005162721833333333,2.689967577777778e-06,2.864081355555556e-05,-0.2277475863333333,46.254102777777774,0.014485943666666667,-0.0033929263333333333,-0.003888934955555556,2.3376477333333334e-06,2.322773622222222e-05
355,1703121600,1.0358932189999999,1.0359000250000001,0.0005991383219999999,-0.7198284739999999,3.01261697,0.8725440299999999,1.47420753,1.2057743140000001,0.168463003,0.881703802,9.840586870000002e-06,3.5352432399999998e-06,5.843565929999999e-06,1.0669502750000001e-05,1.9134922000000002e-05,3.2716272120000005e-05,6.38675574e-05,0.00015213007920000001,0.47597954,0.04053693527,0.0011387901836,89.3242983,57.85614880000001,3.39653765e-05,7.71274998,0.017902700700000003,17.610665899999997,0.0009352168374999999,8.637093410999999e-05,0.0310188422,42.039701,0.0009352168374999999,8.637093410999999e-05,0.004272611799999999,19.298960245,0.0009352168374999999,8.637093410999999e-05,0.00273834761,19.296370995,0.0009352168374999999,8.637093410999999e-05,0.0055251972,0.00010021719500000001,0.00010705439939999999,-0.0648995051,36.6434942,0.0870216737,0.00967176037,0.0032905982484999993,5.4166449700000006e-05,0.000279121343
355,1703122200,0.892864475,0.892879213,8.949743999999999e-06,-0.8681814830000001,2.4232114900000004,0.8221277089999999,1.2919519200000003,1.11502155,0.110125853,0.7070832829999999,1.77252497e-05,3.93003758e-06,5.579869776e-06,9.179366309999999e-06,1.513508482e-05,2.638554346e-05,4.932891784e-05,0.00011652002649999999,0.413234176,0.032129494159999994,0.000839151631,80.0706422,56.76887650000001,2.93274241e-05,7.250111800000001,0.0163250334,14.04545862,0.000587528152,5.324047154000001e-05,0.0293512771,36.6298081,0.000587528152,5.324047154000001e-05,0.005056671249999999,12.609257620000001,0.000587528152,5.324047154000001e-05,0.0022493330900000006,12.337539549999999,0.000587528152,5.324047154000001e-05,0.0056401175400000005,6.9147108e-05,8.389530599999999e-05,-0.11086101950000005,63.41616760000001,0.062379753399999995,0.00493592555,0.0007629620399999999,3.4135745113e-05,0.0001772269896
355,1703122800,0.74664026,0.746658369,-0.0015607556699999997,-0.13583767200000002,2.88916313,0.7139994970000001,1.172023266,0.9545916329999999,0.15102793134999998,0.9089497919999999,2.09596202e-05,3.0273497e-06,4.40150006e-06,7.316677334e-06,1.231200636e-05,2.0604694729999997e-05,3.8364290080000006e-05,8.949917544999999e-05,0.334389881,0.03811310215,0.0006383017211000001,82.85675890000002,58.159209,2.4497529700000004e-05,7.380816910000002,0.014328075400000001,11.784523400000001,0.0004085115945,3.725767359e-05,0.025851283600000004,29.7814383,0.0004085115945,3.725767359e-05,0.00528573328,8.9329796,0.0004085115945,3.725767359e-05,0.001909553203,8.514416182999998,0.0004085115945,3.725767359e-05,0.00584927568,5.816644946999999e-05,7.62889483e-05,0.11974446320000001,39.53481904,0.0696543444,0.0035583257030000004,-0.00024839205299999995,3.611490554e-05,0.0001986026814
355,1703123400,0.69816938,0.698189672,0.0033376640690000008,-0.4709305465,2.36182211,0.697741918,1.145584967,0.9536165970000001,0.1154772195,0.6699645399999999,2.14045912e-05,1.8708515309999998e-06,3.2947036634e-06,5.892850865e-06,1.1477213025e-05,1.9044209126e-05,3.5663587230000006e-05,7.979322724e-05,0.319936913,0.028011783480000003,0.0009763546284,82.56962050000001,56.3250369,2.29174028e-05,7.170474130000001,0.013963459550000001,11.01255652,0.000253493428,2.2572128076e-05,0.025463182100000002,28.4662615,0.000253493428,2.2572128076e-05,0.005377396689999999,6.82231754,0.000253493428,2.2572128076e-05,0.0017911429899999999,6.27363813,0.000253493428,2.2572128076e-05,0.00598142153,5.732014394999999e-05,7.75250871e-05,-0.26251763393,26.043516899999997,0.0599496763,0.0033651133799999997,-0.0007379746999999999,3.4777836493000005e-05,0.0002137574827
355,1703124000,0.7018751919999999,0.7018969030000001,0.029680826099999995,-0.07089810199999999,2.5549905500000003,0.684090604,1.179860994,0.983542505,0.12525811709999998,0.653529282,2.31762183e-05,2.2610217749999995e-06,3.5173581000000005e-06,6.162979610000001e-06,1.163857511e-05,1.7533305399999997e-05,3.909962169999999e-05,8.726766879999999e-05,0.321746197,0.02771189371,0.0013099175310000003,88.4998234,56.62633480000001,2.3037376e-05,7.698848529999999,0.013914236699999999,11.125155770000001,0.0005301581319999999,4.775676859999999e-05,0.025253082599999997,28.440116900000003,0.0005301581319999999,4.775676859999999e-05,0.00579464052,10.899989860000002,0.0005301581319999999,4.775676859999999e-05,0.0020953366300000002,10.55032347,0.0005301581319999999,4.775676859999999e-05,0.0063207666199999995,5.460508919999999e-05,7.6302325e-05,0.18022248219999998,19.107900049999998,0.058275059500000004,0.00408138089,-0.0006151115204,2.64212408e-05,0.0001292644138
355,1703124600,0.49285534000000003,0.49287810899999995,0.015341991900000001,-0.647983053,1.9148459799999997,0.5929546990000001,0.936216072,0.8714140909999999,0.06775017146,0.42628314200000006,2.3453335500000002e-05,9.204441539999999e-07,1.26085932e-06,2.134572626e-06,4.228019576e-06,7.0848079340000005e-06,1.4408837020000001e-05,3.741691277e-05,0.23318216599999997,0.012271361659999999,0.0009058857740000001,78.45277909999999,53.9319851,1.626324385e-05,7.0910439,0.01117963535,6.6282783499999995,0.00024137589079999995,2.134287167e-05,0.021658655,20.4365658,0.00024137589079999995,2.134287167e-05,0.00567911854,6.713556130000001,0.00024137589079999995,2.134287167e-05,0.0015964358599999998,6.03567048,0.00024137589079999995,2.134287167e-05,0.00526067513,1.7746811260000003e-05,4.0476564299999994e-05,-0.1251314778,34.3387579,0.0362317847,-0.0012496779900000002,-0.0029951264759999997,1.450458052e-05,9.101349149999999e-05
355,1703125200,0.666045688,0.666069179,-0.0426365123,0.36369013899999997,3.00504184,0.624451337,1.17866096,0.8622263029999999,0.17308996234,0.8384239765,2.7101083700000005e-05,4.2160765750000004e-06,6.4335634644000004e-06,1.0990856804e-05,1.906995806e-05,3.2421907614999996e-05,6.347117996999999e-05,0.0001419309108,0.292091267,0.03885239923,0.001796576724,85.75803549999999,59.012549,2.16185588e-05,7.569351649999999,0.013311875299999998,13.716303490000001,0.0003250338753,2.906307856e-05,0.0226999216,26.332816100000002,0.0003250338753,2.906307856e-05,0.005760556259999999,7.537430859999999,0.0003250338753,2.906307856e-05,0.0018577756600000003,7.006585655,0.0003250338753,2.906307856e-05,0.00711677473,9.112916526000001e-05,0.00011481033500000001,-0.13848358691,72.31674745,0.0888054793,0.0058385660899999995,0.0010354455565999999,4.161009296e-05,0.00022612116510000005
355,1703125800,0.8383887869999999,0.838413281,-0.05867239820000001,-0.484650972,2.8322365,0.748606892,1.29116441,1.041219286,0.1494789627,0.8729608220000001,2.65161108e-05,3.137987234e-06,5.537188554700001e-06,9.772677020000002e-06,1.7685908519999996e-05,3.0569342484e-05,6.1399010443e-05,0.0001422816653,0.384977248,0.03225999277,0.0016845481630000003,83.45918850000001,55.8756499,2.7411518250000005e-05,7.27069331,0.015239133149999997,15.590755139999999,0.00045010022279999996,4.039143008e-05,0.0271539503,34.548310199999996,0.00045010022279999996,4.039143008e-05,0.006053694599999999,9.67456003,0.00045010022279999996,4.039143008e-05,0.00217283494,9.16821108,0.00045010022279999996,4.039143008e-05,0.00712420948,9.276722876999999e-05,0.0001171488544,0.33944859879999995,54.65626605,0.07692112329999999,0.0055027171530000005,0.0004387966100000003,4.5505130894e-05,0.00025405487710000003
355,1703126400,0.821112647,0.8211371080000001,-0.0461237062,-0.16675428320000005,3.00057905,0.741844101,1.2975396099999998,1.0147059549999997,0.16559634260000003,0.943869944,2.7211914999999997e-05,3.4283273900000003e-06,5.634655525e-06,9.863713308e-06,1.817111931e-05,3.301435925e-05,6.479179598e-05,0.0001583909775,0.377274329,0.03131396694,0.0016690410399999999,88.20480459999999,56.7535924,2.6814664999999997e-05,7.689782509999999,0.015325236749999999,15.2923507,0.0003934639751,3.5285323399999995e-05,0.027295253400000004,34.0515931,0.0003934639751,3.5285323399999995e-05,0.00594102316,8.43833587,0.0003934639751,3.5285323399999995e-05,0.00202169015,7.85517071,0.0003934639751,3.5285323399999995e-05,0.007192880140000001,9.341092116e-05,0.0001177734627,0.011262206700000004,94.3069784,0.09254959129999998,0.0059949291349999986,0.0007127807250000001,4.557648315e-05,0.00023640537349999997
355,1703127000,0.7442582659999999,0.7442830539999999,-0.0070602124959999995,0.04237519099999996,3.02461733,0.6994328170000002,1.217999669,0.978179862,0.1755593745,0.9878135259999998,2.6303879599999996e-05,2.062775467e-06,3.81865751e-06,7.75914187e-06,1.3541886149999999e-05,2.4927930560000005e-05,4.820358264e-05,0.00011594891122,0.340818157,0.030111231460000006,0.0009804985311,86.67595649999998,57.3055038,2.43821765e-05,7.528912580000001,0.0138641232,12.930292500000002,0.0005575550539999999,5.0367831270000006e-05,0.025568341,30.374907200000006,0.0005575550539999999,5.0367831270000006e-05,0.00613572191,12.37856382,0.0005575550539999999,5.0367831270000006e-05,0.002104148,11.77790047,0.0005575550539999999,5.0367831270000006e-05,0.006693938369999999,7.482799642e-05,9.960344870000001e-05,0.06085188938999999,56.36644755,0.081089454,0.0036627952199999995,-0.000872366385,3.9743981650000005e-05,0.00019545465030000004
355,1703127600,0.8041277339999999,0.804152688,-0.019413134891,0.8119609893999999,3.42610459,0.70163477,1.39875519,0.9211030969999999,0.238084995,1.1727400759999997,2.7342969800000004e-05,3.1602619e-06,5.224685229999999e-06,9.94517807e-06,1.79574999e-05,3.23064448e-05,6.644270760000001e-05,0.0001549590717,0.34928985100000004,0.0510542539,0.0014244327389999999,92.37302150000001,62.4939832,2.6155830550000004e-05,7.834758450000001,0.01465876415,15.492293560000002,0.0005457803269999999,4.919347620000001e-05,0.0253456913,31.770350099999995,0.0005457803269999999,4.919347620000001e-05,0.00615378583,11.860059119999999,0.0005457803269999999,4.919347620000001e-05,0.00218865808,11.343529290000001,0.0005457803269999999,4.919347620000001e-05,0.007412589969999999,9.23306282e-05,0.00011730494560000001,-0.031790487170000006,20.2369361,0.08541894950000002,0.007323573830000001,0.001103835679,4.47475796e-05,0.000219325237
355,1703128200,0.525277951,0.525303063,-0.0473336879,0.601381826,2.4954762,0.577415841,1.041706799,0.789511587,0.1500329542,0.7203688649999999,2.6542051999999997e-05,1.4141557239999998e-06,1.9623239554e-06,3.5978179139999992e-06,6.504684889e-06,1.1738203034999998e-05,3.1298400804e-05,5.425017515e-05,0.235901274,0.025602604079999997,0.001022769981,84.80097210000001,57.99589519999999,1.72163598e-05,7.17899803,0.011310917549999999,7.9692628,0.0013998418039,0.00012794904077,0.0209650817,20.938339199999998,0.0013998418039,0.00012794904077,0.006319087949999999,23.68856127,0.0013998418039,0.00012794904077,0.00203027237,23.593964380000003,0.0013998418039,0.00012794904077,0.005866988399999999,2.871617636e-05,5.382639999999999e-05,-0.2679425462,46.92298127,0.04822887830000001,0.0009946843999999997,-0.0015081845100000002,1.7444107729999998e-05,0.00011518486490000001
355,1703128800,0.4273050540000001,0.42733032800000004,-0.10705822559999997,-1.2723142299999999,1.1895363099999998,0.5679952690000001,0.936553584,0.859601228,0.029228158900000002,0.23908386099999998,2.6015585900000002e-05,6.844846300000001e-07,6.739047621e-07,8.462139540000001e-07,1.32908166e-06,1.625449319e-06,2.6985548360000004e-06,6.03958948e-06,0.21162154100000002,0.0014015682200000002,0.000614758555,68.0818146,50.846646199999995,1.4214516149999999e-05,6.122173650000001,0.010246095149999999,4.56982206,0.00047613289499999993,4.2713284199999996e-05,0.0211588078,18.6079626,0.00047613289499999993,4.2713284199999996e-05,0.0061379037800000005,9.72109074,0.00047613289499999993,4.2713284199999996e-05,0.00169713781,9.146688070000002,0.00047613289499999993,4.2713284199999996e-05,0.0050637382,1.8212715199999996e-06,2.71495248e-05,-0.23441853519999997,31.784923300000003,0.0112170834,-0.0032722216800000004,-0.0037927036599999997,1.5973031400000003e-06,1.7456969399999997e-05
355,1703129400,0.380601991,0.380627305,-0.05742114859999999,-1.0598273199999997,1.43948143,0.5367269290000001,0.84298822,0.772748597,0.042770583900000006,0.289512534,2.6199439300000003e-05,1.002307877e-06,1.3768143669999998e-06,2.2429804920000003e-06,3.8086512e-06,5.772053240000001e-06,1.088469485e-05,2.350545165e-05,0.18597249,0.0034647564600000006,0.0008141268930000001,78.94289760000001,52.2188072,1.25910668e-05,7.2399968999999995,0.0099677599,4.848419389999999,0.00030681153420000003,2.735101396e-05,0.019532820700000002,16.332250700000003,0.00030681153420000003,2.735101396e-05,0.00586902468,7.01026976,0.00030681153420000003,2.735101396e-05,0.001478883087,6.36075666,0.00030681153420000003,2.735101396e-05,0.005530748660000001,1.503262958e-05,4.03771189e-05,0.29840435774999996,112.49068975,0.0347783195,-0.00088323786,-0.002848993841,1.16361235e-05,8.6266412e-05
355,1703130000,0.303729755,0.30375522899999996,0.03120446999,0.08023107999999994,1.9944608660000003,0.444161581,0.786436514,0.594805655,0.06728420594,0.4160413245,2.66216014e-05,8.728499170000001e-07,2.0448877455e-06,4.4789796195e-06,8.271535844e-06,1.6478213109999998e-05,3.336092133999999e-05,8.012790937e-05,0.13245937950000003,0.01787352549,0.001384907468,83.1669871,58.342319999999994,9.841270289999998e-06,7.318901169999999,0.00960763614,7.07318088,0.0001679066228,1.5629944829999997e-05,0.0159347567,11.94090817,0.0001679066228,1.5629944829999997e-05,0.005651123199999998,4.000967149999999,0.0001679066228,1.5629944829999997e-05,0.0012489598999999999,3.25380636,0.0001679066228,1.5629944829999997e-05,0.006332270120000001,5.205786957e-05,7.750584889999999e-05,0.2029979363,139.54734509999997,0.05964706129999999,0.001825298857,-0.0015684449899999997,2.8397305709999998e-05,0.00015461031260000002
355,1703130600,0.301760111,0.30178542999999997,0.05915129441,0.410479436,1.8233056739999998,0.453056542,0.671345475,0.603543425,0.0734978763,0.36414624300000004,2.5860246099999998e-05,8.736436930000001e-07,1.467455879e-06,2.796120395e-06,5.466777641999999e-06,1.0049190374e-05,2.0636768759999998e-05,5.0050110170000005e-05,0.1339825535,0.01564803326,0.001157551358,85.5470375,58.8251044,9.84752923e-06,7.454485870000001,0.008930638559999999,5.204929420000001,0.0001162466085,9.892146445e-06,0.01613846555,11.93605093,0.0001162466085,9.892146445e-06,0.0055969906600000004,3.560987316,0.0001162466085,9.892146445e-06,0.001172125206,2.834251763,0.0001162466085,9.892146445e-06,0.00585110336,2.9290754580000005e-05,5.466457869999999e-05,-0.2254913271,104.96800240000002,0.048403070050000004,-0.00038173209999999984,-0.0030863426100000003,1.993064156e-05,0.00011084659059999999
355,1703131200,0.43814748400000003,0.438172913,0.062827724665,0.08264520499999999,2.225805432,0.526382725,0.970042107,0.736409978,0.0971069581,0.5460385999999999,2.5905825299999995e-05,1.139042357e-06,2.6760896514e-06,5.4203473774e-06,1.0168838949999997e-05,1.8307855760000002e-05,3.9322573373e-05,9.339969699e-05,0.18840727599999998,0.0290181891,0.001476928597,83.8608819,58.913147,1.421193555e-05,7.23896761,0.0112538002,9.187229929999999,0.0002545444405000001,2.245645032e-05,0.0189821388,16.9872434,0.0002545444405000001,2.245645032e-05,0.005839900219999999,6.079508389999999,0.0002545444405000001,2.245645032e-05,0.0016022627600000001,5.3885380099999995,0.0002545444405000001,2.245645032e-05,0.006473790090000001,5.9532164360000015e-05,8.494499079999999e-05,-0.14399720370000002,62.33725069999999,0.060627050550000006,0.0017376673199999998,-0.0010740133199999998,3.059883142000001e-05,0.00016838178989999998
355,1703131800,0.201954622,0.20197985499999999,0.11894031969999999,-1.5528841,0.8105122510000001,0.410566967,0.6410445800000002,0.604105935,0.00736001576,0.0984580619,2.55539571e-05,3.4790300149999997e-07,3.812797299e-07,4.935288161e-07,7.1176357e-07,9.095301479999998e-07,1.489663256e-06,3.32551773e-06,0.0989568984,0.0012628891799999996,0.000749489532,70.6957125,51.69735910000001,6.71849169e-06,6.153661359999999,0.00718011325,2.2184941,9.983269970000001e-05,8.473330937e-06,0.014505208649999999,8.67938995,9.983269970000001e-05,8.473330937e-06,0.0055145179600000005,3.1471797100000005,9.983269970000001e-05,8.473330937e-06,0.0009273020260000001,2.4264433910000003,9.983269970000001e-05,8.473330937e-06,0.005050463160000001,1.73789869e-06,2.6941312599999995e-05,-0.11895114500000001,166.7071196,0.02275478945,-0.00377174778,-0.00408216093,2.31782747e-06,2.5318048599999998e-05
355,1703132400,0.20839656300000003,0.20842177199999998,0.029771174010000002,-1.5267750999999998,0.836875534,0.415053685,0.6260816100000001,0.5844178450000002,0.01108089503,0.11093447240000001,2.54493149e-05,2.860723361e-07,2.84386296e-07,3.998778550000001e-07,6.44057063e-07,9.348333149999998e-07,1.61603885e-06,3.902394760000001e-06,0.10156787010000001,0.00198774679,0.0006343330619999999,73.2763502,52.3350257,6.92623823e-06,6.36348337,0.00732305676,2.27300203,0.00017222745189999998,1.5018577472999999e-05,0.0146050191,8.87083807,0.00017222745189999998,1.5018577472999999e-05,0.005634579880000001,4.26628082,0.00017222745189999998,1.5018577472999999e-05,0.0010605025140000002,3.5635641199999997,0.00017222745189999998,1.5018577472999999e-05,0.00505493256,1.5512182100000003e-06,2.6796146199999998e-05,-0.4888798445000001,73.9526189,0.015329095349999999,-0.00366321999,-0.0040423839900000005,1.4802450960000001e-06,1.9115615700000003e-05
355,1703133000,0.21360954899999998,0.213635024,0.033432722799999995,-1.5543357899999999,0.834325471,0.42278325799999994,0.623044023,0.5717799419999999,0.01597876434,0.1272556339,2.57177181e-05,2.7034060949999996e-07,2.8272200820000005e-07,3.52577256e-07,5.9438913e-07,8.471462519999999e-07,1.589235367e-06,3.88987324e-06,0.1041904236,0.0020397625199999997,0.00056648781,72.45579560000002,52.2807465,7.101270369999999e-06,6.363530809999999,0.007473685670000001,2.3247247300000002,0.00012652413595,1.085600021e-05,0.014799568999999999,9.15761835,0.00012652413595,1.085600021e-05,0.00561649118,3.56555161,0.00012652413595,1.085600021e-05,0.0010231604759999998,2.831760507,0.00012652413595,1.085600021e-05,0.00507640329,1.46653962e-06,2.6960269999999998e-05,-0.22004301649999997,47.4957816,0.012674973930000003,-0.00365338861,-0.004038280680000001,1.41372859e-06,1.8226299699999997e-05
355,1703133600,0.20705401499999998,0.207079595,0.0212724599,-1.4967860100000001,0.8186874810000001,0.40820136700000004,0.6210189719999999,0.578980171,0.01372257537,0.11939917920000001,2.60204446e-05,4.92611403e-07,5.272701162e-07,6.380312595e-07,9.207461099999999e-07,1.247610573e-06,2.029529839e-06,4.3401191499999995e-06,0.10135439620000002,0.0015967313399999998,0.00056522373,70.158033,51.972758799999994,6.881678340000001e-06,6.3472130799999995,0.0072241548,2.24377289,9.53589199e-05,8.00483171e-06,0.0145336571,8.930724029999999,9.53589199e-05,8.00483171e-06,0.005530862530000001,2.95041845,9.53589199e-05,8.00483171e-06,0.000905950488,2.195426989,9.53589199e-05,8.00483171e-06,0.00507439731,1.2068711140000003e-06,2.6730117199999996e-05,-0.3206497131,125.47060250000001,0.017343402850000002,-0.0038511794100000002,-0.00415604482,1.5571808900000002e-06,2.0146432599999998e-05
355,1703134200,0.17940440499999996,0.179430009,0.1062122214,-1.52811568,0.851463477,0.385782954,0.6120561830000002,0.558729555,0.00972371878,0.10595867849999999,2.59782071e-05,3.838441457e-07,4.0914094550000006e-07,5.144840486e-07,7.435865910000001e-07,1.022820741e-06,1.670763431e-06,3.6420816e-06,0.0874786144,0.0015634090600000002,0.0006513781140000001,71.50340309999999,52.1954196,5.96185722e-06,6.32636527,0.006753935380000001,1.9655913100000002,0.00016739391569999999,1.4612727009000003e-05,0.01360947475,7.682914599999998,0.00016739391569999999,1.4612727009000003e-05,0.0055832960699999995,3.7309229299999997,0.00016739391569999999,1.4612727009000003e-05,0.000932924083,3.0154459673000003,0.00016739391569999999,1.4612727009000003e-05,0.005087167700000001,1.3941459079999998e-06,2.7034482099999996e-05,-0.9515108489999997,211.69312380000002,0.02212633386,-0.0038937315400000005,-0.00418315549,2.769438094e-06,3.34218869e-05
355,1703134800,0.308988613,0.309014134,0.1316467166,-0.9198733158000001,1.733452898,0.4644792669999999,0.829637845,0.66767038,0.05121234109,0.29196011310000003,2.59001577e-05,8.79199211e-07,1.8477046420000002e-06,3.662027628e-06,7.299731931000001e-06,1.2783673877e-05,2.577867864e-05,6.666698441e-05,0.14094636659999998,0.012272442990000002,0.0011561348520000001,79.7363975,55.628637100000006,1.010447036e-05,7.10611022,0.009424795239999999,6.18981308,0.0002577373493,2.294710452e-05,0.016325914900000002,12.67619912,0.0002577373493,2.294710452e-05,0.00573465699,5.486029220000001,0.0002577373493,2.294710452e-05,0.00137419771,4.841552200200001,0.0002577373493,2.294710452e-05,0.00632803924,4.240355421099999e-05,6.79577837e-05,-0.19339513260000002,94.17565948000001,0.0508562982,0.0020973497399999997,-0.0008770244800000002,1.824691096e-05,0.0001139925224
355,1703135400,0.360037593,0.36006289700000005,0.1089270263,-0.2181540846,2.1262773700000004,0.497417802,0.929315858,0.690696075,0.08412792870000001,0.4276250794,2.5860909299999998e-05,1.107190411e-06,2.353302898e-06,4.538772662e-06,8.796237615e-06,1.5184179040000001e-05,2.9830563310000002e-05,7.457196669e-05,0.16201143150000002,0.01667815929,0.0011921186439999999,88.4810931,58.17967739999999,1.1746112169999999e-05,7.702577069999999,0.010267516309999999,7.38427927,0.0004729710022999999,4.253223344e-05,0.01760943985,14.7124201,0.0004729710022999999,4.253223344e-05,0.0059229428,9.63112529,0.0004729710022999999,4.253223344e-05,0.001660292835,9.11487065,0.0004729710022999999,4.253223344e-05,0.006484124540000001,4.916885408e-05,7.444782070000001e-05,-0.208147598,62.01827013,0.0676046362,0.0030901910999999995,-0.0006582049345000003,2.662462779e-05,0.0001718228514
355,1703136000,0.25291304699999995,0.252938432,0.056436461169999994,-0.858882721,1.1570227980000003,0.428426095,0.6927211219999999,0.6181688780000001,0.04964906664,0.2329385062,2.5865034299999995e-05,7.09739134e-07,9.89385965e-07,1.9256595460000005e-06,2.9285309690000004e-06,9.915357978e-06,2.1705047150000002e-05,2.6432527289999994e-05,0.12144619279999998,0.004493452480000001,0.0004517310365,74.9044054,53.579663399999994,8.34992677e-06,6.902017409999999,0.008003736879999999,4.08333241,0.00010582230329999999,8.961391576000001e-06,0.015344494049999999,10.80268714,0.00010582230329999999,8.961391576000001e-06,0.00563573173,4.0583197900000005,0.00010582230329999999,8.961391576000001e-06,0.00110291539,3.2820096100000002,0.00010582230329999999,8.961391576000001e-06,0.005472142940000001,1.9647074850999998e-05,4.50376125e-05,-0.16030184330000002,57.24841510000001,0.03721283735,-0.0021253741399999996,-0.00357878166,2.2244917680000003e-05,0.00013312536830000003
355,1703136600,0.333378893,0.333404299,-0.001767608422,-1.5099150000000001,1.0614699099999998,0.525857457,0.783211422,0.7215220170000001,0.021311469280000002,0.207213526,2.6077836e-05,7.76019828e-07,8.196820791e-07,1.375871775e-06,1.5363971390000001e-06,2.7206185639999994e-06,7.06701583e-06,8.18631608e-06,0.164809925,0.0018141928599999997,4.2079051699999995e-05,67.4912295,51.127097500000005,1.107801005e-05,6.409270449999999,0.009232854950000001,3.66767852,0.0004550357376000001,4.086662714e-05,0.018682833599999997,14.514884599999998,0.0004550357376000001,4.086662714e-05,0.00594442305,8.54244561,0.0004550357376000001,4.086662714e-05,0.0014362973500000001,7.993092205000001,0.0004550357376000001,4.086662714e-05,0.00508799461,3.6430093800000002e-06,2.9079398e-05,0.1468979353,64.69088799,0.02493120435,-0.00309219161,-0.00362673894,6.0905520399999994e-06,6.453260350000001e-05
355,1703137200,0.309879507,0.309905038,-8.757462800000001e-05,-1.5667944100000002,0.971917175,0.508556292,0.736147469,0.704083998,0.011658641109999998,0.175877052,2.5976346099999998e-05,5.29349433e-07,5.627904318e-07,9.735305134e-07,1.16530863e-06,1.7145238860000003e-06,5.70561835e-06,6.09456368e-06,0.153424747,0.00146553293,3.21395809e-05,68.032165,50.99698969999999,1.02993895e-05,6.24291626,0.0088740335,3.3489812399999996,0.000385464187,3.44476604e-05,0.018056328700000002,13.4456217,0.000385464187,3.44476604e-05,0.0059270398399999995,7.732414010000001,0.000385464187,3.44476604e-05,0.00140123598,7.134867220000001,0.000385464187,3.44476604e-05,0.00507375833,2.77409285e-06,2.8242728599999996e-05,-0.18076074376000004,148.41204219000002,0.025967409799999997,-0.00318029981,-0.00368310995,4.2453388360000005e-06,4.8881243750000004e-05
355,1703137800,0.33832853999999996,0.33835415199999996,-0.0001833737820000001,-0.8280377395,1.6071490449999999,0.49571337400000004,0.8310628750000001,0.7537730170000001,0.0406615636,0.26276521399999997,2.6137180800000003e-05,7.1557798e-07,1.0912616780000002e-06,1.947896815e-06,3.104267184e-06,5.17725378e-06,1.004136674e-05,2.3989486529999997e-05,0.16348456900000002,0.005490164609,0.00014286780449999998,77.493589,52.979083,1.1189573940000002e-05,7.1965791700000015,0.00931155186,4.46804571,0.00024798034665000007,2.1880671162999998e-05,0.0184123651,14.451023150000001,0.00024798034665000007,2.1880671162999998e-05,0.00592959198,6.41451874,0.00024798034665000007,2.1880671162999998e-05,0.0014576963799999999,5.651297319999999,0.00024798034665000007,2.1880671162999998e-05,0.00540610224,1.4344779580000001e-05,4.00459428e-05,-0.18033444579999997,249.46674620000005,0.0682614644,-0.0023282309088,-0.0035258828599999993,1.976611069e-05,0.0001761907221
355,1703138400,0.455863803,0.45588964,-0.00355823257,-0.639593886,2.0045862,0.568098709,1.0098683620000002,0.8118622739999999,0.063118589,0.38422050599999996,2.68096434e-05,1.4902034980000001e-06,2.5639628100000003e-06,4.564167532999999e-06,7.14611842e-06,1.2781246709999999e-05,2.487707337e-05,6.111898103e-05,0.213265604,0.014140813357999998,0.00040986952369999997,80.567352,55.1939887,1.4973832e-05,7.346276200000001,0.01129319065,7.4294224799999995,0.000328857035,2.917458e-05,0.020889787,19.0523588,0.000328857035,2.917458e-05,0.006018991960000001,7.20539442,0.000328857035,2.917458e-05,0.0017171937199999998,6.55849228,0.000328857035,2.917458e-05,0.0061708743,3.839830147e-05,6.42312942e-05,-0.33600752860000005,148.94911329999996,0.06877064375,0.00159124397,-0.00131819448907,2.324553378e-05,0.00019069085
355,1703139000,0.334735697,0.33476145199999996,0.00021053092860000001,-0.8542218332000001,1.3524413120000003,0.487385439,0.8332754450000002,0.731309823,0.0389925628,0.238569458,2.6397452100000003e-05,9.78843607e-07,1.544331585e-06,2.6306536189999996e-06,4.511344193000001e-06,7.115286405000001e-06,1.4393559479999998e-05,3.0538179149999995e-05,0.1599938506,0.007073219986,0.0002380787024,73.09067680000001,53.2492843,1.104036673e-05,6.89776073,0.00938637467,4.84178443,0.00013962488520000003,1.198725921e-05,0.0181514653,14.23188763,0.00013962488520000003,1.198725921e-05,0.00574267035,4.3234943900000005,0.00013962488520000003,1.198725921e-05,0.00130786884,3.606273057,0.00013962488520000003,1.198725921e-05,0.005648869480000001,2.0710510190000002e-05,4.6480594200000004e-05,0.0698068107,58.11467640000001,0.03643602619999999,-0.0008163612899999999,-0.00297729665,1.1959263380000001e-05,7.264750330000001e-05
355,1703139600,0.32480134200000005,0.324827289,0.002076985526,-1.1913765914,1.089483242,0.49688005099999993,0.839688121,0.786436509,0.0178816726,0.23003086499999997,2.65180134e-05,7.093837359999999e-07,8.0404054e-07,1.254159607e-06,1.7388660209999999e-06,2.429221994e-06,4.860674644000001e-06,9.42004606e-06,0.16085882099999999,0.00148445114,3.55008403e-05,66.20751379999999,50.953009699999996,1.07945822e-05,6.34127769,0.00892552705,3.74538291,0.0002852929652,2.5290915930000007e-05,0.0184858554,14.175929700000001,0.0002852929652,2.5290915930000007e-05,0.0059440662000000005,6.3977150400000005,0.0002852929652,2.5290915930000007e-05,0.0013935844099999999,5.676875495,0.0002852929652,2.5290915930000007e-05,0.005148518239999999,5.429261770000001e-06,3.13725384e-05,-0.35361833010000004,144.9931118,0.0386085543,-0.00337487462,-0.0038289635600000003,1.6293371420000002e-05,0.000175133179
355,1703140200,0.426200138,0.4262257120000001,0.0008375126929999999,-0.7241293485,1.8475689549999998,0.5494513719999999,0.9599918159999999,0.764385827,0.08497387937,0.47932228809999994,2.6071133299999997e-05,1.012860611e-06,2.172681788e-06,5.3858442e-06,8.424716673e-06,1.6153176176000003e-05,4.1075337059999996e-05,7.797085157e-05,0.1976874,0.014721510570000002,0.0005382975627000001,83.211799,55.9148196,1.3944947379999998e-05,7.414780470000001,0.011255303009999999,8.33001037,0.00047347284360000003,4.276096381000001e-05,0.0193708066,17.649982950000002,0.00047347284360000003,4.276096381000001e-05,0.005931271030000001,9.36025945,0.00047347284360000003,4.276096381000001e-05,0.0016638783249999997,8.799138475,0.00047347284360000003,4.276096381000001e-05,0.0066305175000000004,5.3571600580000004e-05,7.91683432e-05,-0.0547347006,40.63106778,0.0693024441,0.004249611710000001,0.00021427606999999994,2.911799008e-05,0.00021078981440000004
355,1703140800,0.374729636,0.37475545,-0.0012613633011000001,-0.77310925,2.0597128799999997,0.536709941,0.839988147,0.71687188,0.0764240154,0.43344634200000004,2.7034294999999996e-05,8.876809379999999e-07,1.621615549e-06,3.7331557300000002e-06,5.803060365e-06,9.23435732e-06,2.6721713800000004e-05,4.34579514e-05,0.175967918,0.01096181257,0.0003420547596,86.02483300000002,55.773259200000005,1.2321741399999998e-05,7.54822985,0.0103758981,6.05159241,0.0002113306154,1.935393916e-05,0.0188520005,15.659784400000001,0.0002113306154,1.935393916e-05,0.005795035049999999,5.084978699999999,0.0002113306154,1.935393916e-05,0.001364644595,4.343918421,0.0002113306154,1.935393916e-05,0.00592529061,3.250284009e-05,5.8221731700000005e-05,6.455950000000405e-05,93.65794299999999,0.0730213993,0.000765822309,-0.0019290347779999995,2.2134534520000004e-05,0.00013379719799999997
355,1703141400,0.45888636799999993,0.458912162,-0.00453356909,-0.7428900226999999,2.13130261,0.577310534,1.012455882,0.8407756840000001,0.062587266,0.400212718,2.64299491e-05,1.044391781e-06,1.806793616e-06,3.85130349e-06,6.527290020000002e-06,1.108185247e-05,2.433158973e-05,5.6511701429999995e-05,0.21663841499999997,0.01230350119,0.0003952848032,84.97550000000001,54.8172463,1.5100276649999998e-05,7.43557972,0.0113982027,7.49367577,0.000319072203,2.8443610030000003e-05,0.021168451900000003,19.40457,0.000319072203,2.8443610030000003e-05,0.005963947450000001,7.67839109,0.000319072203,2.8443610030000003e-05,0.00162621842,7.009153766,0.000319072203,2.8443610030000003e-05,0.006009366479999999,3.446896916e-05,6.024106220000001e-05,-0.04763887409999999,115.17710670000001,0.07711300889999999,0.0005880761150000002,-0.00180043964,2.6492570919999993e-05,0.00021259873289999998
355,1703142000,0.365154216,0.36517999600000006,-0.003596333139999999,-0.591806034,1.823605674,0.504915137,0.873739183,0.7445852239999999,0.0567420625,0.362607665,2.65101141e-05,1.3679119e-06,3.75614482e-06,6.29548144e-06,7.680025830000002e-06,1.152281329e-05,2.298219335e-05,6.37534368e-05,0.1714843044,0.01053049072,0.0004440595145,80.3042555,54.802770900000006,1.198377385e-05,7.466361979999999,0.010518345250000002,6.37095877,0.0017839395817000002,0.00016290611765999998,0.018820777999999996,15.646001100000001,0.0017839395817000002,0.00016290611765999998,0.006452080090000001,30.785391249999996,0.0017839395817000002,0.00016290611765999998,0.002259205325,30.832864586,0.0017839395817000002,0.00016290611765999998,0.006472168070000001,4.4872984599999995e-05,7.06359406e-05,0.046201447576999996,14.90239133,0.0505639311,0.00424033587,-0.0003355964700000001,1.933494099e-05,9.97269991e-05
355,1703142600,0.24798292799999996,0.24800879899999995,0.002604198293,-1.429093936,1.0274188819999999,0.4565733229999999,0.654094952,0.619106396,0.02123781025,0.2382897374,2.6874008000000002e-05,1.135061693e-06,2.339540097e-06,3.89373648e-06,2.439601648e-06,2.800226429e-06,7.77798664e-06,2.0885709339999998e-05,0.12224438900000001,0.0016203701700000003,8.438377430000001e-05,67.8576108,51.341944999999996,8.23715087e-06,6.661377400000001,0.00852507885,3.5658826600000006,0.0002599564857,2.3190925040000003e-05,0.0161817114,10.99611005,0.0002599564857,2.3190925040000003e-05,0.0058447407800000005,5.84201835,0.0002599564857,2.3190925040000003e-05,0.0014698595539999997,5.155142078,0.0002599564857,2.3190925040000003e-05,0.005699931050000001,1.9473623429999998e-05,4.5368532100000004e-05,-0.09823627580000001,48.3174989,0.038126418,0.00110123333,-0.0013376498020000003,1.0399515839999999e-05,9.19254103e-05
355,1703143200,0.40434810699999996,0.404373881,-0.004950323389999999,-1.2025018570000001,1.628674672,0.553622911,0.8713390990000001,0.802712004,0.054739827,0.4395226646000001,2.61120406e-05,5.59865429e-07,9.00575479e-07,1.925052226e-06,2.88061441e-06,4.50086763e-06,1.895555338e-05,2.2574743999999996e-05,0.1969995685,0.00485312994,0.00026847508630000003,75.4032756,52.091747299999994,1.339141127e-05,6.757031809999999,0.0104073451,5.4143482700000005,0.0002230105494,1.9543497249999998e-05,0.0200080336,17.5612224,0.0002230105494,1.9543497249999998e-05,0.0059088084999999995,5.95821895,0.0002230105494,1.9543497249999998e-05,0.00143369435,5.223017523,0.0002230105494,1.9543497249999998e-05,0.00542390951,1.41996534e-05,3.9924850700000006e-05,-0.8967968920899997,92.53021498999999,0.037954004799999996,-0.001627607394,-0.002894324294,1.058473481e-05,7.46945963e-05
355,1703143800,0.5003288269999999,0.5003545920000001,-0.05421712160000001,-1.10791702,1.81243032,0.610179653,1.0077682870000002,0.9086902499999999,0.07118118680000002,0.43784549500000003,2.6518319700000003e-05,1.075445694e-06,1.5743652700000003e-06,3.1911286030000003e-06,4.165995925e-06,6.83089485e-06,2.39315124e-05,2.8658806809999996e-05,0.24293964700000004,0.006525629789999999,0.000628797592,78.1727654,52.566005700000005,1.65636951e-05,7.12099431,0.0116748559,7.022164940000001,0.0003800955910000001,3.3943417923999996e-05,0.0224895441,21.600892899999998,0.0003800955910000001,3.3943417923999996e-05,0.006074185509999999,8.782486679999998,0.0003800955910000001,3.3943417923999996e-05,0.00167619195,8.127683504,0.0003800955910000001,3.3943417923999996e-05,0.00554804663,2.0311563670000004e-05,4.6103733900000005e-05,-0.014350316389999996,193.79034302999997,0.06842253175,-0.0009341318399999999,-0.00270068795,2.144776551e-05,0.0001787152436
355,1703144400,0.280011618,0.28003756599999996,-0.0255616584,-0.8238388240000001,1.5633102509999999,0.44649478600000003,0.7523854670000001,0.6248065649999999,0.0530626578,0.31624231150000004,2.6359943000000002e-05,8.45558836e-07,1.6966137984e-06,3.202084595e-06,5.632570616e-06,1.0188387363000001e-05,2.2723178193999997e-05,5.652726704e-05,0.1251615565,0.01378205427,0.0009607471410000001,82.91878420000002,57.476840100000004,9.148730380000002e-06,7.31100721,0.00907470628,5.537328390000001,0.00023252599169999998,2.0389345579999998e-05,0.015592857999999998,11.28467703,0.00023252599169999998,2.0389345579999998e-05,0.00580932209,5.49705961,0.00023252599169999998,2.0389345579999998e-05,0.001349086974,4.815283121,0.00023252599169999998,2.0389345579999998e-05,0.00602371202,3.239036735e-05,5.8311477200000006e-05,-0.02290738756,29.431292860000003,0.0384701015,0.0006795272500000002,-0.0019276715099999999,1.552399145e-05,8.57897116e-05
355,1703145000,0.5438167349999999,0.543842591,-0.02479200117,-1.1504780399999999,1.9911233200000003,0.639740178,1.0283938990000001,0.911615322,0.08447259945,0.561617016,2.71555787e-05,1.999835934e-06,2.8176648069999996e-06,4.91558689e-06,8.957188560000002e-06,1.4657525976e-05,2.9820224520000003e-05,7.236276433e-05,0.254857493,0.01589976771,0.001013994927,81.03532870000001,54.7135845,1.78773097e-05,7.375285960000001,0.01251071875,8.86953124,0.0004171276765,3.7364069610000005e-05,0.0226539223,22.8890242,0.0004171276765,3.7364069610000005e-05,0.0060804917,9.06909204,0.0004171276765,3.7364069610000005e-05,0.0017857466699999999,8.45975723,0.0004171276765,3.7364069610000005e-05,0.00616571998,4.0962863159999996e-05,6.682758929999998e-05,-0.4300975789999999,69.360316,0.0670114093,0.0015457265540000005,-0.00137290557,2.3866964599999998e-05,0.0001931853878
355,1703145600,0.6610112380000001,0.661037396,-0.0628184034,-1.18813169,2.0215742,0.706241636,1.1551852500000002,1.018268577,0.08863351900000001,0.586825296,2.78095698e-05,2.185653387e-06,3.0096547490000002e-06,5.114584425000001e-06,8.344026319999999e-06,1.403074015e-05,2.7882706480000005e-05,7.0172613e-05,0.31350077700000006,0.015929268330000003,0.0009431108659999999,81.13362070000001,54.3144381,2.17780197e-05,7.264716900000001,0.013686752149999998,9.80111518,0.0008089040869999999,7.319470020000001e-05,0.0254585589,27.9274067,0.0008089040869999999,7.319470020000001e-05,0.0062936877700000005,15.465417539999999,0.0008089040869999999,7.319470020000001e-05,0.0020215933599999998,15.076012790000002,0.0008089040869999999,7.319470020000001e-05,0.0060509647399999995,3.3322199640000004e-05,5.943430700000001e-05,-0.16697261240000003,58.416262700000004,0.0621596052,0.0013588460530000001,-0.0014824356300000001,1.937171492e-05,0.0001361685201
355,1703146200,1.0719473579999999,1.071973079,-0.03211731987,0.20389739499999998,3.4848314,0.843511526,1.391292445,1.189836298,0.3077511331,1.9800711020000001,2.6722778799999997e-05,1.795027216e-06,2.741612472e-06,6.1778473e-06,1.017559999e-05,1.846721044e-05,5.026599179999999e-05,0.0001399738209,0.5220555649999999,0.01273608047,0.0009513244609999999,73.5404043,52.54310790000001,3.54143439e-05,7.155804809999999,0.0169977564,17.64219536,0.00029513048919999996,2.6163581209999996e-05,0.030555656500000007,46.7119061,0.00029513048919999996,2.6163581209999996e-05,0.0062898317999999995,10.94593555,0.00029513048919999996,2.6163581209999996e-05,0.0022074413900000003,10.14527997,0.00029513048919999996,2.6163581209999996e-05,0.006230167109999999,5.3715333339999995e-05,7.94595149e-05,0.4144510376,306.258761424,0.140862687,0.00244926442,8.191514999999997e-05,9.441569626e-05,0.0009802137592999998
355,1703146800,0.44888479800000003,0.448910354,-0.025093415629999997,-0.9474753359999999,1.9802104760000003,0.561660964,0.8931647729999999,0.774848647,0.0850163335,0.5221294136000001,2.63149113e-05,1.1804825214e-06,1.8807501355999997e-06,3.4973413054000005e-06,6.292969926000001e-06,1.0382909842000001e-05,2.1632287862999997e-05,6.015030327e-05,0.20942733000000002,0.01393186985,0.0009772341280000001,81.415618,55.2205815,1.477658359e-05,7.25241709,0.010989305369999999,7.40358366,0.0005782414519999999,5.20809782e-05,0.0197540382,18.7394546,0.0005782414519999999,5.20809782e-05,0.0060726908400000005,10.81828205,0.0005782414519999999,5.20809782e-05,0.0017171463089999998,10.29208399,0.0005782414519999999,5.20809782e-05,0.00582243317,2.817684507e-05,5.37303167e-05,0.01132305490000001,148.3645467,0.0704456836,0.0002888912199999997,-0.0019073931200000002,2.094872175e-05,0.00016355831189999998
355,1703147400,0.39231872599999995,0.392344178,0.0153747337,-1.094023379,1.9913107829999999,0.555676415,0.8324129059999998,0.711134203,0.0692399717,0.42276926699999995,2.6089538299999997e-05,8.63797285e-07,1.713753298e-06,3.500344985e-06,6.0910564e-06,1.02262961e-05,2.0088594030000003e-05,4.6304883899999996e-05,0.18419127600000001,0.010872130939999999,0.001006429477,84.92203909999999,55.2099747,1.2897945849999999e-05,7.479401340000001,0.01062950245,6.22708242,0.00030478375480000005,2.7065315539999998e-05,0.0193240987,16.343666199999998,0.00030478375480000005,2.7065315539999998e-05,0.0058309018599999995,6.262298620000001,0.00030478375480000005,2.7065315539999998e-05,0.0015023950500000001,5.6489442,0.00030478375480000005,2.7065315539999998e-05,0.00591762554,3.4698168570000005e-05,6.0111324100000006e-05,-0.25024506660000007,51.0638237,0.059929687200000005,0.00050649528,-0.0023107351299999994,2.3095387329999998e-05,0.00013576244880000003
355,1703148000,0.40881413,0.40883954100000003,0.008718745929,-0.7595472649999999,2.2028547400000003,0.5536207400000001,0.89233975,0.7306723070000001,0.092603759,0.5468292229999999,2.5773710400000004e-05,9.862854730000001e-07,2.0894663599999996e-06,4.67766397e-06,8.53880192e-06,1.41180318e-05,2.87768139e-05,6.84732711e-05,0.185166695,0.01820888745,0.0009033151776,90.6654572,58.3530794,1.337901897e-05,7.805991109999999,0.01100692045,7.41010404,0.0003849093772,3.4577376120000004e-05,0.0191735312,16.8157131,0.0003849093772,3.4577376120000004e-05,0.0058816996,9.354600379999999,0.0003849093772,3.4577376120000004e-05,0.0016192551,8.710111123999999,0.0003849093772,3.4577376120000004e-05,0.00633591824,4.6640272930000005e-05,7.20755152e-05,-0.1421569986,56.14857340000001,0.0697810163,0.00234764223,-0.00128620761,2.62851762e-05,0.00014491350399999998
355,1703148600,0.468995842,0.469021558,0.005366947957,-0.8918574269999999,2.19261687,0.5985937549999999,0.9663669700000002,0.790074124,0.0867921483,0.47884879399999997,2.69155931e-05,1.9480265100000005e-06,3.31462864e-06,6.00249204e-06,9.021609149999999e-06,1.484878395e-05,3.0659721630000004e-05,7.863744045e-05,0.21605413,0.01778773835,0.0005102857238999999,81.2789252,56.503396800000004,1.539869595e-05,7.402777230000001,0.0118463121,8.22336673,0.00028894703775,2.5780308406000005e-05,0.020907326900000002,19.6239974,0.00028894703775,2.5780308406000005e-05,0.005918292,7.63771589,0.00028894703775,2.5780308406000005e-05,0.00167684889,6.866875214000001,0.00028894703775,2.5780308406000005e-05,0.00642536357,4.731714352e-05,7.30234613e-05,0.012594050199999995,181.83398559999998,0.0760635631,0.0029146038799999995,-0.0004054057849999999,2.7316487079999998e-05,0.00019108113639999997
355,1703149200,0.299217457,0.29924319899999996,0.0039354072470000005,-1.2665574269999997,1.3550663699999999,0.49562282599999996,0.68814601,0.6271316569999998,0.043464218799999996,0.276344677,2.6275237400000003e-05,7.436664179999999e-07,1.033089446e-06,1.839226523e-06,2.8302906550000003e-06,4.554816415e-06,8.51355549e-06,1.9147419759999998e-05,0.142755892,0.00667385263,0.00013973682720000002,79.127042,54.062177,9.8912357e-06,6.9878963,0.008976605350000002,3.9545289400000003,0.0001052383822,8.938806348e-06,0.017177656999999995,12.676814400000001,0.0001052383822,8.938806348e-06,0.0057158502,4.965440339999999,0.0001052383822,8.938806348e-06,0.001180862737,4.09754323,0.0001052383822,8.938806348e-06,0.00540874645,1.2543652300000003e-05,3.82642441e-05,0.0872044704,42.192647199999996,0.034438966200000004,-0.0021457826899999996,-0.0034053700200000004,1.006834841e-05,6.231551109999998e-05
355,1703149800,0.25648398499999997,0.256509536,0.00497335822,-1.6255669099999999,0.8489884059999999,0.46346460700000003,0.6603576529999999,0.620981456,0.015261140570000001,0.13456561150000002,2.5988598300000003e-05,4.96280282e-07,5.101475772e-07,7.979775974000001e-07,9.629226780000002e-07,1.255221109e-06,2.479981287e-06,4.712790550000001e-06,0.1258889941,0.00232117234,2.01659042e-05,68.1575095,51.9387777,8.529006179999999e-06,6.24950509,0.00820197246,2.8036676300000005,0.00025222027540000005,2.2366059017000002e-05,0.016288337800000004,11.1753282,0.00025222027540000005,2.2366059017000002e-05,0.00568555677,5.4015434749999995,0.00025222027540000005,2.2366059017000002e-05,0.001100025275,4.717926414,0.00025222027540000005,2.2366059017000002e-05,0.00508535341,1.8198535e-06,2.73355777e-05,0.0521872715,36.7647425,0.0120741799,-0.00340281058,-0.0038345225100000005,1.37674487e-06,1.6722334000000004e-05
355,1703150400,0.504601948,0.504627706,0.00500742477,-1.39279397,1.2614259950000002,0.623724288,1.018193572,0.9450288259999999,0.026798094250000005,0.265039489,2.66200806e-05,7.753383744e-07,8.134628839999999e-07,1.2225233376e-06,1.738443062e-06,2.423532118e-06,4.563166096e-06,9.48164774e-06,0.250472325,0.0017555215700000002,5.12069789e-05,67.1945506,50.8011834,1.6774080700000002e-05,6.414068949999999,0.01113166965,5.3087502099999995,0.000422261805,3.779567442e-05,0.022747215799999998,21.957209900000002,0.000422261805,3.779567442e-05,0.00609172988,9.06963102,0.000422261805,3.779567442e-05,0.00165743938,8.44755998,0.000422261805,3.779567442e-05,0.00511500404,2.61304249e-06,2.83764782e-05,-0.0734373183,37.3904703,0.016382707700000002,-0.00291351862,-0.0035425564400000005,2.44679974e-06,2.6043538099999998e-05
355,1703151000,0.38305386500000005,0.383079636,0.008702966119999999,-1.4390008300000001,1.12135925,0.555744298,0.8893771380000001,0.8165874299999999,0.0203757907,0.202116724,2.6412003699999997e-05,7.36483936e-07,7.555243951e-07,1.0487876210000001e-06,1.39431956e-06,1.8159002359999999e-06,3.40297806e-06,6.5415127699999995e-06,0.189084663,0.00239658964,2.93268588e-05,67.5970698,51.30368489999999,1.2739695799999999e-05,6.238111170000001,0.0100042047,4.15210997,0.000518167111,4.6529257199999994e-05,0.0201121171,16.7771483,0.000518167111,4.6529257199999994e-05,0.00616592574,10.371842840000001,0.000518167111,4.6529257199999994e-05,0.0016356787100000002,9.79417426,0.000518167111,4.6529257199999994e-05,0.00511571994,1.95264344e-06,2.7788966300000003e-05,0.078184524,39.0278536,0.015510839500000002,-0.00328654435,-0.00375453407,1.4110641799999998e-06,1.7264066699999998e-05
355,1703151600,0.375284744,0.37531037599999995,0.006929722279999999,-1.5995103099999999,0.991605264,0.559725316,0.816249906,0.76832346,0.014992170059999999,0.181817452,2.63688905e-05,8.400830855e-07,8.978697434000001e-07,1.2753014910000001e-06,1.65356424e-06,2.275126385e-06,4.2515925499999995e-06,8.33790228e-06,0.18437776099999997,0.0032092172599999997,3.5129114999999996e-05,69.78910210000001,51.77822880000001,1.2475240250000002e-05,6.42048816,0.0099408788,4.0973321799999995,0.0001134035048,9.677120933999999e-06,0.01978153,16.3870467,0.0001134035048,9.677120933999999e-06,0.0057127357,4.88216873,0.0001134035048,9.677120933999999e-06,0.0011845145660000001,4.044557214399999,0.0001134035048,9.677120933999999e-06,0.0051112374,2.221062819999999e-06,2.7906740999999997e-05,-0.0019873012999999996,31.911885099999996,0.0137549896,-0.0032260722000000005,-0.0037034377699999995,1.4716421099999999e-06,1.6687373500000003e-05
355,1703152200,0.437079491,0.43710534,0.0005161224200000002,-1.55566595,1.370404313,0.6047663859999999,0.873401659,0.818124987,0.031012999450000002,0.295561248,2.6589204800000003e-05,8.748279824999999e-07,9.333044274999999e-07,1.426522089e-06,1.9383524890000003e-06,2.9416094100000004e-06,5.331933589999999e-06,3.1940755900000006e-05,0.21416832000000002,0.004257283780000001,6.80255697e-05,68.76719299999999,52.077415099999996,1.4520708450000002e-05,6.53088096,0.0106720783,5.0173896,0.000663487763,5.993669852e-05,0.021198286700000003,18.8411542,0.000663487763,5.993669852e-05,0.00624768544,12.39630022,0.000663487763,5.993669852e-05,0.0018009244500000001,11.874733986999999,0.000663487763,5.993669852e-05,0.0051534938699999994,4.2337666e-06,3.00077606e-05,-0.04255817040000002,128.52590870000003,0.0370842278,-0.00287461009,-0.00343897133,5.351509859999999e-06,6.069343450000001e-05
355,1703152800,0.592729453,0.592755033,-0.004571125638999999,-1.51161785,1.55712255,0.6961621189999999,1.064132503,0.981967476,0.03614837729999999,0.311933199,2.6413205699999998e-05,9.18712087e-07,9.825671735e-07,1.4243666170000002e-06,1.984193227e-06,2.88018351e-06,5.14559438e-06,2.7336880730000002e-05,0.292218492,0.00404595191,5.87532535e-05,68.6594,51.4977572,1.9707743000000002e-05,6.3715582500000005,0.0122566391,6.6425669,0.00038528524849999995,3.438558901e-05,0.024868136300000003,25.871337600000004,0.00038528524849999995,3.438558901e-05,0.00607522374,9.15784554,0.00038528524849999995,3.438558901e-05,0.00171974544,8.47525404,0.00038528524849999995,3.438558901e-05,0.00515664922,4.543466329999999e-06,3.0226354600000003e-05,0.2517573957,98.95753479999999,0.037546323099999994,-0.0027437638899999997,-0.0033474015999999996,4.620188300000001e-06,4.78117498e-05
355,1703153400,0.48573739599999993,0.48576293500000006,-0.001873575387,-1.58937713,1.1752108599999997,0.641452737,0.935991091,0.871151605,0.0268216957,0.26282902999999996,2.6206544500000002e-05,8.076309939999999e-07,8.697105281999999e-07,1.3068469310000002e-06,1.855591624e-06,2.67798887e-06,5.17357281e-06,1.080088692e-05,0.238116567,0.00466687584,6.055035670000001e-05,68.6152284,51.959146499999996,1.61371416e-05,6.44962388,0.011140362400000001,5.26848328,0.00023459791140000003,2.062310246e-05,0.0225752191,21.1193666,0.00023459791140000003,2.062310246e-05,0.00592700242,6.63028513,0.00023459791140000003,2.062310246e-05,0.00149197774,5.873872260000001,0.00023459791140000003,2.062310246e-05,0.005099338510000001,2.51779241e-06,2.80591535e-05,0.043148159199999994,46.504875299999995,0.0186331813,-0.00308209946,-0.00358596988,2.1088178600000004e-06,2.49085634e-05
355,1703154000,0.5634590730000001,0.563484646,-0.002253439336,-1.65565742,1.171348274,0.6945813080000001,0.9757423060000001,0.92972838,0.017765099149999998,0.263192925,2.6750354e-05,1.2341740879999998e-06,1.2655215932e-06,1.6263712420000003e-06,2.167205698e-06,2.7560749280000003e-06,4.795511406e-06,9.44583085e-06,0.27651648000000006,0.0051420460800000005,4.6484638e-05,68.0899901,51.854362200000004,1.8742553700000002e-05,5.9722426,0.012175454500000002,6.15955078,0.0006567784743,5.927343322000001e-05,0.0244469441,24.6792929,0.0006567784743,5.927343322000001e-05,0.006183280789999999,12.716878139999999,0.0006567784743,5.927343322000001e-05,0.0017860634,12.24467266,0.0006567784743,5.927343322000001e-05,0.00509715999,2.60154935e-06,2.81473024e-05,-0.093849031,51.1943636,0.019501933999999995,-0.0029906780199999996,-0.00350636572,2.1989154800000005e-06,2.51056139e-05
355,1703154600,0.47071763899999997,0.470743217,-0.006428510600000001,-1.71497348,1.1393222520000001,0.6410215530000001,0.8516509919999999,0.812499799,0.01681886843,0.23605497999999997,2.5863657000000003e-05,3.48593234e-07,3.2001210299999997e-07,5.67030467e-07,7.915626859999999e-07,1.005471044e-06,2.162711813e-06,4.9969771e-06,0.22610034099999998,0.00919980255,4.81426715e-05,75.6540909,54.06430809999999,1.56624441e-05,6.03014252,0.01114142245,5.14263629,0.00024750956385,2.2121677376999995e-05,0.0219903926,20.096009200000005,0.00024750956385,2.2121677376999995e-05,0.005775784139999999,7.251712980000001,0.00024750956385,2.2121677376999995e-05,0.0013159857920000003,6.556812130999999,0.00024750956385,2.2121677376999995e-05,0.00509216355,2.3291575e-06,2.78652256e-05,0.21573982449999995,53.8801792,0.0170031039,-0.00317147781,-0.0036099669699999996,1.72347926e-06,2.03837468e-05
355,1703155200,0.597922681,0.597948057,-0.01220921166,-1.50660159,1.72591517,0.6998587589999999,1.0483820000000001,0.9837300370000002,0.0246665025,0.34645921899999993,2.6750665200000002e-05,1.5652412139999996e-06,1.6497107090000003e-06,2.365022405e-06,3.051982196e-06,6.167420216999999e-06,7.538454234e-06,2.591574749e-05,0.2892655,0.00955410695,9.19824458e-05,73.1768295,53.437935100000004,1.9860581900000003e-05,6.510692689999999,0.012118091350000002,6.55532201,0.0003948504299,3.5289783359999996e-05,0.024615295699999998,25.3757642,0.0003948504299,3.5289783359999996e-05,0.00605402497,9.197200939999998,0.0003948504299,3.5289783359999996e-05,0.0017256204300000002,8.501203540000002,0.0003948504299,3.5289783359999996e-05,0.00513907313,6.5415289899999995e-06,3.19033693e-05,0.19192411715,126.035043027,0.042132405,-0.0021340641900000003,-0.0028298644029999998,8.933432969999999e-06,0.00010033936310000001
355,1703155800,0.7149004520000001,0.7149259640000001,-0.012861151000000001,-1.3720724899999999,1.53908448,0.753545878,1.2322126399999997,1.1479850299999999,0.026833617400000002,0.36079371299999996,2.6792727699999997e-05,1.5527943050000002e-06,1.7991007599999996e-06,2.3953652800000002e-06,3.0150373260000004e-06,8.810855219999999e-06,8.23148316e-06,5.959397419999999e-05,0.34753563499999995,0.009718444199999999,0.00010939315,70.03447959999998,52.8400484,2.37566932e-05,6.44648842,0.013274476200000001,8.09094288,0.0007322164074,6.619851467999999e-05,0.027056457,30.2671226,0.0007322164074,6.619851467999999e-05,0.0064223113,15.307746649999999,0.0007322164074,6.619851467999999e-05,0.0021798387300000005,14.816389180000005,0.0007322164074,6.619851467999999e-05,0.0052370234399999995,9.7441478e-06,3.5302707799999995e-05,0.028854832559999998,4.800037106,0.018432852599999997,-0.0003000790746,-0.0014755481999999998,2.8951260700000004e-06,2.91618164e-05
355,1703156400,0.566803459,0.566829012,-0.00684010964,-1.57719844,1.30507735,0.6885462500000001,1.01800608,0.9410537400000001,0.023247917,0.288557391,2.59112656e-05,5.07070124e-07,4.397031572e-07,7.42687774e-07,1.090845356e-06,4.31748629e-06,3.8154821700000005e-06,3.20955262e-05,0.27557324800000005,0.00772695499,5.8131432299999986e-05,72.01337310000001,52.8605101,1.88555913e-05,6.0888871899999994,0.01203657545,6.416777229999999,0.0004975019061,4.4728935496000004e-05,0.0241116879,24.184220099999997,0.0004975019061,4.4728935496000004e-05,0.006205333020000001,11.381535260000001,0.0004975019061,4.4728935496000004e-05,0.00183541812,10.766286737,0.0004975019061,4.4728935496000004e-05,0.00512961237,6.190710530000001e-06,3.17863069e-05,-0.0346218197,3.214655485,0.01419742925,-0.0011786209440000001,-0.00212199047,2.03017574e-06,2.26009143e-05
355,1703157000,0.5515854609999999,0.551611208,-0.00559763021,-1.59503511,1.31591516,0.682886594,0.999068015,0.925940754,0.0276450959,0.286921752,2.67317146e-05,1.126674019e-06,1.1946293350000002e-06,1.711309725e-06,2.31041562e-06,6.6380878699999994e-06,6.8160657999999994e-06,5.3464861400000003e-05,0.268682045,0.006947944610000001,8.84999057e-05,68.3261565,52.6264838,1.83253575e-05,6.45753433,0.011964106999999998,6.37134017,0.0004738790463,4.249702619e-05,0.0238101546,23.560000300000002,0.0004738790463,4.249702619e-05,0.006119089699999999,10.339133030000001,0.0004738790463,4.249702619e-05,0.0017554387800000001,9.73422647,0.0004738790463,4.249702619e-05,0.0051453149,6.47706433e-06,3.2098293e-05,0.038706021150000006,4.39632382,0.0157836791,-0.0011281806659999998,-0.00208013074,1.9115122399999998e-06,2.05602062e-05
355,1703157600,0.547952127,0.547977546,-0.00918078547,-1.3162611600000003,1.5411095700000002,0.6536121469999999,1.0818330299999999,0.9854175709999999,0.036261792,0.300955533,2.6292442900000002e-05,1.025932075e-06,1.0602291016e-06,1.4333796360000001e-06,2.248489143e-06,3.7066414399999998e-06,5.56350694e-06,2.5704672769999995e-05,0.266347448,0.007513509869999999,7.349536679999999e-05,70.2557593,52.86898649999999,1.82072583e-05,6.451132009999999,0.011366144249999998,5.956769169999999,0.0003370821721,2.9982202619999994e-05,0.0236094566,23.277574400000002,0.0003370821721,2.9982202619999994e-05,0.00612446433,9.03990237,0.0003370821721,2.9982202619999994e-05,0.00175675292,8.30048168,0.0003370821721,2.9982202619999994e-05,0.00511435782,3.91905688e-06,2.9404949e-05,0.13510254720000003,107.11426925,0.030321164250000004,-0.0027255670800000005,-0.0033735359299999997,5.05438423e-06,5.70304221e-05
355,1703158200,0.8284426100000001,0.8284681659999998,-0.00670093717,-1.31515211,1.7700540200000003,0.8008527150000001,1.3400283800000001,1.22970001,0.05012163869999999,0.451060809,2.6798825699999998e-05,1.496937631e-06,1.539359815e-06,1.957754752e-06,3.0027299599999995e-06,5.31882038e-06,8.29748041e-06,3.24811717e-05,0.407298165,0.00678495452,8.283276209999999e-05,66.98519580000001,51.6942091,2.7543131100000004e-05,6.35526429,0.014292129950000001,9.2025957,0.0005719041589999999,5.1420129599999995e-05,0.0294666533,36.139417,0.0005719041589999999,5.1420129599999995e-05,0.00645716623,14.46768935,0.0005719041589999999,5.1420129599999995e-05,0.00219359043,13.783080100000001,0.0005719041589999999,5.1420129599999995e-05,0.0051260490300000005,5.0542956e-06,3.0631046099999996e-05,-0.08737474029999999,22.511403689999998,0.0241974626,-0.00181085447,-0.00264083775,2.5685782900000005e-06,2.9769455099999995e-05
355,1703158800,0.914850004,0.9148756849999999,-0.009412664,-1.3094488699999998,1.7390780500000003,0.8393799129999999,1.41660576,1.3099525,0.0382592976,0.46877761900000003,2.7147948800000002e-05,1.7750130590000004e-06,1.7943409229999998e-06,2.2095071080000006e-06,3.2018701160000006e-06,5.55000074e-06,8.03911131e-06,3.37905166e-05,0.45045352699999996,0.00683743775,7.619145330000001e-05,67.71735579999999,51.54466970000001,3.04157554e-05,6.13658327,0.014891043150000002,9.973027600000002,0.000543616821,4.8824565660000006e-05,0.030982661300000002,39.629263800000004,0.000543616821,4.8824565660000006e-05,0.006466082220000001,14.24401063,0.000543616821,4.8824565660000006e-05,0.00224670367,13.559489350000002,0.000543616821,4.8824565660000006e-05,0.00512376263,5.25785826e-06,3.08401484e-05,0.05631940820000001,11.95355174,0.017694138500000005,-0.0016575651899999998,-0.00250354765,2.35749046e-06,2.5740386600000003e-05
355,1703159400,0.9212445719999998,0.9212700269999999,-0.007128785230000001,-1.4005502799999998,1.8751697399999998,0.8528164180000001,1.36897929,1.2839266500000002,0.0407410806,0.4980339389999999,2.73021546e-05,2.094294326e-06,2.15951822e-06,2.562313696e-06,3.71652761e-06,5.93474558e-06,8.38736402e-06,3.12384321e-05,0.4563295600000001,0.00416059036,7.42362115e-05,64.7077718,50.9774121,3.06344783e-05,6.19616306,0.01498956055,9.95180665,0.0008560339552999999,7.748867452000001e-05,0.031050440899999997,39.9418898,0.0008560339552999999,7.748867452000001e-05,0.00658757883,18.232982240000002,0.0008560339552999999,7.748867452000001e-05,0.002400016,17.74233343,0.0008560339552999999,7.748867452000001e-05,0.0051304809299999995,5.1849424e-06,3.07852915e-05,0.0448052057,31.139822350000003,0.026220524300000003,-0.00182169566,-0.00265315102,3.4350770799999994e-06,3.8120269300000005e-05
355,1703160000,0.9907783090000001,0.9908040999999999,-0.00467171724,-1.37730976,1.79514231,0.873544922,1.41664328,1.326228,0.0540395524,0.543549136,2.79776796e-05,2.5612862569999995e-06,2.697915326e-06,3.289049136e-06,4.783042689999999e-06,7.686079669999998e-06,1.123427856e-05,3.83827144e-05,0.49177312500000003,0.00345080464,9.23726012e-05,63.9509345,50.84074170000001,3.2933366e-05,6.448540199999999,0.0155068522,10.79447278,0.0007574366310000001,6.841174757000001e-05,0.0319961657,43.2797286,0.0007574366310000001,6.841174757000001e-05,0.00655284998,16.675228800000003,0.0007574366310000001,6.841174757000001e-05,0.0023656451,16.169058470000003,0.0007574366310000001,6.841174757000001e-05,0.00513507276,5.363858839999999e-06,3.10407539e-05,0.12739442130000003,25.28987114,0.02539715945,-0.00166692673,-0.00250623056,2.59788914e-06,3.1020334599999994e-05
355,1703160600,0.9942008449999999,0.9942262730000001,-0.003997023769999999,-1.33502842,2.20240471,0.876492489,1.44683166,1.35619139,0.0478810208,0.5906719029999999,2.6402840799999996e-05,1.225850811e-06,1.2454303090000001e-06,1.648622906e-06,2.75707749e-06,5.00267107e-06,7.5761105900000015e-06,3.2173980100000004e-05,0.49219532,0.00476832053,8.41621776e-05,65.921998,51.0013999,3.30709881e-05,6.222200169999999,0.0157860838,11.225725,0.0007367205557,6.65390338e-05,0.0324345888,43.7341227,0.0007367205557,6.65390338e-05,0.006601895399999999,17.710254530000004,0.0007367205557,6.65390338e-05,0.0024331893300000005,17.148838899999998,0.0007367205557,6.65390338e-05,0.0051691420500000005,7.857767840000001e-06,3.33304858e-05,-0.033734882869999996,93.14317095999999,0.0499073436,-0.00165145752,-0.00251225936,7.302558310000001e-06,7.10468862e-05
355,1703161200,1.20401019,1.20403569,0.00017451874790000004,-1.3910135000000001,1.9664100100000002,0.9727225939999998,1.59057354,1.48527032,0.0499187886,0.5828849930000001,2.8202291300000003e-05,3.098841054e-06,3.1912834059999996e-06,4.214324718e-06,5.64936226e-06,8.796049770000001e-06,1.4390632759999998e-05,4.5049198700000005e-05,0.59811532,0.00369786487,0.0001048995647,63.14196169999999,50.6338592,4.00204316e-05,6.364532280000001,0.0173909643,13.23245255,0.001196033225,0.0001085865687,0.0357910327,52.951429700000006,0.001196033225,0.0001085865687,0.006933510249999999,24.9907191,0.001196033225,0.0001085865687,0.00283134644,24.601948760000003,0.001196033225,0.0001085865687,0.00513484049,6.17723748e-06,3.17457331e-05,0.002486732250000004,15.24971703,0.023963452099999998,-0.0013548099400000004,-0.00225593097,2.66800589e-06,3.21667639e-05
355,1703161800,0.925717691,0.9257433849999999,0.0005045434545,-1.43197988,1.61311176,0.847150679,1.3469661099999999,1.269113765,0.0371894621,0.469904011,2.73424822e-05,1.9672290069999994e-06,2.096012815e-06,2.8960005300000003e-06,3.991365324e-06,6.89582536e-06,1.10665839e-05,3.7334933000000004e-05,0.45865663999999995,0.00403533622,9.89849681e-05,66.5129416,51.0769714,3.07576653e-05,6.511545529999999,0.0148578291,10.007033629999999,0.0007735382479999999,6.994512922e-05,0.030719556600000003,40.2568653,0.0007735382479999999,6.994512922e-05,0.006542016569999999,16.97115994,0.0007735382479999999,6.994512922e-05,0.00232624344,16.443545800000003,0.0007735382479999999,6.994512922e-05,0.00512399994,5.3477928700000005e-06,3.09534884e-05,-0.0075476692,6.814835769999999,0.0158321768,-0.00155207568,-0.0024163856100000007,2.0497030599999997e-06,2.36040747e-05
355,1703162400,0.794435112,0.794460814,0.00012839118000000004,-1.3473301700000002,1.7220900799999999,0.7849442100000001,1.2931145,1.2068618499999997,0.0404560033,0.420987817,2.7659069899999997e-05,2.237575677e-06,2.3381868225e-06,3.04345576e-06,3.937280139999999e-06,6.758898629999999e-06,1.031614484e-05,3.55992475e-05,0.393054927,0.00402233769,7.40391901e-05,64.8568194,51.0909379,2.6404147600000005e-05,6.3538894599999995,0.01392143835,8.679988869999999,0.0007097976479999999,6.405215409999999e-05,0.0287715738,34.404113100000004,0.0007097976479999999,6.405215409999999e-05,0.00653526166,15.224925899999999,0.0007097976479999999,6.405215409999999e-05,0.0022808880400000003,14.698048870000003,0.0007097976479999999,6.405215409999999e-05,0.00513450615,5.4505075800000006e-06,3.11339354e-05,0.06301668194,9.425478199999999,0.019061365950000003,-0.00155302221,-0.0024164561599999998,2.08975351e-06,2.4017852400000004e-05
355,1703163000,0.9592281939999999,0.9592537769999998,-0.00033689290700000005,-1.35484595,1.7721916200000003,0.8636673539999998,1.4229434399999998,1.335603264,0.0321176871,0.482697423,2.6790876200000002e-05,1.488317045e-06,1.5320133099999997e-06,2.216642017e-06,2.93352046e-06,5.54985686e-06,8.66087388e-06,3.50648338e-05,0.473463107,0.0060107963,8.15046959e-05,67.84679059999999,51.3337391,3.18921514e-05,6.335259580000001,0.015305395199999999,10.479720570000001,0.0011141548391,0.00010117921544,0.0316772233,41.5596136,0.0011141548391,0.00010117921544,0.006789630289999999,22.036359769999997,0.0011141548391,0.00010117921544,0.0025888931700000003,21.61685372,0.0011141548391,0.00010117921544,0.005144135879999999,5.9367552e-06,3.1644707700000006e-05,0.13112915381,10.17144213,0.0188383115,-0.0013828905,-0.0022891135399999997,2.38367579e-06,2.64614242e-05
355,1703163600,0.7762129580000001,0.776238877,0.0008715003334,-1.3258449300000001,1.57853568,0.7732961100000001,1.30158972,1.2022491800000001,0.0416197513,0.40551425199999996,2.7646559000000002e-05,1.981076841e-06,2.0504150085e-06,2.7465837919999997e-06,3.698460956e-06,6.3588159099999995e-06,1.0047420000000001e-05,3.55731803e-05,0.38275536500000007,0.005206826150000001,8.01029388e-05,66.8505144,51.3648108,2.57970176e-05,6.493833,0.01378807265,8.517087829999998,0.0008620848309999999,7.80065032e-05,0.028462873299999997,33.58869729999999,0.0008620848309999999,7.80065032e-05,0.006663554669999999,17.586998599999998,0.0008620848309999999,7.80065032e-05,0.0023746785699999997,17.18253612,0.0008620848309999999,7.80065032e-05,0.005152353930000001,5.22634417e-06,3.11336571e-05,0.0593743768,7.15403231,0.0166357071,-0.0016597220700000001,-0.00249591394,1.86313978e-06,2.01631241e-05
355,1703164200,0.680182776,0.6802086130000001,0.001919424685,-1.3125118199999997,1.4468691599999999,0.723550835,1.2215247599999999,1.1430723999999999,0.0241338782,0.34660618299999996,2.68513347e-05,1.197817505e-06,1.2589436069999998e-06,1.993430116e-06,2.574213884e-06,5.437440719999999e-06,8.15877389e-06,3.0610951e-05,0.3354915480000001,0.00446898079,7.86241143e-05,67.4563035,51.358538900000006,2.2605122100000003e-05,6.4071957799999995,0.0128982036,7.443119149999999,0.0003066568734,2.7220598949999996e-05,0.026680156500000003,29.2631439,0.0003066568734,2.7220598949999996e-05,0.00610254723,8.854996079999998,0.0003066568734,2.7220598949999996e-05,0.00178612031,8.04366877,0.0003066568734,2.7220598949999996e-05,0.0051511175800000005,6.19490742e-06,3.19585086e-05,-0.015836693199999998,3.96342705,0.013724082549999999,-0.00122922154,-0.00217254966,2.03228647e-06,2.09269037e-05
355,1703164800,0.813487868,0.813513599,0.0012918778563999998,-1.3515337500000002,1.8411936699999998,0.795998438,1.3222528599999999,1.2238873799999999,0.0412383923,0.41431401999999995,2.7655172600000002e-05,2.1603842090000003e-06,2.2260743795000002e-06,3.2459879849999994e-06,3.8126795699999997e-06,6.147651799999999e-06,1.0824010550000001e-05,3.3189969399999994e-05,0.402910392,0.0036945919300000003,7.5485325e-05,64.2777131,50.945954,2.70417159e-05,6.21954492,0.0141122313,8.852266609999997,0.0007111543791000001,6.419100328e-05,0.0292245107,35.3162584,0.0007111543791000001,6.419100328e-05,0.0064670616,15.913958349999998,0.0007111543791000001,6.419100328e-05,0.0021970268299999996,15.411884469999999,0.0007111543791000001,6.419100328e-05,0.00516294813,6.0240895799999995e-06,3.1876886e-05,0.33001977229999996,43.70997286000001,0.031745077649999995,-0.0016685210400000001,-0.0024612070899999996,3.6316905499999997e-06,4.0295325200000005e-05
355,1703165400,0.6174873800000001,0.6175131009999999,0.002613340887,-1.27879566,1.32337793,0.6835440199999999,1.17813595,1.0955584699999998,0.01852321425,0.283974914,2.64375692e-05,8.946138839999998e-07,9.261950793999999e-07,1.542428469e-06,1.7639473159999999e-06,2.377856879e-06,4.82928359e-06,1.0420384379999999e-05,0.303901042,0.00477777816,4.11367037e-05,68.77206340000001,51.6078403,2.05354843e-05,6.053554490000001,0.0120949767,6.5353030500000004,0.0004190889009,3.7434685779999995e-05,0.0253986778,26.602726699999998,0.0004190889009,3.7434685779999995e-05,0.00613744127,9.35374618,0.0004190889009,3.7434685779999995e-05,0.0017795306,8.71681888,0.0004190889009,3.7434685779999995e-05,0.005121553940000001,3.3203294099999995e-06,2.90279258e-05,0.0717731425,20.812248559999997,0.014644278899999998,-0.00261733639,-0.0032030118,1.69877012e-06,1.9153354099999998e-05
355,1703166000,0.44224103699999995,0.44226678799999997,0.002705999391,-1.29156215,1.0691576250000001,0.580569569,0.99501788,0.925565755,0.01087120178,0.194455093,2.65561269e-05,9.270421510000001e-07,9.755572795e-07,1.2190303550000002e-06,1.721882101e-06,2.2337927589999998e-06,3.69536535e-06,8.12911096e-06,0.216787247,0.00428149568,3.19613142e-05,69.3909686,51.9991041,1.4704949e-05,6.2494728,0.01018290735,4.6589879,0.00036897431700000003,3.2859748320000006e-05,0.0214277837,18.9620125,0.00036897431700000003,3.2859748320000006e-05,0.0061347654299999995,8.605641559999999,0.00036897431700000003,3.2859748320000006e-05,0.0016912461899999999,8.01004541,0.00036897431700000003,3.2859748320000006e-05,0.00510792419,2.12660933e-06,2.7783399e-05,-0.09116008850000001,42.504726100000006,0.0148516507,-0.00329050599,-0.00379060773,1.6308036600000003e-06,1.9374092000000003e-05
355,1703166600,0.399404958,0.39943079000000004,0.001007355116,-1.2662897999999998,1.1030961660000003,0.5510784070000001,0.9381286369999999,0.868076505,0.016960630270000002,0.20074145300000001,2.66743324e-05,9.74753584e-07,1.0584279344e-06,1.294266217e-06,1.9198094920000004e-06,2.597396755e-06,4.35400141e-06,9.27609734e-06,0.19566033900000002,0.00397999645,3.96484041e-05,69.5726722,52.0657416,1.32720804e-05,6.49463516,0.009760717800000002,4.2898843499999995,0.0004209567270000001,3.76140472e-05,0.020374121,17.2275955,0.0004209567270000001,3.76140472e-05,0.00614198038,8.692034190000001,0.0004209567270000001,3.76140472e-05,0.0016439110699999998,8.099321100000001,0.0004209567270000001,3.76140472e-05,0.00513764142,2.13891325e-06,2.8009403599999994e-05,0.12075020699999998,53.820340400000006,0.01628921345,-0.00344343104,-0.0039278360200000004,1.8739967000000003e-06,2.2372413399999998e-05
355,1703167200,0.386858675,0.386884596,-0.001909261133,-1.28606513,1.052769659,0.5443612640000001,0.9268032740000001,0.8629013259999999,0.013452252000000001,0.181209601,2.6234332099999996e-05,4.110820779999999e-07,4.6634074300000003e-07,6.724266253999999e-07,1.1329053720000002e-06,1.5508084360000002e-06,2.8857314129999997e-06,6.67631889e-06,0.189714446,0.00365971758,4.0695211199999996e-05,71.3526995,51.9519268,1.28638537e-05,6.431055219999999,0.00953528415,4.07562913,0.00043409268380000004,3.885598790599999e-05,0.0200473417,16.5495012,0.00043409268380000004,3.885598790599999e-05,0.00620596625,9.522331359999999,0.00043409268380000004,3.885598790599999e-05,0.0017122608899999999,8.92458357,0.00043409268380000004,3.885598790599999e-05,0.00513552746,2.07121819e-06,2.7929481200000002e-05,-0.0965931454,43.91863930000001,0.013253016900000001,-0.00345924949,-0.00393004083,1.7291682099999998e-06,1.9590850600000002e-05
355,1703167800,0.350228902,0.35025474700000003,0.0013385367105,-1.31349738,0.959241791,0.5200444089999999,0.884276994,0.8216875869999999,0.007078702549999999,0.156178229,2.6370867600000005e-05,6.091603736e-07,6.62144049e-07,8.04661129e-07,1.228033336e-06,1.672466216e-06,2.71241474e-06,6.19970733e-06,0.171891635,0.00317573834,3.26202481e-05,69.9665742,51.8365097,1.1647012249999999e-05,6.32525263,0.009189530399999998,3.76547196,0.0002463272757,2.1681026930000003e-05,0.0192083721,15.161630249999998,0.0002463272757,2.1681026930000003e-05,0.00594180443,6.20627386,0.0002463272757,2.1681026930000003e-05,0.00140771744,5.4786829699999995,0.0002463272757,2.1681026930000003e-05,0.005136470410000001,2.0455937300000003e-06,2.79240184e-05,-0.03849138599999999,50.834423300000005,0.0150132274,-0.00351475589,-0.00395993358,1.7562994899999999e-06,1.9231563199999996e-05
355,1703168400,0.318333211,0.31835903200000004,0.0047270564099999995,-1.36139287,0.9263532620000001,0.500528391,0.829150315,0.7631857910000001,0.0074140389,0.141185868,2.6512344e-05,7.759166349999999e-07,8.48353681e-07,1.03182501e-06,1.5476102339999999e-06,2.1410375399999997e-06,3.5042916900000006e-06,7.5890842399999995e-06,0.156077086,0.00303731822,3.40085476e-05,69.2109749,51.9563907,1.05772095e-05,6.445811399999999,0.008795283240000002,3.4364186399999994,0.0003101996841,2.753872214e-05,0.0182689586,13.777903849999998,0.0003101996841,2.753872214e-05,0.0059787016399999995,6.91888134,0.0003101996841,2.753872214e-05,0.00143204267,6.199330992,0.0003101996841,2.753872214e-05,0.00513789306,2.1475455099999995e-06,2.79946867e-05,-0.06551106899999999,60.3746852,0.016936401400000002,-0.0035491329100000002,-0.0039879610900000004,1.92585924e-06,2.15244908e-05
355,1703169000,0.286220972,0.286246797,0.00595928636,-1.4374576300000002,0.836575543,0.479278285,0.771886055,0.715296825,0.00778563607,0.12796321149999995,2.6110416800000003e-05,3.650247971e-07,4.14448875e-07,7.27323537e-07,9.509388779999998e-07,1.373073096e-06,2.733859035e-06,5.88797864e-06,0.140274992,0.0027850136,3.7704431399999996e-05,70.2470734,52.01643479999999,9.511496770000001e-06,6.364899830000001,0.008320246319999999,3.0613502200000005,0.00025285378490000007,2.235841284e-05,0.0172247094,12.265550600000001,0.00025285378490000007,2.235841284e-05,0.005829826630000001,5.79923599,0.00025285378490000007,2.235841284e-05,0.001263141791,5.08884155,0.00025285378490000007,2.235841284e-05,0.005132948600000001,2.3104935800000006e-06,2.8125607700000004e-05,-0.0541898066,46.4386117,0.01429091755,-0.0033916962200000005,-0.0038468526999999994,1.83096561e-06,2.00918668e-05
355,1703169600,0.39708069300000004,0.39710641199999996,0.001813923802,-1.3171950200000002,1.041181777,0.550897449,0.9424787739999999,0.873476682,0.00759139474,0.17911060000000004,2.6387515700000003e-05,8.04545248e-07,9.114179270000001e-07,1.339998454e-06,1.6318645319999997e-06,2.071230987e-06,4.13501593e-06,7.88004704e-06,0.195996567,0.00248408923,4.02121803e-05,66.7986123,51.3125782,1.3203471850000001e-05,6.427688719999999,0.0097524476,4.215578379999999,0.00028287736529999995,2.505301264e-05,0.020389710000000002,17.1249046,0.00028287736529999995,2.505301264e-05,0.005971598430000001,6.996382939999999,0.00028287736529999995,2.505301264e-05,0.00150090216,6.32236024,0.00028287736529999995,2.505301264e-05,0.005139256850000001,2.92516006e-06,2.8642970599999998e-05,0.04269562219999999,41.0332704,0.016500726299999997,-0.00318723712,-0.0036856302899999998,2.22291357e-06,2.3185447799999998e-05
355,1703170200,0.397615858,0.397641602,0.0021784410691,-1.2594251,1.0164310130000003,0.546642547,0.9539166440000001,0.8862645560000001,0.00680933121,0.17002145500000002,2.65816676e-05,9.9854e-07,1.1402249090000002e-06,1.672805425e-06,1.9962455800000002e-06,2.5153921719999996e-06,4.8017768e-06,9.02552268e-06,0.195480655,0.00326238259,4.18679553e-05,67.1492216,51.673532699999996,1.321435035e-05,6.404054619999999,0.00979763745,4.2861226100000005,0.00043610755620000004,3.905449727e-05,0.020439279099999996,17.185385750000002,0.00043610755620000004,3.905449727e-05,0.0061481240000000005,9.117505949999998,0.00043610755620000004,3.905449727e-05,0.0016781036369999999,8.497376403,0.00043610755620000004,3.905449727e-05,0.00515830787,3.424308780000001e-06,2.91932518e-05,-0.061136505699999996,34.798888399999996,0.015524984900000002,-0.00301510234,-0.00354435714,2.4341159e-06,2.3607486299999997e-05
355,1703170800,0.35569378000000007,0.355719542,0.0020028344839999996,-1.30755892,1.0158310270000002,0.524926053,0.897102396,0.8132873140000001,0.01485652012,0.16870540099999998,2.6390185800000002e-05,7.624519649999999e-07,8.83591262e-07,1.307254174e-06,1.5681232550000003e-06,1.906435072e-06,3.52909214e-06,7.466597429999999e-06,0.17453268,0.0032604744,3.56252072e-05,69.92406249999999,51.87805970000001,1.1827543199999999e-05,6.41580396,0.009292964800000001,3.8673310300000003,0.0003806166,3.394732397e-05,0.0192624135,15.36620945,0.0003806166,3.394732397e-05,0.006055164930000001,8.155228589999998,0.0003806166,3.394732397e-05,0.0015604736400000002,7.5476418899999995,0.0003806166,3.394732397e-05,0.00517508261,3.70719513e-06,2.9442053e-05,0.07154500047000001,44.2910409,0.019252032999999998,-0.00308264559,-0.00367023432,2.75538995e-06,2.58721065e-05
355,1703171400,0.23405920400000002,0.234084905,0.001274146071596,-1.44760926,0.7817863620000001,0.435921957,0.698308813,0.64798228,0.00402751916,0.105468814,2.63098238e-05,6.967493829999999e-07,7.843412509999999e-07,1.198235179e-06,1.339127371e-06,1.7640182779999998e-06,3.376786623e-06,5.92093097e-06,0.11384043960000001,0.0031449606,2.8275209600000004e-05,70.0256371,52.734098900000006,7.77892261e-06,6.430821850000001,0.007619831789999999,2.59339344,0.00027612644400000003,2.440775693e-05,0.01561010585,10.0319564,0.00027612644400000003,2.440775693e-05,0.00580315478,5.585727789999999,0.00027612644400000003,2.440775693e-05,0.00121272561,4.9121329849999995,0.00027612644400000003,2.440775693e-05,0.00512454976,2.6122032700000004e-06,2.8266282599999998e-05,0.1088499396,40.5693628,0.01542821775,-0.00327577977,-0.0037348768299999995,1.8612497399999997e-06,1.9891850599999998e-05
355,1703172000,0.20908619799999997,0.209112037,0.00153621932,-1.66236824,0.76296078,0.425055653,0.5870429250000001,0.560154598,0.005047864439999999,0.09790814960000001,2.64050692e-05,6.083997015e-07,6.707177936e-07,1.167754045e-06,1.145621386e-06,1.5556836619999998e-06,3.3543336599999995e-06,5.2898157900000005e-06,0.1013948576,0.0031069185600000005,2.69200419e-05,68.98174120000002,53.041339300000004,6.948596949999999e-06,6.50591478,0.007397941399999999,2.24144328,0.00023907407069999998,2.114854235e-05,0.0146489342,8.8338203,0.00023907407069999998,2.114854235e-05,0.005717831830000001,5.256539569999999,0.00023907407069999998,2.114854235e-05,0.001078762696,4.578644166,0.00023907407069999998,2.114854235e-05,0.005118793219999999,2.17211003e-06,2.8010514499999995e-05,-0.0427837271,35.0430475,0.012807774000000003,-0.0032259987800000002,-0.0037014861699999997,1.4032806999999998e-06,1.68381936e-05
355,1703172600,0.199469558,0.199495546,0.000279727574,-1.5807839300000002,0.8389381180000001,0.410895656,0.597093215,0.549016766,0.008586719290000001,0.107811234,2.63655033e-05,4.1717181350000004e-07,4.72467996e-07,9.154917435e-07,9.24245894e-07,1.350740153e-06,2.942380757e-06,5.1150716199999995e-06,0.09675161029999998,0.0029429944400000004,2.7537159599999995e-05,70.4161479,53.00641,6.62804923e-06,6.50579873,0.007359131199999999,2.2378415400000007,0.0002197931526,1.9294643457e-05,0.01438154995,8.574723819999999,0.0002197931526,1.9294643457e-05,0.00570992008,4.815278650000001,0.0002197931526,1.9294643457e-05,0.00104041848,4.119016220000001,0.0002197931526,1.9294643457e-05,0.005131816629999999,2.27400012e-06,2.8182973200000004e-05,-0.02071941174000001,47.88039645,0.0152298125,-0.0033106307599999997,-0.003751645,1.6412179400000001e-06,1.9355424699999998e-05
355,1703173200,0.20076181,0.200787766,4.6724083000000084e-05,-1.60363895,0.738022529,0.413027896,0.600768343,0.565142247,0.00441768186,0.092180485,2.65847574e-05,6.8404705e-07,7.6593221e-07,1.2670268749999999e-06,1.334846889e-06,1.8631667029999998e-06,3.83990875e-06,6.540570799999999e-06,0.097577782,0.0027541792399999993,3.17374011e-05,70.9012522,52.821983,6.6654385299999995e-06,6.67623351,0.00722111225,2.2246147800000005,0.00040067596950000005,3.5850453379999997e-05,0.0144339638,8.62353456,0.00040067596950000005,3.5850453379999997e-05,0.00595921966,7.59859734,0.00040067596950000005,3.5850453379999997e-05,0.00129353971,7.005835959999999,0.00040067596950000005,3.5850453379999997e-05,0.005141238919999999,2.32072562e-06,2.83115095e-05,-0.15123952020000003,41.16958005,0.01303492065,-0.0032350444899999996,-0.0037257693,1.6545746e-06,1.83236852e-05
355,1703173800,0.199873564,0.199899366,0.001436072534,-1.5717996300000001,0.695946237,0.41081295000000007,0.6146062600000001,0.578117637,0.00281498444,0.0909029665,2.62317929e-05,4.76239128e-07,5.64213001e-07,9.305938490000001e-07,1.083303819e-06,1.562428596e-06,3.07664546e-06,6.040281140000001e-06,0.0972725617,0.0026169498199999997,3.30980167e-05,69.63928039999999,52.6698207,6.637504739999999e-06,6.69071529,0.007050892729999999,2.15719767,9.992198835e-05,8.492236747000001e-06,0.014386768249999998,8.49742445,9.992198835e-05,8.492236747000001e-06,0.00556486999,3.0905958399999998,9.992198835e-05,8.492236747000001e-06,0.0009278692450000001,2.320140614,9.992198835e-05,8.492236747000001e-06,0.00513028412,2.2525051200000004e-06,2.80571566e-05,0.021141743200000004,44.8694017,0.013263314100000001,-0.0034619842799999993,-0.00386899223,1.8451033500000002e-06,2.0065231800000003e-05
355,1703174400,0.21868162700000005,0.218707614,0.00169015224,-1.5271687399999998,0.763410806,0.42666952500000005,0.660132641,0.6078185429999999,0.00510601594,0.10016378299999999,2.6332943900000002e-05,3.880833945000001e-07,4.56521664e-07,9.33909074e-07,9.66475485e-07,1.338466873e-06,3.05867708e-06,5.52329799e-06,0.1064335949,0.00286280308,3.1298213e-05,70.27429500000001,52.6650314,7.26620124e-06,6.57176913,0.007476943620000001,2.4441513200000005,0.0001922173316,1.6751899560000002e-05,0.015108432599999999,9.424629000000001,0.0001922173316,1.6751899560000002e-05,0.00573799132,4.5431700400000015,0.0001922173316,1.6751899560000002e-05,0.001094247352,3.8279574500000004,0.0001922173316,1.6751899560000002e-05,0.0051528265699999996,2.5682293399999995e-06,2.8592036100000003e-05,-0.055663721900000004,43.9723003,0.015377214900000002,-0.00323973993,-0.0037143410200000003,1.8464416099999998e-06,2.0738043100000003e-05
355,1703175000,0.19723393800000003,0.19726002099999998,-0.0036612272146000005,-1.5299383,0.68713348,0.406335561,0.620156432,0.574780061,0.0030690472800000003,0.08674163399999998,2.65977172e-05,5.645890166000001e-07,6.523538420000002e-07,1.040211168e-06,1.1271411409999998e-06,1.455905429e-06,2.8863508799999997e-06,5.060300750000001e-06,0.09564251500000001,0.00293454308,2.6529235800000002e-05,70.44743500000001,53.0102814,6.5543821300000005e-06,6.42411969,0.007049612669999999,2.18448621,0.00029635548164999993,2.6296237470000004e-05,0.014310501099999998,8.42641585,0.00029635548164999993,2.6296237470000004e-05,0.00585485441,5.8440648500000005,0.00029635548164999993,2.6296237470000004e-05,0.0011942437860000001,5.21602823,0.00029635548164999993,2.6296237470000004e-05,0.005159659479999999,2.52297233e-06,2.85360274e-05,0.03235711404,47.17384439999999,0.0156695979,-0.0033779882199999993,-0.00381985425,2.09951805e-06,2.29654946e-05
355,1703175600,0.18226892249999999,0.18229500499999998,-0.0079487400875,-1.5343862874999998,0.65416057875,0.39036364375,0.59692447625,0.55407941,0.0028857270375,0.079206982125,2.634088825e-05,2.8954643825e-07,3.5560515000000003e-07,7.4510398375e-07,7.130646125e-07,1.0100231562499999e-06,2.3876526125000002e-06,4.2833724e-06,0.088129946875,0.0029602464375,3.393515375e-05,72.15482,53.31531875,6.0564406250000005e-06,6.495446625,0.006776511325,2.0335709499999997,0.000107388137625,9.09095154125e-06,0.013747881,7.7832840999999995,0.000107388137625,9.09095154125e-06,0.005679203175,3.62230495,0.000107388137625,9.09095154125e-06,0.00099606858,2.8614839625,0.000107388137625,9.09095154125e-06,0.005161148025,2.4266474625000004e-06,2.8525287874999997e-05,-0.06349018762499999,42.600613125,0.013600278125,-0.0033611038875000004,-0.003815332875,1.7596011375e-06,1.92914895e-05
355,1703176200,0.17241770875,0.17243520125,-0.00900784225,-1.5640867125,0.707740365,0.38205659625,0.5759238375,0.53087558375,0.0030183414125,0.08499957675,1.7724296825e-05,2.5668674075e-07,3.2371621125e-07,6.7432422125e-07,7.4011239625e-07,1.00748212e-06,2.3488311374999998e-06,4.3062088875e-06,0.083502583625,0.0026615913374999998,3.4542813e-05,72.501954375,53.159683,5.726620674999999e-06,6.639025125,0.00658578405,1.9028480625,0.000174700150875,1.54215902875e-05,0.0133250413125,7.321988837499999,0.000174700150875,1.54215902875e-05,0.0047530508124999996,3.8269623375,0.000174700150875,1.54215902875e-05,0.0010468144825,3.3840850125,0.000174700150875,1.54215902875e-05,0.0041977315875,2.51705735e-06,1.9998970624999998e-05,-0.09351933250000002,45.569150625,0.0166469941875,-0.0024409258875,-0.0028882804125000003,2.061427625e-06,1.882458675e-05
355,1703176800,0.178726574,0.17875011899999999,-0.0085286691748,-1.5295251899999998,0.692233634,0.38654424699999995,0.5906430370000001,0.55077931,0.00265279707,0.08504702,2.37645659e-05,2.55206297e-07,3.28959442e-07,7.238186179999999e-07,6.72875692e-07,9.498987579999999e-07,2.3419166e-06,4.20674064e-06,0.0866794749,0.00263919722,3.49003589e-05,71.09658390000001,53.02318319999999,5.940857160000001e-06,6.572353699999999,0.00668374348,1.9705449500000003,0.00022414832450000003,1.9702212910000003e-05,0.013564769649999999,7.57351729,0.00022414832450000003,1.9702212910000003e-05,0.00558928186,4.96695473,0.00022414832450000003,1.9702212910000003e-05,0.0011715644600000003,4.351581919999999,0.00022414832450000003,1.9702212910000003e-05,0.004912867610000001,2.5932627699999996e-06,2.6150988399999998e-05,-0.005324528300000015,50.931030799999995,0.0170061223,-0.0030853181,-0.003539577,1.9362066399999997e-06,2.10398433e-05
355,1703177400,0.17811390600000002,0.178138454,-0.006364219153000001,-1.53783517,0.6607701779999999,0.386255832,0.5894055079999999,0.545304149,0.004566245660000001,0.08128729790000001,2.48649955e-05,3.72228286e-07,4.7525917199999994e-07,8.119720669999999e-07,8.283452359999998e-07,1.082634115e-06,2.3113501299999997e-06,4.2749298700000005e-06,0.08623742129999999,0.00277867023,3.03908715e-05,70.57782870000001,53.209120399999996,5.92126363e-06,6.6086377999999995,0.006635009380000001,1.94202142,0.00021651006769999996,1.9055306160000004e-05,0.013487303150000001,7.489902080000002,0.00021651006769999996,1.9055306160000004e-05,0.005588006519999999,4.63831224,0.00021651006769999996,1.9055306160000004e-05,0.0010705629659999998,3.994694888,0.00021651006769999996,1.9055306160000004e-05,0.00501756455,2.62428865e-06,2.71450424e-05,-0.05482038800000002,43.1473852,0.0144332496,-0.0032703010899999994,-0.0037021041500000006,2.0338838700000003e-06,2.03213393e-05
355,1703178000,0.174713196,0.174738109,-0.00948170286,-1.52672769,0.634894368,0.382745631,0.5870054190000001,0.5465416729999999,0.0016974020060000002,0.0744219276,2.5023951700000004e-05,1.510547186e-07,2.3786674400000002e-07,5.595672690000001e-07,5.20349482e-07,6.46634739e-07,1.77668537e-06,3.0515734e-06,0.084431876,0.0028884069200000003,2.9157009000000004e-05,73.10737850000001,53.338164000000006,5.8096958000000005e-06,6.46929726,0.00666994471,1.9730365399999996,0.0001440818468,1.2458384400000002e-05,0.013468883550000001,7.46656417,0.0001440818468,1.2458384400000002e-05,0.005565326430000001,3.64791167,0.0001440818468,1.2458384400000002e-05,0.0009792170549999999,2.9490318130000004,0.0001440818468,1.2458384400000002e-05,0.00506311274,2.72815822e-06,2.76557112e-05,0.03662305849999999,42.294922899999996,0.015289075049999998,-0.00327982245,-0.0037349208000000004,2.11837038e-06,2.1671339400000004e-05
355,1703178600,0.15537520600000004,0.15540023600000002,-0.004616101648,-1.57452639,0.675320611,0.363335493,0.540653998,0.5016528140000001,0.00277280364,0.07542372900000001,2.5500318800000003e-05,5.18998134e-07,6.280208509999999e-07,1.019643527e-06,1.042404855e-06,1.3332455769999998e-06,2.87184664e-06,4.98878315e-06,0.0752061203,0.0024371479,3.1061051199999996e-05,69.69378309999999,53.176284499999994,5.16105827e-06,6.59969377,0.0063743993,1.7800219599999998,0.000175193856,1.5278533144000002e-05,0.0127193102,6.67381637,0.000175193856,1.5278533144000002e-05,0.0055720549400000005,3.954799156,0.000175193856,1.5278533144000002e-05,0.0009744270000000001,3.293109339,0.000175193856,1.5278533144000002e-05,0.00506869538,2.79597244e-06,2.7772483000000002e-05,-0.1608562369,45.519221699999996,0.0164411594,-0.00325965006,-0.0037561842900000002,2.21204148e-06,2.21323846e-05
355,1703179200,0.15104925000000002,0.151074461,-0.00880279963,-1.60572268,0.5807802200000001,0.359695502,0.5270035750000002,0.4938525690000001,0.00174043413,0.06715286549999999,2.5450011699999997e-05,2.953727415e-07,4.15929167e-07,7.52597717e-07,7.18064251e-07,8.77862453e-07,2.2527734700000004e-06,3.38686228e-06,0.0730196251,0.00246299847,3.2779132200000003e-05,71.1858531,53.3031158,5.01929424e-06,6.58523979,0.006265077860000001,1.71791013,0.00012114377784999998,1.042441689e-05,0.01252841275,6.45694989,0.00012114377784999998,1.042441689e-05,0.005544855289999999,3.51893441,0.00012114377784999998,1.042441689e-05,0.000928384899,2.7589557129999998,0.00012114377784999998,1.042441689e-05,0.005106114020000001,2.9243459e-06,2.8172627699999997e-05,0.02508218570000001,38.89197155,0.013745946700000001,-0.00343778264,-0.0038650477100000006,2.24191272e-06,2.0911596300000002e-05
355,1703179800,0.149590636,0.1496159,-0.0037440959500000008,-1.6418010500000002,0.6146437810000001,0.35943666,0.512978153,0.479752136,0.00425867593,0.07162573959999999,2.55135489e-05,3.0386856000000005e-07,4.27676057e-07,7.831435639999999e-07,7.5007971e-07,9.44293205e-07,2.2941393e-06,3.7232896399999997e-06,0.0720958196,0.00265692397,3.30865382e-05,72.2090271,53.6174448,4.97019466e-06,6.72989091,0.0062638647500000005,1.69015281,9.334243005e-05,7.869125604e-06,0.012362485,6.30232206,9.334243005e-05,7.869125604e-06,0.00547301756,2.8370588399999996,9.334243005e-05,7.869125604e-06,0.0008468328120000001,2.0914776870000003,9.334243005e-05,7.869125604e-06,0.00510613544,2.90608912e-06,2.8200714199999994e-05,-0.14235210159999998,36.73805750000001,0.013534565500000002,-0.00328697286,-0.0037790424600000006,2.20591542e-06,2.10515969e-05
355,1703180400,0.180069198,0.18009451699999998,-0.00480318885,-1.5973469,0.678245709,0.389304646,0.580255221,0.537016397,0.004451552535,0.08115142589999999,2.5621432200000002e-05,3.80080112e-07,5.29441084e-07,9.67014934e-07,9.1295985e-07,1.1478635119999998e-06,2.80986656e-06,4.46500998e-06,0.08698802199999998,0.002999409,3.525272520000001e-05,73.4200915,53.4900623,5.97982733e-06,6.6626986200000005,0.006789464489999999,2.04521884,0.0001428430533,1.241955298e-05,0.0135779127,7.701991559999999,0.0001428430533,1.241955298e-05,0.005570234729999999,3.70105915,0.0001428430533,1.241955298e-05,0.000977834107,2.993334765,0.0001428430533,1.241955298e-05,0.0051200427,3.3734767699999998e-06,2.86431183e-05,0.1945411762,40.99852849999999,0.017028902700000004,-0.0032759550400000004,-0.0037105317,2.61061659e-06,2.5114428300000003e-05
355,1703181000,0.185989943,0.186015141,0.0008538447599999999,-1.61090703,0.6990213269999999,0.398402719,0.5736925209999999,0.5375789150000001,0.006265018440000001,0.08909616539999998,2.56647585e-05,5.520779711000001e-07,6.9682695e-07,1.199855803e-06,1.161993228e-06,1.5204260210000004e-06,3.38142934e-06,5.322137849999999e-06,0.0898705431,0.00307358789,3.64058884e-05,71.1666406,53.404846,6.17530664e-06,6.624222829999999,0.00695195117,2.1033584700000003,0.00021571961654999998,1.894928257e-05,0.0137924749,7.879517849999999,0.00021571961654999998,1.894928257e-05,0.0056815669499999995,4.874435040000001,0.00021571961654999998,1.894928257e-05,0.001100536844,4.20711659,0.00021571961654999998,1.894928257e-05,0.0051046218,3.2856962500000003e-06,2.85076629e-05,0.045983495299999996,43.2208387,0.0174492444,-0.0031515686299999996,-0.00364032694,2.45492181e-06,2.36687115e-05
355,1703181600,0.16649647099999998,0.166521575,0.0007490798989999999,-1.6666416600000002,0.5962306959999999,0.38010861000000007,0.5394914599999999,0.5076905030000001,0.00227889935,0.073521528,2.52399893e-05,1.8119412420000002e-07,2.76024117e-07,7.043205470000001e-07,5.833644030000001e-07,7.03282767e-07,2.122319875e-06,3.19105828e-06,0.08015193649999999,0.00305913049,2.90547265e-05,74.01783609999998,53.710007499999996,5.532987429999999e-06,6.5793307599999995,0.006624605160000001,1.89516183,0.0001864100779,1.6311158350000003e-05,0.013105238799999998,7.06927728,0.0001864100779,1.6311158350000003e-05,0.00561581788,4.2225911599999995,0.0001864100779,1.6311158350000003e-05,0.001017001705,3.5427153099999997,0.0001864100779,1.6311158350000003e-05,0.0050925695,3.02070829e-06,2.8185578999999996e-05,0.0319150928,34.172027400000005,0.0140799327,-0.00320956567,-0.0036788049499999996,2.11991356e-06,2.0648200000000003e-05
355,1703182200,0.171964715,0.171989875,-0.000194072061,-1.65309828,0.6857459269999999,0.385209077,0.549691765,0.511665619,0.00293026152,0.081182731,2.5660947900000003e-05,7.336498715999999e-07,1.120757225e-06,1.8402431510000001e-06,1.7913336459999998e-06,1.5592561099999999e-06,3.933139839999999e-06,9.17466178e-06,0.0826742704,0.00323738622,4.99440363e-05,70.30469150000002,53.806901100000005,5.7093970799999995e-06,6.86863913,0.00689622387,2.09994602,0.00013623068155,1.1862442006e-05,0.013361776250000002,7.387981030000001,0.00013623068155,1.1862442006e-05,0.0055234266700000005,3.5453029899999997,0.00013623068155,1.1862442006e-05,0.0010040089450000002,2.8445189829999995,0.00013623068155,1.1862442006e-05,0.0052515713,7.037316719999999e-06,3.2154525100000005e-05,0.055709672,27.711220119999997,0.01525175655,-0.0017794315300000002,-0.003087078414,2.9280466300000006e-06,2.3183530300000003e-05
355,1703182800,0.207372412,0.207397647,-0.0008646693000000002,-1.5782513599999999,0.7835864050000001,0.418107939,0.619856418,0.5702048929999999,0.011122323909999999,0.1100221141,2.57034791e-05,5.324715819999999e-07,6.41526015e-07,1.1262236939999999e-06,1.1601569229999998e-06,1.564753024e-06,3.46001864e-06,5.73011272e-06,0.10031141610000001,0.0033263083900000002,3.375744e-05,70.315748,53.3425074,6.888902460000001e-06,6.674558190000001,0.0072546932100000005,2.3022210700000003,0.0001488156154,1.276825738e-05,0.01451004585,8.79588136,0.0001488156154,1.276825738e-05,0.005643451789999999,3.9897839499999996,0.0001488156154,1.276825738e-05,0.001079325917,3.279332824,0.0001488156154,1.276825738e-05,0.00509711775,3.02185646e-06,2.82662228e-05,0.0628032725,41.094532,0.01843931295,-0.00309352529,-0.0036567807599999997,2.26180751e-06,2.21336766e-05
355,1703183400,0.2612956000000001,0.261320662,0.01270934765,-1.39494497,0.96730453,0.45430265299999995,0.7433851990000001,0.6782456939999999,0.01095476198,0.1384515366,2.5230894099999994e-05,2.22069118e-07,2.3590110499999997e-07,6.74159063e-07,6.192117230000001e-07,8.69464691e-07,2.39976795e-06,3.879218e-06,0.127540962,0.0030687368099999997,2.8984388300000002e-05,71.4304435,52.53570460000001,8.689391370000001e-06,6.36050192,0.00815689334,2.79177112,0.0002021292359,1.7703194899999998e-05,0.016308711,11.149101400000001,0.0002021292359,1.7703194899999998e-05,0.00569253374,5.00558557,0.0002021292359,1.7703194899999998e-05,0.0011593490230000002,4.340889853,0.0002021292359,1.7703194899999998e-05,0.005044464539999999,2.1804897300000004e-06,2.7257400399999997e-05,-0.1204439053,30.4187703,0.01218628295,-0.0029711659299999998,-0.0036363023900000007,1.47269618e-06,1.74912902e-05
355,1703184000,0.337723096,0.33774825699999994,0.007298805950000001,-1.2730394,1.11250897,0.501384225,0.8678514999999999,0.8033120090000001,0.011623933429999999,0.173808634,2.5801929500000002e-05,7.42798431e-07,7.86388693e-07,1.2884048740000001e-06,1.4077377429999999e-06,1.8519142420000002e-06,3.78548369e-06,6.4688390199999995e-06,0.165658758,0.0031542887999999997,3.1496747200000005e-05,67.91947249999998,52.172957499999995,1.122888965e-05,6.31361167,0.00907605072,3.5978751200000003,0.0002056501685,1.799720428e-05,0.01857121215,14.489374559999998,0.0002056501685,1.799720428e-05,0.00578774018,5.5703832900000005,0.0002056501685,1.799720428e-05,0.0013111315389999997,4.856085589,0.0002056501685,1.799720428e-05,0.005056524769999999,2.39400614e-06,2.7544797e-05,-0.006881305299999996,31.776838150000003,0.014101380399999999,-0.0029493961300000003,-0.00358004316,1.5205127799999999e-06,1.7257755900000004e-05
355,1703184600,0.148060225,0.148085658,-0.0014380780820000003,-1.6374386,0.589743012,0.35697087400000005,0.5138406759999999,0.4806146740000001,0.00273243533,0.0658532553,2.5789426099999997e-05,4.03363714e-07,5.180366259999999e-07,8.979016850000001e-07,8.80168177e-07,1.125341468e-06,2.5231246699999995e-06,4.29008129e-06,0.07076035919999998,0.0032314107100000003,2.72571809e-05,71.25227090000001,54.4026931,4.918058499999999e-06,6.60644845,0.0062195893999999995,1.6862357,0.00022948006425,2.0243284430000002e-05,0.012321890700000001,6.257859739999999,0.00022948006425,2.0243284430000002e-05,0.00567248731,4.69662449,0.00022948006425,2.0243284430000002e-05,0.001031531553,4.021861652,0.00022948006425,2.0243284430000002e-05,0.00510906208,2.66254341e-06,2.8086226199999996e-05,-0.022580598300000004,45.299268999999995,0.01484564735,-0.0033814679100000002,-0.00381594251,2.11244989e-06,2.21803132e-05
355,1703185200,0.171431788,0.17145719600000003,0.00322146475,-1.5999450999999998,0.707496607,0.379963497,0.5573795140000001,0.518753337,0.00371899263,0.0849860329,2.5720040700000002e-05,3.8434107200000004e-07,5.14936681e-07,9.418274210000001e-07,9.468997609999999e-07,1.213394354e-06,2.82686592e-06,4.84708384e-06,0.08291154510000001,0.0027608072299999996,3.15317998e-05,70.12103950000001,53.5636345,5.69328553e-06,6.609988849999999,0.006690219269999999,1.94801428,0.0001989765656,1.7449957510000004e-05,0.0132420468,7.32843625,0.0001989765656,1.7449957510000004e-05,0.00563982788,4.28133525,0.0001989765656,1.7449957510000004e-05,0.001020280807,3.613455538,0.0001989765656,1.7449957510000004e-05,0.00512702647,3.1991853200000003e-06,2.8637325800000002e-05,-0.05186400840000001,40.925105900000005,0.016907556999999997,-0.00319440678,-0.0037243662999999995,2.3343269399999997e-06,2.19788132e-05
355,1703185800,0.24209229899999998,0.242117663,0.007358922600000001,-1.6470456600000003,0.807812155,0.45186246399999996,0.6243940410000001,0.606993539,0.00540617269,0.11903806949999998,2.5792563499999994e-05,5.205095050000001e-07,6.31849001e-07,1.0584592049999998e-06,1.2026918490000001e-06,1.5317959449999999e-06,3.3681072200000003e-06,6.15828841e-06,0.1195220806,0.0014722003,3.69490591e-05,66.69801009999999,51.399705999999995,8.04312777e-06,6.56426788,0.0079084268,2.64627203,0.0002187843026,1.9218363039999997e-05,0.0158623958,10.47946714,0.0002187843026,1.9218363039999997e-05,0.005714541629999999,4.915681350000001,0.0002187843026,1.9218363039999997e-05,0.0011599693560000002,4.220309369000001,0.0002187843026,1.9218363039999997e-05,0.0051057094,2.9151587999999997e-06,2.82401378e-05,-0.08752865540000002,39.63150710000001,0.014484924749999998,-0.0032633822300000004,-0.00369863801,2.1288960599999997e-06,2.0832257700000004e-05
355,1703186400,0.16955314400000002,0.169578369,-0.0008504801399999999,-1.6112084199999999,0.658332598,0.379288539,0.552166858,0.51661576,0.0056709972699999995,0.08280136760000001,2.5401301299999998e-05,2.2362217750000002e-07,3.4317137500000003e-07,7.32980919e-07,6.664830100000001e-07,8.135822049999999e-07,2.2925314700000005e-06,3.4720871700000004e-06,0.082741604,0.00199951788,2.6707037200000005e-05,69.46770839999999,52.432766,5.63593455e-06,6.4512899599999995,0.0066571976,1.92223256,0.0001226827358,1.0462656060000001e-05,0.0132577262,7.303656930000001,0.0001226827358,1.0462656060000001e-05,0.00559105585,3.48879095,0.0001226827358,1.0462656060000001e-05,0.0009833378180000001,2.7540026600000003,0.0001226827358,1.0462656060000001e-05,0.005107441129999999,3.13197365e-06,2.8366428700000005e-05,0.0637330535,38.2371931,0.016013010100000002,-0.0032538114399999997,-0.0037228154,2.27362798e-06,2.13767094e-05
355,1703187000,0.184139193,0.18416415000000003,-0.00547638454,-1.5307249200000002,0.698421307,0.38959770299999996,0.5923305750000001,0.551529323,0.004546010790000001,0.08870464619999999,2.52906417e-05,3.885871084e-07,4.90764354e-07,9.17458893e-07,8.554614990000001e-07,1.042389789e-06,2.6376106899999996e-06,4.0401300200000006e-06,0.09027378150000001,0.0017589030700000002,2.6197929399999998e-05,67.7333407,52.000392,6.12226339e-06,6.43988351,0.0068147439300000005,2.03773278,6.30480793e-05,5.042342775e-06,0.013822507449999999,7.91067068,6.30480793e-05,5.042342775e-06,0.0054326572,2.4065887600000004,6.30480793e-05,5.042342775e-06,0.000873430103,1.6435230580000002,6.30480793e-05,5.042342775e-06,0.00507032543,3.04536903e-06,2.79671735e-05,-0.06844561199999999,35.7260452,0.013643551299999997,-0.0031582555399999996,-0.0036401470399999997,2.2027007400000002e-06,2.11756246e-05
355,1703187600,0.20222516555555556,0.2022498811111111,-0.010123015855555554,-1.4379841444444446,0.7319806799999999,0.4041006066666667,0.6471030888888889,0.5958931877777779,0.004886928177777778,0.09299075777777777,2.505804788888889e-05,4.2061732288888886e-07,5.8664506e-07,1.0596682244444445e-06,9.897313433333334e-07,1.2456089111111113e-06,3.2124944222222225e-06,5.065301455555556e-06,0.09954959499999999,0.001516738188888889,3.327314211111111e-05,67.5279477777778,51.525754,6.719114611111112e-06,6.608765477777778,0.007201536922222222,2.3033645888888885,0.00026831238044444444,2.369247366666667e-05,0.014637040611111112,8.841410644444444,0.00026831238044444444,2.369247366666667e-05,0.005783332711111111,5.690155466666667,0.00026831238044444444,2.369247366666667e-05,0.0012696030166666665,5.043773982222222,0.00026831238044444444,2.369247366666667e-05,0.005073325688888889,3.6198551222222224e-06,2.835128066666667e-05,0.03271683812444445,38.73068,0.01796682322222222,-0.003131701211111111,-0.003597039722222223,2.621083155555555e-06,2.314813222222222e-05
355,1703188200,0.210634363,0.210659398,-0.0137840615,-1.3985663599999998,0.7484478589999999,0.40854115799999996,0.665532827,0.620681446,0.00393963566,0.09417355590000001,2.5366170200000002e-05,4.20229171e-07,5.956423190000001e-07,1.01141969e-06,1.099522027e-06,1.435098074e-06,3.33143085e-06,5.98133331e-06,0.1038003604,0.0014627563,3.9849232500000004e-05,68.42966609999999,51.418369199999994,6.994972720000001e-06,6.734995039999999,0.007291166029999999,2.36114632,0.00016987618860000002,1.4684352470000002e-05,0.01491704455,9.1576524,0.00016987618860000002,1.4684352470000002e-05,0.00570421604,4.211972919999999,0.00016987618860000002,1.4684352470000002e-05,0.00117510177,3.5069738,0.00016987618860000002,1.4684352470000002e-05,0.00511379504,3.51499623e-06,2.8602644700000005e-05,-0.004979604700000005,38.965340100000006,0.015293302649999998,-0.00331896925,-0.0037972529499999998,2.74280985e-06,2.3307395899999997e-05
355,1703188800,0.225403132,0.22542829000000003,-0.01288910095,-1.4148050600000002,0.756248085,0.4233807950000001,0.6856709239999998,0.6396945310000001,0.0035283134,0.100877148,2.53904966e-05,3.17065075e-07,4.56807024e-07,9.434346900000001e-07,8.22047532e-07,9.6636231e-07,2.71306981e-06,4.368327979999999e-06,0.11124369649999999,0.00141688688,3.01328371e-05,67.7315156,51.2844598,7.494173889999999e-06,6.47384888,0.007547533149999999,2.52506317,0.00020097610879999997,1.753353788e-05,0.01542944305,9.80876595,0.00020097610879999997,1.753353788e-05,0.0057373484600000005,4.768203700000001,0.00020097610879999997,1.753353788e-05,0.00120630423,4.09537909,0.00020097610879999997,1.753353788e-05,0.00511108702,3.6334019099999997e-06,2.8764591700000002e-05,-0.029865121699999997,33.494021399999994,0.0152587468,-0.00305733383,-0.0035854148099999997,2.5776999e-06,2.36698795e-05
355,1703189400,0.209326469,0.209351748,-0.01198527691,-1.40272575,0.729434769,0.40786613699999996,0.661295187,0.613631233,0.0048217776099999995,0.09271581540000001,2.5907503400000004e-05,7.382863796e-07,9.2943842e-07,1.374437706e-06,1.4927959999999998e-06,1.901216784e-06,3.81752207e-06,6.9578500199999994e-06,0.10305014139999999,0.0015598359000000002,3.5296904799999995e-05,64.45574970000001,51.53575049999999,6.95363002e-06,6.70664527,0.00726212485,2.3422271,0.0001248971216,1.0557423729999999e-05,0.014855741250000002,9.10442707,0.0001248971216,1.0557423729999999e-05,0.00562814639,3.4856462,0.0001248971216,1.0557423729999999e-05,0.00107477993,2.7459720399999994,0.0001248971216,1.0557423729999999e-05,0.00513015528,3.60079616e-06,2.8845771399999995e-05,-0.05982747974,42.9664863,0.0180005101,-0.00333687313,-0.00380126104,2.76641209e-06,2.4005223999999997e-05
355,1703190000,0.19747633599999997,0.197501474,-0.012121212000000001,-1.4112070499999998,0.734647434,0.397457685,0.642244601,0.598668271,0.0037909377,0.090671266,2.5672720899999998e-05,6.349640359999999e-07,8.25764618e-07,1.3345024970000002e-06,1.322998145e-06,1.6707184799999996e-06,3.7449530300000006e-06,6.130194659999999e-06,0.09701678749999999,0.0016709423399999999,3.4203508299999995e-05,67.18254970000001,51.71684760000001,6.559462720000001e-06,6.71724891,0.00707477059,2.24221571,0.0002655762094,2.343248964e-05,0.014438637300000001,8.60244261,0.0002655762094,2.343248964e-05,0.00578471891,5.44544999,0.0002655762094,2.343248964e-05,0.00122937348,4.81041524,0.0002655762094,2.343248964e-05,0.0051194576,3.70195311e-06,2.8859559000000002e-05,-0.1168664609,40.202973199999995,0.0171179476,-0.00317286321,-0.0036714961500000005,2.9529595799999994e-06,2.6231036499999997e-05
355,1703190600,0.21214546699999998,0.21217050999999998,-0.00648765811,-1.48538814,0.73018479,0.4161904979999999,0.642357106,0.603843437,0.00482132285,0.09653781950000001,2.54710736e-05,5.225922149999999e-07,6.79351051e-07,1.242434666e-06,1.090111319e-06,1.339778938e-06,3.3528292300000003e-06,4.93171231e-06,0.104104358,0.00192544438,2.9312283700000002e-05,68.4065192,51.8819616,7.05164024e-06,6.586956290000001,0.00734809847,2.38853276,0.0002880722668,2.5560581213999996e-05,0.014923656400000002,9.2136502,0.0002880722668,2.5560581213999996e-05,0.005784361070000001,5.97088334,0.0002880722668,2.5560581213999996e-05,0.0012457527729999999,5.31004807,0.0002880722668,2.5560581213999996e-05,0.00510453261,3.64777974e-06,2.8740269499999996e-05,0.007666138599999988,41.3879662,0.017981490699999998,-0.0030896906999999998,-0.0036040793199999996,2.81888485e-06,2.60115261e-05
355,1703191200,0.214068309,0.21409334900000002,-0.0088868998,-1.4511171099999998,0.7116967240000001,0.41685699600000004,0.66482029,0.617043832,0.0028416104,0.0935929306,2.5609043700000004e-05,6.58844637e-07,8.493479489999998e-07,1.371128526e-06,1.2782701099999999e-06,1.63788946e-06,3.7858092499999997e-06,5.93344946e-06,0.10489992990000001,0.0020866657800000005,3.14716833e-05,67.46733279999998,51.97620020000001,7.11195143e-06,6.62428931,0.007347880070000002,2.39836344,0.00022503847509999997,1.977122423e-05,0.01499720205,9.265296000000001,0.00022503847509999997,1.977122423e-05,0.00573728474,5.11117209,0.00022503847509999997,1.977122423e-05,0.0012168450800000002,4.42509679,0.00022503847509999997,1.977122423e-05,0.00509525197,3.4880376800000006e-06,2.8498308500000005e-05,0.012696646299999994,36.827786399999994,0.015648299049999998,-0.0031755025200000003,-0.0036273903700000006,2.5882924900000003e-06,2.29473475e-05
355,1703191800,0.24015406700000003,0.240179244,-0.008648582765,-1.4427648400000002,0.8126498090000001,0.440203542,0.702658952,0.6548074849999999,0.005490163009999999,0.11214051900000002,2.56673362e-05,6.16209368e-07,7.68404613e-07,1.3155153390000002e-06,1.2985683070000003e-06,1.643437702e-06,3.87738164e-06,6.24042268e-06,0.1182333699,0.0017917672800000003,3.5598618000000004e-05,66.99527909999999,51.525681199999994,7.979483650000001e-06,6.60043149,0.007777084170000001,2.6704722800000003,0.00010025752520000003,8.410577105e-06,0.0159021306,10.415220699999999,0.00010025752520000003,8.410577105e-06,0.00555256705,3.30335338,0.00010025752520000003,8.410577105e-06,0.001028851248,2.565582,0.00010025752520000003,8.410577105e-06,0.005107287299999999,3.5958639499999996e-06,2.87036666e-05,0.0146552263,36.7960723,0.0171718571,-0.0030560262,-0.00359276282,2.72046948e-06,2.52833542e-05
355,1703192400,0.22203425900000004,0.222059353,-0.00881311919,-1.4551584099999997,0.7434976870000001,0.424175181,0.6708954759999999,0.629869243,0.00286611211,0.0957618444,2.5373705500000002e-05,3.73490741e-07,5.284724829999999e-07,9.414094789999999e-07,9.73752769e-07,1.210234273e-06,2.90284081e-06,4.9218708e-06,0.10935376699999999,0.0016177373400000001,3.34886487e-05,67.5036487,51.49233149999999,7.38052546e-06,6.589016320000001,0.00745037135,2.44570864,0.0001256665404,1.0748670699999998e-05,0.015301396149999999,9.6329149,0.0001256665404,1.0748670699999998e-05,0.00560581036,3.7443895300000003,0.0001256665404,1.0748670699999998e-05,0.00107276218,2.9881981499999997,0.0001256665404,1.0748670699999998e-05,0.005111493579999999,3.39992193e-06,2.8518392100000004e-05,0.06360263930000001,39.0517701,0.0148957543,-0.0032549865900000003,-0.0037495755300000003,2.6191326099999995e-06,2.25039913e-05
355,1703193000,0.24920705299999998,0.24923208199999997,-0.00936087034,-1.42257392,0.786211485,0.44421025399999997,0.7136842880000001,0.663995275,0.00709668004,0.11558929,2.5628889700000002e-05,7.17909242e-07,8.860301719999999e-07,1.3870261909999998e-06,1.3660422470000002e-06,1.6893862090000001e-06,3.84001911e-06,6.25564062e-06,0.12301007969999997,0.00154472786,3.1938671699999995e-05,66.37241259999999,51.322897,8.28109074e-06,6.48092971,0.007886565110000002,2.7709867499999996,0.00019067484059999998,1.6570253929999998e-05,0.01615471575,10.8727122,0.00019067484059999998,1.6570253929999998e-05,0.00574833204,4.8367758400000005,0.00019067484059999998,1.6570253929999998e-05,0.0012392084400000003,4.1073696900000005,0.00019067484059999998,1.6570253929999998e-05,0.005093516760000001,3.42236228e-06,2.8471474900000003e-05,-0.0332175301,36.601167399999994,0.0153064386,-0.00313752106,-0.00360346736,2.47811621e-06,2.2709986099999998e-05
355,1703193600,0.16907378499999998,0.169098928,0.0022950890429999996,-1.50215821,0.732472344,0.37142255999999996,0.5681423329999999,0.5294786630000001,0.00502816578,0.0832108202,2.54530526e-05,3.750301733e-07,5.040946456e-07,9.382798869999999e-07,8.378247299999999e-07,1.132033159e-06,2.61807765e-06,4.22598646e-06,0.0825751659,0.0019247327200000001,2.5987986e-05,69.4004725,52.3872166,5.61887341e-06,6.55172646,0.00667272609,1.9443893799999998,0.0001673723616,1.448915259e-05,0.0132534174,7.327146660000001,0.0001673723616,1.448915259e-05,0.00563380177,4.09442581,0.0001673723616,1.448915259e-05,0.001041751679,3.402673154,0.0001673723616,1.448915259e-05,0.00509790886,3.20722439e-06,2.8317422900000002e-05,0.08828618800000003,49.1955729,0.017559225700000004,-0.0032295859699999997,-0.0037201282,2.29938861e-06,2.2741170400000003e-05
355,1703194200,0.17391007600000002,0.17393535300000001,0.0026631807,-1.45266896,0.7482228200000001,0.375249969,0.5872679160000001,0.527003581,0.00897415478,0.09280837339999999,2.5798122799999996e-05,5.9163655e-07,7.32570346e-07,1.1604852130000002e-06,1.202167259e-06,1.60113351e-06,3.22477231e-06,5.547450259999999e-06,0.0852332086,0.00168032038,2.68631965e-05,66.4211272,52.05302519999999,5.7769944699999995e-06,6.582251000000001,0.00677525262,2.0112966699999997,0.00010930539570000001,9.304162005e-06,0.013455901849999998,7.60145395,0.00010930539570000001,9.304162005e-06,0.00552623728,3.1468972699999997,0.00010930539570000001,9.304162005e-06,0.0009137238630000001,2.396340648,0.00010930539570000001,9.304162005e-06,0.005119541940000001,3.2132086300000006e-06,2.8541312399999997e-05,-0.025349032100000002,46.6073004,0.0187961089,-0.00324583953,-0.0037675533699999993,2.55596221e-06,2.3491768100000002e-05
355,1703194800,0.195962847,0.19598801999999999,-0.0013630835700000005,-1.54372574,0.7293222730000001,0.401358748,0.594693141,0.5628546860000001,0.004155447139999999,0.090310298,2.54787737e-05,3.8355314139999996e-07,5.322843629999999e-07,9.95446547e-07,9.292616570000001e-07,1.1756511519999999e-06,2.9042737800000005e-06,4.738343139999999e-06,0.0961746955,0.0017644323200000003,3.0156993400000003e-05,69.47877899999999,51.9095295,6.51149053e-06,6.638083910000001,0.007134415490000001,2.20576688,0.0002656810555,2.34332962e-05,0.014317217200000001,8.506040270000002,0.0002656810555,2.34332962e-05,0.005773681399999999,5.36106089,0.0002656810555,2.34332962e-05,0.0012090843799999998,4.71357131,0.0002656810555,2.34332962e-05,0.0051031101,3.35461487e-06,2.84869135e-05,-0.04264395489999999,36.3409752,0.0156057813,-0.00319434353,-0.0036632367899999997,2.57509179e-06,2.37986667e-05
355,1703195400,0.17089547300000002,0.17092058999999998,0.00013576395000000006,-1.58754805,0.6805707809999999,0.377827793,0.546616685,0.5143281980000001,0.004719916070000001,0.0802981169,2.55269831e-05,4.85984749e-07,6.652532570000001e-07,1.1641865560000002e-06,1.033722973e-06,1.307669267e-06,3.07952271e-06,4.87264312e-06,0.0836468354,0.0017608863500000003,2.69862824e-05,68.73142299999999,52.14360459999999,5.677371799999999e-06,6.686961909999999,0.006709849470000001,1.95084345,0.0001863523199,1.6222247993999998e-05,0.013322565649999998,7.367268399999999,0.0001863523199,1.6222247993999998e-05,0.005583284359999999,3.889980904,0.0001863523199,1.6222247993999998e-05,0.00099938421,3.2281678750000005,0.0001863523199,1.6222247993999998e-05,0.0051196757,3.6452447899999995e-06,2.88166385e-05,0.02398168834,36.24074879999999,0.01589289905,-0.00320226642,-0.003674161220000001,2.7220804599999996e-06,2.4858866e-05
355,1703196000,0.20959126700000003,0.209616319,-0.006391313709999999,-1.4584344699999998,0.774698644,0.41227501800000005,0.652894949,0.607406034,0.004517619,0.0986054598,2.5240360300000002e-05,2.80498177e-07,4.1993053599999996e-07,8.476494459999999e-07,7.56631271e-07,9.171673150000001e-07,2.53177192e-06,3.9694206100000005e-06,0.10316763600000001,0.0015893936300000002,2.8590089299999997e-05,68.9270354,51.5423077,6.966157539999999e-06,6.44618232,0.007327322860000001,2.3695734,0.0001807043253,1.5731514054000002e-05,0.014892391299999997,9.13581705,0.0001807043253,1.5731514054000002e-05,0.00570832122,4.658535389999999,0.0001807043253,1.5731514054000002e-05,0.0011706221659999998,3.9275190200000005,0.0001807043253,1.5731514054000002e-05,0.00510363966,3.5284014299999994e-06,2.85812359e-05,-0.11687312100000002,40.939340099999995,0.017073538800000003,-0.0032616227000000003,-0.0036949333400000004,2.7129267900000003e-06,2.44059313e-05
355,1703196600,0.257871544,0.25789679099999996,-0.008840969950000001,-1.35134459,0.8175624599999999,0.44907987700000007,0.7563605900000001,0.6803832699999999,0.00909400509,0.115722027,2.5607390199999997e-05,4.72507224e-07,6.16330165e-07,1.0953126430000001e-06,1.1767260439999997e-06,1.493758315e-06,3.4796184900000005e-06,6.052069690000001e-06,0.126842182,0.00204392839,3.48640839e-05,68.02765099999999,51.613471200000006,8.56858907e-06,6.573626429999999,0.008028128079999999,2.8746453700000005,0.0001475058124,1.26954984e-05,0.0164558911,11.220998849999999,0.0001475058124,1.26954984e-05,0.00569497724,4.2610512,0.0001475058124,1.26954984e-05,0.0011771364140000001,3.53200747,0.0001475058124,1.26954984e-05,0.00512766268,3.6346636400000008e-06,2.88984471e-05,-0.07491301404,38.2453236,0.018676804,-0.00313987793,-0.00365473532,2.6502164400000004e-06,2.34629909e-05
355,1703197200,0.27873161199999996,0.278756872,-0.00916174716,-1.40101647,0.852138493,0.469681615,0.757710637,0.702883951,0.01018083034,0.13372281479999998,2.58968963e-05,7.73354853e-07,9.43915144e-07,1.480413704e-06,1.48816316e-06,1.8550739630000001e-06,3.93475596e-06,6.62788792e-06,0.136969244,0.0023477280100000003,3.10240776e-05,66.79972799999999,51.77636110000001,9.264558950000001e-06,6.46491264,0.0083088754,3.1032327900000003,0.00018067175540000002,1.567174486e-05,0.017056273099999998,12.124790899999999,0.00018067175540000002,1.567174486e-05,0.0057274168,4.844895449999999,0.00018067175540000002,1.567174486e-05,0.00122479023,4.16840378,0.00018067175540000002,1.567174486e-05,0.0051293487099999995,3.83503379e-06,2.90575838e-05,-0.017202012299999996,32.3316798,0.015518300500000002,-0.00304841836,-0.0035840693,2.82614966e-06,2.43243873e-05
355,1703197800,0.27045129799999995,0.27047635000000003,-0.007594353640000001,-1.45368597,0.8346629849999999,0.468025703,0.740010078,0.6946336860000001,0.00456641865,0.1205085561,2.53311027e-05,3.6569483540000004e-07,4.90178228e-07,1.002697165e-06,9.93457017e-07,1.242173584e-06,3.04730397e-06,5.25180705e-06,0.13300420239999997,0.0021780937299999996,3.05332706e-05,68.99918199999999,51.6360598,8.990301649999999e-06,6.4824068,0.008288739449999999,3.02956972,0.00029523007000000005,2.6143598529999997e-05,0.016943835600000002,11.82995765,0.00029523007000000005,2.6143598529999997e-05,0.00589959647,6.5915719,0.00029523007000000005,2.6143598529999997e-05,0.00139717083,5.93415189,0.00029523007000000005,2.6143598529999997e-05,0.0051067807300000006,3.6670331899999997e-06,2.8767982099999995e-05,-0.03338102429999999,34.272134799999996,0.0163656583,-0.0030224855199999998,-0.0035494138000000002,2.61581731e-06,2.4588761099999996e-05
355,1703198400,0.30088991100000007,0.300915251,-0.01079718455,-1.41352304,0.8833019610000001,0.490452524,0.7930367030000001,0.7268096789999999,0.011304080000000001,0.139448104,2.5845081400000002e-05,6.18419642e-07,7.38627576e-07,1.215453713e-06,1.333840995e-06,1.647895432e-06,3.6209445000000004e-06,6.27589461e-06,0.14835634400000003,0.0020397997499999997,3.2816920399999995e-05,66.3921258,51.3865313,1.00052752e-05,6.449118090000001,0.008702746270000002,3.3416980499999993,0.0001681600437,1.453407668e-05,0.0178241018,13.155600000000002,0.0001681600437,1.453407668e-05,0.00577497496,4.81870382,0.0001681600437,1.453407668e-05,0.0012719182299999999,4.086870804999999,0.0001681600437,1.453407668e-05,0.0051227975,3.5888106999999997e-06,2.88990279e-05,0.14211994199999997,36.8703709,0.018196305199999995,-0.00304634601,-0.00353558685,2.39437697e-06,2.2983032900000002e-05
355,1703199000,0.294918546,0.294943682,0.090117575,-1.40552281,0.876101749,0.48455642900000007,0.8171874320000001,0.7581981609999999,0.005083546789999999,0.1274876825,2.56402597e-05,6.29405526e-07,7.575920300000001e-07,1.212966308e-06,1.3222548420000001e-06,1.7228710549999998e-06,3.7119030500000002e-06,6.47080277e-06,0.144751938,0.0020136679899999997,0.000677259705,70.1895243,51.6369363,9.8018661e-06,6.57798636,0.008609194649999999,3.298399059999999,0.00021286568574999999,1.867054416e-05,0.0176397196,12.805467299999998,0.00021286568574999999,1.867054416e-05,0.0057881973500000005,5.505823170000001,0.00021286568574999999,1.867054416e-05,0.00130457713,4.79481809,0.00021286568574999999,1.867054416e-05,0.00509513863,3.47129092e-06,2.8577482699999997e-05,-0.6325552624999999,49.2165028,0.0160208507,-0.00307298199,-0.003570657989999999,2.6413335399999997e-06,2.59713929e-05
355,1703199600,0.36146076699999996,0.361485957,0.1097210169,-1.4080367200000001,1.011143345,0.535566289,0.903740101,0.84160068,0.010179354230000002,0.167212998,2.57098294e-05,6.569386469999999e-07,8.294011499999999e-07,1.319483312e-06,1.464231038e-06,1.926603834e-06,4.14067808e-06,7.74255361e-06,0.17786801600000002,0.0020311694399999997,0.0008125800750000001,69.859266,51.42425149999999,1.201146135e-05,6.58480284,0.009559876999999998,4.075973370000001,0.0002729942882,2.4177472766000002e-05,0.0194884169,15.8155597,0.0002729942882,2.4177472766000002e-05,0.005864714300000001,6.71819613,0.0002729942882,2.4177472766000002e-05,0.0014083742,6.025882456,0.0002729942882,2.4177472766000002e-05,0.00511463905,3.8286387899999995e-06,2.90127812e-05,-0.27294040750000004,32.3978854,0.015105539000000001,-0.00298170918,-0.00347888577,2.5530989900000005e-06,2.31005503e-05
355,1703200200,0.379708371,0.37973370500000003,0.09873043,-1.51161262,1.042644328,0.556845534,0.8843895190000002,0.834512978,0.01371368703,0.184497506,2.5623959300000003e-05,4.1683978299999997e-07,5.507501859999999e-07,1.085107019e-06,1.2021777990000002e-06,1.656610927e-06,4.13095327e-06,7.091679120000001e-06,0.187823529,0.001261979318,0.000752264276,68.50085759999999,50.9329327,1.2619494e-05,6.54068693,0.009837025100000002,4.16910195,0.0002589192904,2.2912208877e-05,0.0200015579,16.5970453,0.0002589192904,2.2912208877e-05,0.00588252602,6.435775079999999,0.0002589192904,2.2912208877e-05,0.00143365951,5.770991276999999,0.0002589192904,2.2912208877e-05,0.00510742955,3.51388811e-06,2.8780940199999993e-05,-0.137694359,30.1830733,0.015071405799999998,-0.0028965486299999997,-0.0034461561,2.35735297e-06,2.28803734e-05
355,1703200800,0.270891023,0.270916111,0.1018886655,-1.6154602999999998,0.876589271,0.4800806919999999,0.72958477,0.6848084000000002,0.0077293564200000015,0.126061489,2.60236354e-05,1.0411527195e-06,1.160215527e-06,1.7217384950000002e-06,1.8861833459999998e-06,2.6281937800000004e-06,4.92836704e-06,8.3364927e-06,0.13229046150000004,0.0024211929199999998,0.000711221911,68.88583759999999,52.1216499,8.9974696e-06,6.64968241,0.0083567287,2.9790306600000003,0.0003181729855,2.8313478246e-05,0.016748816000000003,11.549653750000001,0.0003181729855,2.8313478246e-05,0.00577429363,6.29323973,0.0003181729855,2.8313478246e-05,0.0012877286089999999,5.6874916110000004,0.0003181729855,2.8313478246e-05,0.00508515069,3.2558246400000003e-06,2.8357321900000002e-05,-0.11604483122999998,29.6167665,0.0147931685,-0.00287227444,-0.0034767375600000005,1.91350168e-06,1.9766080199999995e-05
355,1703201400,0.5054270670000001,0.505452163,0.0898423374,-1.59337564,1.1379347450000001,0.649589148,0.9878551440000001,0.941391256,0.01090395056,0.22316341199999998,2.5381513000000003e-05,4.5029354899999995e-07,4.81093743e-07,1.0077517510000001e-06,1.29331428e-06,1.821279145e-06,3.923159700000001e-06,7.92639914e-06,0.24965919800000003,0.00233810761,0.000699009808,70.228754,51.1846225,1.68030414e-05,6.280074330000001,0.01134086355,5.52180391,0.0002602048848,2.312963386e-05,0.022981852200000003,21.9599866,0.0002602048848,2.312963386e-05,0.0058318777700000005,7.31582158,0.0002602048848,2.312963386e-05,0.00149046709,6.5304493500000005,0.0002602048848,2.312963386e-05,0.00511150354,4.219767219999999e-06,2.93619813e-05,-0.08730459769999999,18.97240285,0.015947802650000002,-0.00251745828,-0.0031998886500000006,2.0179141100000003e-06,2.0766791300000003e-05
355,1703202000,0.516126274,0.5161514979999999,0.09400354920000001,-1.46115299,1.1822986199999996,0.6442674970000001,1.0635699559999998,0.9914552760000002,0.01236274424,0.234495662,2.5911954800000002e-05,8.656616209999999e-07,9.346864039999999e-07,1.215269267e-06,1.9290349200000005e-06,2.63604493e-06,4.7034189299999996e-06,1.028589139e-05,0.254826451,0.0024499889699999998,0.0007634285620000001,69.0431069,51.170054799999996,1.71502275e-05,6.521231349999999,0.011259108,5.52701336,0.0004194355890000001,3.7500580749999994e-05,0.023249347000000004,22.346257099999995,0.0004194355890000001,3.7500580749999994e-05,0.006095986870000001,9.360177239999999,0.0004194355890000001,3.7500580749999994e-05,0.0017522409199999998,8.71085575,0.0004194355890000001,3.7500580749999994e-05,0.00507901952,2.5957261099999996e-06,2.77913007e-05,-0.04447572200000001,37.9641891,0.0173221767,-0.00316901299,-0.0036514236399999996,1.9261174e-06,2.04164243e-05
355,1703202600,0.34472262499999995,0.344747819,0.129619978,-1.3874382600000001,1.00420568,0.5114074279999999,0.879289352,0.807849648,0.0137480327,0.1669093256,2.59602297e-05,8.941260130000001e-07,9.98329505e-07,1.2216037410000002e-06,1.7468159380000002e-06,2.352891302e-06,4.12159225e-06,8.51172277e-06,0.1697713955,0.0017563759999999998,0.000812928384,69.18172469999999,51.4129043,1.145450412e-05,6.51351488,0.009102335369999999,3.81392222,0.0002098760522,1.840067137e-05,0.018656207900000003,15.031005500000001,0.0002098760522,1.840067137e-05,0.005774795930000001,5.52970923,0.0002098760522,1.840067137e-05,0.0013099100540000003,4.816173717,0.0002098760522,1.840067137e-05,0.00508046545,2.64704128e-06,2.7810204999999997e-05,-0.5339718236000001,35.3187905,0.0123034246,-0.0032760916700000004,-0.00375073565,1.8082759999999999e-06,1.83895347e-05
355,1703203200,0.368822405,0.368847702,0.0006708602619999997,-1.32813132,1.4685822830000002,0.52926277,0.857051166,0.7928867190000001,0.02503984651,0.210381312,2.5699430799999998e-05,5.71114537e-07,7.791251250000001e-07,1.1610610270000002e-06,1.8718110120000002e-06,2.591304515e-06,4.33062403e-06,7.95432731e-06,0.18253176600000004,0.001790992735,6.872582589999999e-05,67.3970711,51.0560799,1.2261695219999997e-05,6.48874807,0.00942241253,4.06687963,0.00024342688660000002,2.1513028159999996e-05,0.01935281145,16.1136856,0.00024342688660000002,2.1513028159999996e-05,0.005829202760000001,6.10608658,0.00024342688660000002,2.1513028159999996e-05,0.0013569845729999998,5.3521654543,0.00024342688660000002,2.1513028159999996e-05,0.00514913905,7.48001238e-06,3.286266569999999e-05,0.16406334390000002,168.94492339999996,0.046276482499999994,-0.0031267649700000002,-0.0037116006599999993,2.0680478499999997e-05,0.00022102035030000002
355,1703203800,0.709744059,0.709769212,-0.00093504815,-0.33660586299999995,2.483625826,0.707485785,1.054232185,0.9785548690000001,0.16320390204,1.2819633854999999,2.6409394000000002e-05,1.6834213394e-06,2.0355196020000004e-06,4.054697734e-06,6.438545366e-06,1.107809116e-05,3.799571146000001e-05,0.00010468251589999999,0.35052175300000005,0.003941302540000001,0.0002396317201,67.10447339999999,51.43626390000001,2.350784615e-05,6.7318077,0.014328117750000003,13.079466049999999,0.0006700707488,6.062631222e-05,0.025394776399999996,31.282224300000003,0.0006700707488,6.062631222e-05,0.00626934021,15.2393639,0.0006700707488,6.062631222e-05,0.00207587599,14.697500980000001,0.0006700707488,6.062631222e-05,0.005579033500000001,2.6793028560000003e-05,5.1954843899999995e-05,0.41448261889000004,140.94311127830002,0.07619834854999999,0.00018291222999999995,-0.0012072102430000001,5.612290629e-05,0.0005975316973000002
355,1703204400,0.303871377,0.30389674999999994,-0.00651294236,-1.49755368,1.0138059470000003,0.4989001699999999,0.7602981910000001,0.6977462890000001,0.01414992534,0.1604275544,2.6251610999999995e-05,1.04516105e-06,1.164035006e-06,1.628568083e-06,2.31952392e-06,3.0641396629999996e-06,5.54965729e-06,1.1741057770000001e-05,0.14906661250000003,0.00279565448,4.5876251999999995e-05,67.8300504,51.936597000000006,1.009232005e-05,6.534127290000001,0.008794701700000001,3.5940836099999998,0.000307211207,2.7324313673e-05,0.017782546899999998,13.206985699999999,0.000307211207,2.7324313673e-05,0.0058721170499999985,6.729580230000001,0.000307211207,2.7324313673e-05,0.00139316052,6.116634050999999,0.000307211207,2.7324313673e-05,0.00515297472,5.8169283e-06,3.1141395e-05,0.10360221780000001,101.0411452,0.0324912433,-0.003099984783,-0.00373061129,1.0051375879999998e-05,0.00010578622069999999
355,1703205000,0.28709273,0.287118122,-0.0001349461970000002,-1.2218501590000002,1.369241802,0.47832172999999995,0.712446736,0.640294555,0.03547426122,0.253191421,2.6058876700000004e-05,8.185295814e-07,9.823825750000001e-07,1.390765791e-06,2.169139479e-06,3.2230652769999994e-06,5.59627985e-06,1.121517593e-05,0.13974689399999998,0.0037287664400000005,4.4501154799999994e-05,69.8590561,52.5860411,9.531987389999999e-06,6.6301576199999985,0.0085587645,3.5452858500000004,0.0003593936763,3.204156431e-05,0.01697480505,12.3542125,0.0003593936763,3.204156431e-05,0.00589181699,7.2056178200000005,0.0003593936763,3.204156431e-05,0.001367606583,6.622476740000001,0.0003593936763,3.204156431e-05,0.005130543740000001,6.42053401e-06,3.18608459e-05,-0.1090647755,356.9315347,0.06371105265,-0.0034310708999999995,-0.0039086628,2.0730523269999996e-05,0.00022731116400000006
355,1703205600,0.277853456,0.27787904399999996,-0.00527424103,-1.5656772799999998,1.007543259,0.47901788300000003,0.7053965370000002,0.666995339,0.010154656389999999,0.1426237542,2.59825512e-05,4.77520893e-07,5.497426239999999e-07,7.725603909999998e-07,1.2621921020000001e-06,1.82461941e-06,3.098844743e-06,6.8000580599999985e-06,0.13621897060000002,0.0026607249799999997,3.18113018e-05,67.8839704,52.0368025,9.23669443e-06,6.366491099999999,0.0083688132,3.05041224,0.00024275112590000004,2.1381119650000002e-05,0.0169136932,11.9868673,0.00024275112590000004,2.1381119650000002e-05,0.0057779506799999995,5.72380403,0.00024275112590000004,2.1381119650000002e-05,0.0012278248509999998,5.00454645,0.00024275112590000004,2.1381119650000002e-05,0.005112992469999999,3.7683460599999998e-06,2.930826e-05,-0.0018456730000000088,170.30933140000002,0.0347591722,-0.0036078614300000004,-0.00398903385,9.192002399999998e-06,0.0001008930738
355,1703206200,0.370256026,0.37028147999999994,-0.00995324437,-1.125160962,1.2637135809999998,0.52655204,0.85018846,0.73037229,0.04777207161000001,0.25719068850000004,2.5934988999999998e-05,8.441076089999999e-07,1.5165660344e-06,2.8959114404e-06,4.632099723e-06,7.70684166e-06,1.2533970164e-05,2.9545347880000003e-05,0.17285953899999998,0.011949251470000002,0.00025875351835,75.4284191,54.3662916,1.223029955e-05,6.78709387,0.00958410125,5.07355112,0.00031352339270000003,2.791383862e-05,0.018668067999999996,15.408882949999997,0.00031352339270000003,2.791383862e-05,0.005891929999999999,6.76322816,0.00031352339270000003,2.791383862e-05,0.001474698774,6.11495468,0.00031352339270000003,2.791383862e-05,0.005696163600000001,2.40558034e-05,4.94970145e-05,-0.2021065638,57.810939000000005,0.0393800686,-0.0009199465,-0.0026316638660000002,1.614356822e-05,0.00012636849159999999
355,1703206800,0.29652996899999995,0.296555471,-0.009046485642999999,-1.2958165540000002,1.195461476,0.492290194,0.72088451,0.674833094,0.026957326599999998,0.213654387,2.5682509399999998e-05,3.4032843699999997e-07,4.140624524e-07,8.267980020000001e-07,1.5472140709999997e-06,2.703781712e-06,5.12138945e-06,1.3114017619999998e-05,0.1436095508,0.004538186299999999,9.29284137e-05,75.94769249999999,52.9436298,9.8316633e-06,6.63974173,0.0087065298,3.56307058,0.0002974942467,2.6387768889999995e-05,0.0173685308,12.663291300000001,0.0002974942467,2.6387768889999995e-05,0.005872468049999999,6.36839657,0.0002974942467,2.6387768889999995e-05,0.0013941179,5.71120586,0.0002974942467,2.6387768889999995e-05,0.00527140505,7.888869289999998e-06,3.3335151099999996e-05,-0.259005067,37.83559459999999,0.023348068099999997,-0.00293324639,-0.003785750450000001,7.21490299e-06,5.33811761e-05
355,1703207400,0.3833958679999999,0.383421316,-0.004222743980000001,-0.6092423269999999,1.942746816,0.5365541500000001,0.821687582,0.68563342,0.08218097195,0.3895613686,2.5711941000000002e-05,7.620096409999999e-07,1.65724134e-06,3.380139743e-06,5.90957819e-06,1.037163976e-05,1.905995513e-05,4.450988262e-05,0.17604060500000002,0.015193586819999999,0.0003776781477,86.1442906,57.17145479999999,1.2609796e-05,7.456523300000001,0.010111039700000001,6.2344234,0.00011933950310000002,1.013571548e-05,0.0186626381,15.551501700000003,0.00011933950310000002,1.013571548e-05,0.00570088552,4.31008153,0.00011933950310000002,1.013571548e-05,0.00134064512,3.51069035,0.00011933950310000002,1.013571548e-05,0.00595319479,3.5868116409999996e-05,6.1313188e-05,-0.008126571070000007,156.0072491,0.070711116,0.00013250588999999985,-0.00265610365926,2.744177526e-05,0.00016795217659999997
355,1703208000,0.289601095,0.289626472,0.0044407374230000015,-1.0524667878999998,1.589336034,0.46999399799999997,0.702958948,0.6024558859999999,0.05613293928,0.2875879748,2.6052696300000003e-05,1.0060026560000003e-06,1.568253055e-06,2.525457982e-06,4.210782104999999e-06,6.610896014e-06,1.2159309649999999e-05,2.6151872020000003e-05,0.13352241520000002,0.011022453980000001,0.00020064992455,76.94604530000001,55.506853600000014,9.55482793e-06,6.99867744,0.008564573030000001,4.25225048,0.00034494526120000004,3.0881229906000004e-05,0.0161722383,11.813322099999999,0.00034494526120000004,3.0881229906000004e-05,0.0057725782100000005,7.585835606000001,0.00034494526120000004,3.0881229906000004e-05,0.001314324794,6.9595423090000015,0.00034494526120000004,3.0881229906000004e-05,0.00551118602,1.9470543970000004e-05,4.47727646e-05,-0.10088735929999997,257.0988782,0.06474033399999998,-0.001628056109,-0.00316049396,2.3937005740000002e-05,0.0002019901262
355,1703208600,0.37894669499999994,0.378972123,-0.003834882196,-0.9089880129999999,1.7961548030000003,0.5251662669999999,0.8764392430000001,0.718934448,0.06845198971,0.408046499,2.6101631499999997e-05,1.020045821e-06,1.7068138670000003e-06,3.1029479220000004e-06,5.23180868e-06,8.803910814e-06,1.638454199e-05,3.611496159999999e-05,0.172825806,0.01629685849,0.00027748329960000005,80.529396,56.17796059999999,1.24692653e-05,7.161453249999999,0.00971423716,5.77776197,0.00018697494710000003,1.6338711576000002e-05,0.018365400599999998,15.393831700000002,0.00018697494710000003,1.6338711576000002e-05,0.00573590926,4.75657927,0.00018697494710000003,1.6338711576000002e-05,0.0013499525450000002,4.066149435,0.00018697494710000003,1.6338711576000002e-05,0.00575748398,2.708056756e-05,5.25743745e-05,0.23163981196999997,172.1332901,0.05841751489999999,-0.0004660048399999999,-0.002402973693,2.068029808e-05,0.00015187739350000002
355,1703209200,0.658036903,0.6580622,-0.001517629044,-0.0182199184,2.6245176299999997,0.658708826,1.203149265,0.889789631,0.1596151156,0.681059697,2.67730164e-05,2.546085365e-06,4.27977075e-06,8.254960830000001e-06,1.4768952119999999e-05,2.4009455320000003e-05,4.676555795e-05,0.00011350976599999998,0.285647493,0.0423177775,0.0008374049219999999,92.2429754,61.0501627,2.1548107e-05,7.88293544,0.013333596649999998,11.854916070000002,0.0015059388896,0.0001370837174,0.022954129,25.29556685,0.0015059388896,0.0001370837174,0.006509925629999999,27.64924906,0.0015059388896,0.0001370837174,0.0025016135399999998,27.52727771,0.0015059388896,0.0001370837174,0.0072380065399999995,7.5782344e-05,0.00010099680459999998,0.05201886817000001,21.44925002,0.0747800378,0.006557813,0.001171313282,3.38164771e-05,0.000174349323
355,1703209800,0.35791621900000004,0.357941473,0.001229684438,-0.6512302847000001,1.8968454099999998,0.5020018199999999,0.845875825,0.650944866,0.08550162587,0.46176602399999994,2.61562126e-05,1.135807375e-06,1.595157983e-06,2.603872285e-06,4.35348333e-06,8.088879075e-06,1.5714012470000004e-05,4.263027696000001e-05,0.16697814700000002,0.011664713843,0.00023808859469999998,77.64754130000001,54.672443799999996,1.1768494540000002e-05,7.156444990000002,0.00936581185,5.27317533,0.0011897780356999999,0.000108267576215,0.0177880447,14.865881429999998,0.0011897780356999999,0.000108267576215,0.006263146190000001,20.14255152,0.0011897780356999999,0.000108267576215,0.00182465627,19.968178116,0.0011897780356999999,0.000108267576215,0.00553892809,1.957912007e-05,4.48921117e-05,0.20468180449999998,205.92373184000002,0.079172959,-0.00141755121,-0.0030688584999999996,2.4677916579999997e-05,0.0002452687487
355,1703210400,0.6918593510000001,0.6918845530000001,-0.0022498005339999993,0.07660495250000003,2.95276506,0.6779559940000001,1.306239875,0.9680920649999999,0.15739908539999997,0.824122758,2.66431818e-05,2.40886639e-06,4.6786329199999995e-06,9.175795019999999e-06,1.78341987e-05,3.40269258e-05,7.49501249e-05,0.00018928155439999997,0.296862374,0.0474584012,0.001275042904,92.41657419999999,63.480699800000004,2.24318184e-05,7.99830331,0.01490373405,15.35344326,0.0005307539462000001,4.7892591069999994e-05,0.023227473100000003,26.3499749,0.0005307539462000001,4.7892591069999994e-05,0.00615379826,13.5442919,0.0005307539462000001,4.7892591069999994e-05,0.00227969661,12.952058979999999,0.0005307539462000001,4.7892591069999994e-05,0.00794680033,0.00010137022480000001,0.0001265339806,-0.0012941791200000035,15.479880509999997,0.1093377852,0.009941354190000001,0.0035029798440000003,3.7425228199999995e-05,0.000261016094
355,1703211000,0.6899953630000001,0.6900206649999999,-0.0038818088980000004,0.12938601300000002,3.0755813899999995,0.680662663,1.301364737,0.943641288,0.164457631,0.8980467799999999,2.6199272399999998e-05,1.8774961449999997e-06,3.97641831e-06,8.00467398e-06,1.60034721e-05,3.09731723e-05,6.524037019999999e-05,0.000174222584,0.29344728300000006,0.050090973299999994,0.0011573307220000002,92.88637840000001,63.964783200000014,2.2405812549999998e-05,7.95268969,0.015010076899999999,15.0663611,0.0007244157149999999,6.544079025000001e-05,0.023416874900000002,26.610556199999998,0.0007244157149999999,6.544079025000001e-05,0.006257752850000001,17.14370042,0.0007244157149999999,6.544079025000001e-05,0.0023151154599999994,16.615296559999997,0.0007244157149999999,6.544079025000001e-05,0.0077944949799999995,9.03467419e-05,0.00011575593189999999,0.022067530000000002,14.046481410000002,0.0773771842,0.00939208025,0.0032306410149999997,3.3572426600000005e-05,0.0002108552545
355,1703211600,0.6306248329999999,0.630650299,-0.0044457399502,-0.1761202395,2.87472523,0.667349473,1.21252453,0.8860020460000001,0.1440803416,0.776731581,2.6395927400000003e-05,1.8752470439999998e-06,3.65935444e-06,7.5868372e-06,1.3986368849999998e-05,2.79641879e-05,5.74620663e-05,0.000156021104,0.27638536700000005,0.03760960445,0.00104756058,92.82824500000001,61.6229063,2.0487489700000004e-05,7.97193984,0.014231110549999999,13.421459299999999,0.0018416378715000001,0.00016796532286,0.022873930800000004,24.9349144,0.0018416378715000001,0.00016796532286,0.00659096849,34.66118952,0.0018416378715000001,0.00016796532286,0.00260205322,34.75618366,0.0018416378715000001,0.00016796532286,0.00750621314,8.117085489999999e-05,0.00010666499939999999,-0.016604055599999997,9.95476452,0.060772767699999994,0.00848208342,0.0024287956516999996,2.8276939599999997e-05,0.000134509896
355,1703212200,0.325762088,0.325787739,0.0014529881069999995,-1.36935827,1.174460823,0.508515245,0.806687129,0.74121013,0.024035037409999998,0.21333064899999998,2.6337120599999997e-05,7.53645916e-07,1.0333694328e-06,1.641778536e-06,2.7981216839999994e-06,4.848618605000001e-06,8.490404794000001e-06,2.240735395e-05,0.157728348,0.00495920543,0.00015082444990000004,73.1907397,52.647724200000006,1.078768705e-05,6.374331809999999,0.00939263705,4.22205619,0.00013266139409999999,1.1567835353999999e-05,0.0182112637,13.9569592,0.00013266139409999999,1.1567835353999999e-05,0.005683468389999999,4.14033272,0.00013266139409999999,1.1567835353999999e-05,0.001199266226,3.3790561870000007,0.00013266139409999999,1.1567835353999999e-05,0.00540120246,1.2322729389999999e-05,3.7851412600000004e-05,-0.002617463900000001,44.342710530000005,0.0243405853,-0.00210982433,-0.00325492337,6.476261599999999e-06,3.9458574300000006e-05
355,1703212800,0.391156191,0.39118163100000003,-0.00637756612,-0.6985008444999999,1.840668684,0.5322932629999999,0.807324631,0.6786207209999999,0.08580613305000001,0.471453171,2.64002164e-05,1.3242359134e-06,2.0571819857000005e-06,3.6490893813999997e-06,6.3205960929999985e-06,1.0301381134999998e-05,1.9750712106e-05,5.1966188300000006e-05,0.17605235800000002,0.01908131498,0.00034746309219999997,84.608646,57.4764442,1.2844059350000003e-05,7.22478869,0.010121511399999998,6.32340989,0.0002894290467,2.5897992303999996e-05,0.018333728449999996,15.7594796,0.0002894290467,2.5897992303999996e-05,0.005747442859999999,6.249414313000001,0.0002894290467,2.5897992303999996e-05,0.001380378924,5.583013707,0.0002894290467,2.5897992303999996e-05,0.00600856745,3.063850339e-05,5.6095634999999994e-05,0.16029391783,30.60969012,0.0422921414,0.000836733616,-0.0018260974700000001,1.4828148090000003e-05,8.361608620000001e-05
355,1703213400,0.409802787,0.40982806800000005,-0.00590396801,-0.7936627869999999,1.6478753359999998,0.540706198,0.9011150040000002,0.710946707,0.10145684576,0.41080324,2.6106893899999998e-05,1.13487919e-06,1.726270344e-06,2.622659544e-06,4.6121878850000005e-06,8.04832154e-06,1.446645891e-05,3.406727114e-05,0.1831520971,0.021441363640000002,0.0002401424918,78.27021749999999,57.617719799999996,1.350374538e-05,7.063128310000001,0.009806623220000001,5.6081042199999995,0.00027703308030000004,2.464894624e-05,0.0184476285,16.170479699999998,0.00027703308030000004,2.464894624e-05,0.005809941460000001,7.4822463599999995,0.00027703308030000004,2.464894624e-05,0.001426156174,6.742994189999999,0.00027703308030000004,2.464894624e-05,0.00565406316,1.9303782080000002e-05,4.4540767699999996e-05,-0.10722465250000002,28.58772196,0.030537025999999995,-3.676216999999992e-05,-0.0022877497245,1.07127942e-05,6.371731380000001e-05
355,1703214000,0.441749902,0.441775063,0.00114508486,-0.8377491319999999,2.052587665,0.5645748810000001,0.919603089,0.776198698,0.11226228419999999,0.613245379,2.60935518e-05,1.253365321e-06,1.7310013180000002e-06,2.99764566e-06,4.964789176e-06,9.136500974000001e-06,1.852381628e-05,4.490553973e-05,0.20392042240000005,0.01658144509,0.0002885551062,82.2371871,55.8049177,1.4541832600000002e-05,7.249240820000002,0.010503905199999998,6.18978835,0.00040041357324999995,3.5925431565e-05,0.019723441,18.0485937,0.00040041357324999995,3.5925431565e-05,0.00605886075,13.917463094000002,0.00040041357324999995,3.5925431565e-05,0.001685256923,13.08272328,0.00040041357324999995,3.5925431565e-05,0.00568803006,2.1384205639999997e-05,4.6626101199999997e-05,-0.042813140999999985,46.910763499999995,0.0431336444,-0.00024959108000000024,-0.00261612412,1.396551835e-05,8.14994934e-05
355,1703214600,0.7235472190000001,0.7235725929999999,-0.050292370100000004,-1.096261057,2.2049923,0.735457963,1.216199633,1.011405904,0.1497023711,0.820779909,2.6682526099999997e-05,1.8265679030000002e-06,2.5871402799999998e-06,4.52105102e-06,8.54613851e-06,1.4218358989999999e-05,2.92429432e-05,7.810695159999998e-05,0.326111122,0.034453128910000005,0.001068316125,87.1818141,58.07762760000001,2.3784558999999997e-05,7.5243408700000005,0.0140203377,10.719113830000001,0.00131438344,0.00011950354670000002,0.025395876,29.054552,0.00131438344,0.00011950354670000002,0.006440208090000001,22.55428337,0.00131438344,0.00011950354670000002,0.0023067752400000004,22.4975302,0.00131438344,0.00011950354670000002,0.00626206782,3.7393873469999996e-05,6.27198025e-05,-0.11354709810000001,19.384975170000004,0.045435455500000006,0.0029328867969999994,-0.0007767267480000002,1.8255871930000004e-05,9.3258238e-05
355,1703215200,0.85069324,0.850718401,-0.061698189364,-1.2629525899999998,2.0642880200000002,0.7877963900000001,1.28148911,1.138759765,0.1308570293,0.7526938459999999,2.6104799099999997e-05,1.4924241410000001e-06,2.204486267e-06,3.903456280000001e-06,6.9814041840000005e-06,1.2791303925000001e-05,2.2922269119999995e-05,5.7631544239999995e-05,0.387872741,0.03643137516,0.000932767501,81.9395059,55.99003689999999,2.80737294e-05,7.1014859999999995,0.014639887899999999,11.080764259999999,0.0020378736925,0.00018589286915,0.027591517899999994,34.305240100000006,0.0020378736925,0.00018589286915,0.006695895289999999,36.63903466,0.0020378736925,0.00018589286915,0.0025649765099999998,36.978931010000004,0.0020378736925,0.00018589286915,0.00601955788,3.0060236610000005e-05,5.5285096000000006e-05,0.050456956369999986,40.140779630000004,0.038971946400000006,0.0011890730149999996,-0.0010743827,1.3978469289999999e-05,8.76859207e-05
355,1703215800,0.835130783,0.835155995,-0.025388894280499997,-1.239679988,2.15414074,0.7988591759999999,1.2852017200000003,1.127171903,0.15205530849999999,0.787109409,2.7313004200000002e-05,2.721840625e-06,3.6328379960000004e-06,5.9642562319999994e-06,9.512902399999999e-06,1.5920533999999997e-05,2.9682536280000003e-05,7.174855526e-05,0.381682046,0.034758042530000005,0.000982768204,87.5162197,57.12573060000001,2.7515705399999998e-05,7.3992865199999995,0.015048830150000001,11.84137291,0.0004800020112,4.317290185e-05,0.027587129099999996,33.7608894,0.0004800020112,4.317290185e-05,0.00615266462,13.110920810000001,0.0004800020112,4.317290185e-05,0.00205503921,12.41013569,0.0004800020112,4.317290185e-05,0.00627870836,3.8709426110000005e-05,6.39580005e-05,-0.10801514944999999,21.00919867,0.0468018566,0.0028947676800000007,-0.000672765537,1.785739579e-05,9.51558926e-05
355,1703216400,0.701035013,0.701060374,-0.024025803249999998,-1.26679805,2.02266174,0.736978236,1.1982365899999998,1.039044217,0.11414967194999999,0.613533293,2.66394501e-05,2.0826057989999997e-06,3.5038799700000004e-06,6.6386107500000005e-06,1.156175124e-05,1.882546114e-05,3.6617759600000005e-05,8.71422985e-05,0.321832751,0.027313523439999998,0.00120176013,88.551396,57.1532806,2.30152701e-05,7.63517911,0.0143808248,11.14932866,0.0015743224529999999,0.00014333184480000002,0.025466333199999996,28.4807942,0.0015743224529999999,0.00014333184480000002,0.006576533899999999,27.02692879,0.0015743224529999999,0.00014333184480000002,0.0025329142499999997,27.065602610000003,0.0015743224529999999,0.00014333184480000002,0.00672585448,5.716493125000001e-05,8.24527553e-05,-0.10235688043999999,20.8517406,0.0628498506,0.004691910513,0.00028462809600000004,2.496822469e-05,0.0001278073896
355,1703217000,0.459624172,0.459649806,-0.08007894940000002,-1.40692066,1.1636980300000002,0.600921512,0.9404161930000001,0.8776767910000001,0.023342650099999997,0.23224545800000002,2.6471715000000004e-05,1.038510256e-06,1.107850805e-06,1.5951042090000001e-06,2.215431484e-06,3.14396624e-06,5.3445676699999994e-06,1.170975668e-05,0.22743481300000004,0.0017228035399999998,0.000627428476,67.21470059999999,50.990915400000006,1.527355495e-05,6.545744279999999,0.0108078273,5.01640801,0.00040163539789999996,3.589594175e-05,0.0218618563,19.965769799999997,0.00040163539789999996,3.589594175e-05,0.0060931658000000005,9.19163084,0.00040163539789999996,3.589594175e-05,0.0016971637300000001,8.519641881,0.00040163539789999996,3.589594175e-05,0.00517894146,4.391113490000001e-06,2.999282e-05,-0.10628174583000001,16.52171735,0.014096325100000001,-0.0026137916500000003,-0.0033956433100000003,1.80148508e-06,1.8289991300000003e-05
355,1703217600,0.324028188,0.32405338100000003,-0.054626073,-1.4093114100000002,1.048682002,0.5022766780000001,0.7776612409999999,0.714134302,0.02216864993,0.18887572360000002,2.5825203000000003e-05,7.189168319999999e-07,8.01541274e-07,1.114592133e-06,1.5623453949999999e-06,2.2690352899999997e-06,4.05132188e-06,8.644507670000001e-06,0.159717724,0.0016394721500000002,0.0006370937339999999,68.97975149999999,51.4325615,1.076105672e-05,6.597274670000002,0.00902442056,3.49608792,0.00012303810099999999,1.0466874144e-05,0.0181607709,14.015151900000001,0.00012303810099999999,1.0466874144e-05,0.005687664059999999,4.36447289,0.00012303810099999999,1.0466874144e-05,0.0011834599199999998,3.5643546799999997,0.00012303810099999999,1.0466874144e-05,0.00506930251,2.0404059799999996e-06,2.73127617e-05,-0.09912931260000002,37.4501692,0.014263302549999999,-0.00332264652,-0.0038081663799999998,1.5154285699999998e-06,1.81258669e-05
355,1703218200,0.289299921,0.28932515999999997,-0.0137084814,-1.45043563,0.93970369,0.48352772,0.739972592,0.702771462,0.0085513324,0.14478244,2.55779963e-05,4.4383815199999995e-07,4.60179938e-07,7.99020863e-07,1.072189381e-06,1.613486314e-06,2.9783435300000005e-06,6.16507286e-06,0.142361735,0.0016679027000000002,0.000606415336,70.43549829999999,51.432144300000004,9.614320249999999e-06,6.39062809,0.0087139381,3.18986635,0.0001822365335,1.5875542883e-05,0.0174056439,12.4652868,0.0001822365335,1.5875542883e-05,0.00576466785,5.1465384069999995,0.0001822365335,1.5875542883e-05,0.00126730029,4.395254941,0.0001822365335,1.5875542883e-05,0.00509563852,3.02874378e-06,2.8271846799999998e-05,-0.0555781883,20.220217299999998,0.0115122326,-0.00290778671,-0.00356900614,1.5131435e-06,1.68364025e-05
355,1703218800,0.276595993,0.276621575,-0.031944542640000004,-1.3909953199999998,0.9470164160000001,0.46623315600000004,0.733334871,0.690958602,0.01150815927,0.149934843,2.61929023e-05,6.76321521e-07,7.29187975e-07,9.491078629999999e-07,1.366757381e-06,1.969567483e-06,3.1385878889999995e-06,6.89384461e-06,0.13596608459999998,0.0017295874700000002,0.0005859613319999999,70.0694502,51.570751800000004,9.191847999999999e-06,6.407728599999999,0.00843155895,3.0184808999999997,0.00023226836519999995,2.045832503e-05,0.0169247402,11.9156844,0.00023226836519999995,2.045832503e-05,0.005853658109999999,5.96602422,0.00023226836519999995,2.045832503e-05,0.0013116153959999999,5.281745320000001,0.00023226836519999995,2.045832503e-05,0.005110980940000001,2.45720985e-06,2.79833757e-05,-0.24270938820000004,30.42355969999999,0.012218282,-0.00332756876,-0.0038281051700000007,1.51435086e-06,1.7410055199999998e-05
355,1703219400,0.33134811,0.33137378100000003,-0.037136996299999996,-1.33718973,1.0274938649999998,0.5044881049999999,0.8195500260000002,0.7603357099999999,0.0205435115,0.179797895,2.5956300100000002e-05,4.06729939e-07,4.6810336000000003e-07,6.27886952e-07,1.094367675e-06,1.618282087e-06,3.0416754600000004e-06,7.18375653e-06,0.16340829599999998,0.00169549769,0.0005555082,70.47615099999999,51.2898544,1.10084927e-05,6.477650250000001,0.009191596950000002,3.6286752900000003,0.0001628607815,1.400992034e-05,0.01853573,14.391662550000001,0.0001628607815,1.400992034e-05,0.00584041276,4.96456752,0.0001628607815,1.400992034e-05,0.00133210803,4.207436110000001,0.0001628607815,1.400992034e-05,0.005124525590000001,2.69458133e-06,2.83386851e-05,-0.2731932605,25.374664000000003,0.012054447250000001,-0.00314666736,-0.00373571086,1.5405748799999998e-06,1.8082431900000004e-05
355,1703220000,0.313798205,0.313824004,-0.0306699027,-1.35817563,1.0181185799999999,0.4953466539999999,0.7977243419999999,0.73926007,0.0164482737,0.16826924799999998,2.61504152e-05,4.1529561800000006e-07,4.256941079999999e-07,5.27409774e-07,8.397904870000001e-07,1.1564550410000001e-06,1.9153330849999997e-06,4.57527001e-06,0.15470992200000003,0.00162908287,0.0005498870889999998,69.92397410000001,51.2903421,1.043897515e-05,6.18150944,0.0089044685,3.35731538,0.00021720238399999995,1.9063356120000005e-05,0.0180685496,13.5306398,0.00021720238399999995,1.9063356120000005e-05,0.005804593950000001,5.29090597,0.00021720238399999995,1.9063356120000005e-05,0.001247644854,4.598538166999999,0.00021720238399999995,1.9063356120000005e-05,0.0051181398,1.7510336199999998e-06,2.7595307e-05,-0.21760256995,41.2919765,0.01294084245,-0.0035267213800000002,-0.003960373860000001,1.44988845e-06,1.89336731e-05
355,1703220600,0.27402749400000004,0.274053201,-0.0455416621,-1.35824055,0.9488539639999999,0.46317362199999995,0.7404976,0.692083629,0.01305383306,0.14364167960000002,2.6522459099999995e-05,9.124943559999999e-07,1.002393898e-06,1.1933633959999999e-06,1.6633150229999998e-06,2.3374421350000003e-06,3.7834488100000003e-06,8.213669689999999e-06,0.135040962,0.00134621043,0.0006065614079999999,68.0171389,51.246743800000004,9.1002369e-06,6.596804860000001,0.0084468909,2.99147374,0.00028581893000000004,2.5253145799999996e-05,0.016972955499999998,11.881242499999999,0.00028581893000000004,2.5253145799999996e-05,0.005930816449999999,6.34887257,0.00028581893000000004,2.5253145799999996e-05,0.0013514266199999999,5.693547520000001,0.00028581893000000004,2.5253145799999996e-05,0.005104889560000001,1.57289548e-06,2.7318912599999996e-05,-0.261739029,41.71800609999999,0.010879387,-0.00362137967,-0.004026861979999999,1.29348304e-06,1.6447915e-05
355,1703221200,0.27025964199999997,0.270285313,3.6831499999999405e-05,-1.4502850600000001,0.9001024830000001,0.466224145,0.717809411,0.684920911,0.007505278430000001,0.13615251,2.62711043e-05,6.918535069999999e-07,7.713557968999999e-07,8.852169450000001e-07,1.301257068e-06,1.7783989e-06,2.95708948e-06,6.574872220000001e-06,0.13302407900000002,0.0014674071200000002,0.000622740757,69.1754271,51.367964900000004,8.97860475e-06,6.48786091,0.00839013295,2.9439602999999996,0.00028365567810000004,2.507737521e-05,0.016853168999999998,11.690733900000001,0.00028365567810000004,2.507737521e-05,0.0058227987,5.896134979999999,0.00028365567810000004,2.507737521e-05,0.0012717786430000001,5.247941725,0.00028365567810000004,2.507737521e-05,0.005098313950000001,1.8580508800000004e-06,2.74586202e-05,-0.245295878,39.9994374,0.011451154500000001,-0.00349683088,-0.00396776846,1.40178202e-06,1.6605384249999997e-05
355,1703221800,0.250162441,0.250188115,0.07598037469999999,-1.506475713,1.059594838,0.45806641,0.684433397,0.6466697370000001,0.014645982900000002,0.147817328,2.6247815500000005e-05,8.157871755e-07,1.1677128850000001e-06,1.7688116044999996e-06,2.706566291e-06,3.6586669739999996e-06,5.45334994e-06,9.632197370000001e-06,0.1230316575,0.00131283303,0.0007108906830000001,71.14901840000002,51.4013186,8.308405219999998e-06,6.52908328,0.008100750799999999,2.9924489,0.00025845116815000004,2.284260517e-05,0.0161348206,10.78310475,0.00025845116815000004,2.284260517e-05,0.0058170478700000005,5.817384519999999,0.00025845116815000004,2.284260517e-05,0.00123626543,5.170062369999999,0.00025845116815000004,2.284260517e-05,0.005152563529999999,1.1704794790000002e-05,3.742768769999999e-05,-0.19852246350000002,145.27647159999998,0.053025741500000015,-0.0037265930599999996,-0.00406915951,4.3958194869999994e-05,0.0004667283909999999
355,1703222400,0.22953967400000003,0.22956542400000002,0.0914510182,-1.61874623,0.786474009,0.44178538200000006,0.6432571389999999,0.6216564869999999,0.00563479405,0.10658135799999999,2.61251753e-05,4.188299469999999e-07,4.4306236400000005e-07,5.665209789999999e-07,8.692621169999998e-07,1.2365624209999999e-06,2.04111477e-06,4.8753176299999995e-06,0.112983617,0.0011004652299999999,0.0006748397459999999,69.84904449999999,51.31034699999999,7.630050099999998e-06,6.62628112,0.007800623269999999,2.50862445,0.00010602985459999999,8.93080772e-06,0.0155366953,9.916841349999999,0.00010602985459999999,8.93080772e-06,0.005599627670000001,3.2257425600000005,0.00010602985459999999,8.93080772e-06,0.000985291525,2.4841627849999997,0.00010602985459999999,8.93080772e-06,0.00510257541,1.51825426e-06,2.72476348e-05,-0.6201513839999999,49.1636491,0.011724437149999998,-0.00375763289,-0.00408515164,1.55237362e-06,1.87856162e-05
355,1703223000,0.230503532,0.23052927399999995,0.06979201214,-1.61062059,0.897664915,0.442932859,0.648657295,0.614306255,0.01068298413,0.11897487559999997,2.60327239e-05,3.61714641e-07,4.09357554e-07,5.510964280000001e-07,8.848660760000002e-07,1.2540324560000002e-06,2.1045311499999996e-06,4.859418570000001e-06,0.11332389600000001,0.00134577303,0.0005713202372999999,71.92300639999999,51.450566800000004,7.66320372e-06,6.6416189900000004,0.00781535542,2.57323654,0.0001888386032,1.648765814e-05,0.015585074,10.02547505,0.0001888386032,1.648765814e-05,0.00573847576,4.611621540000001,0.0001888386032,1.648765814e-05,0.001131801087,3.8988283059999995,0.0001888386032,1.648765814e-05,0.00512251403,2.5039572099999997e-06,2.8235920599999996e-05,-0.5258533410000001,108.40858749999998,0.02236117975,-0.0037290123999999996,-0.004081238290000001,3.98612663e-06,4.32436323e-05
355,1703223600,0.22873639700000004,0.22876223600000004,0.0108850794,-1.4611646999999999,1.359979015,0.43286783,0.645694715,0.5897055000000001,0.013415123980000002,0.135445477,2.61843536e-05,5.953942886000001e-07,9.894634039999998e-07,1.616201647e-06,2.718041089e-06,4.445250597e-06,8.118133782999999e-06,1.8388652530000002e-05,0.11231350249999998,0.0019168604999999998,0.0001005712207,73.719722,51.69147690000001,7.57835061e-06,7.23903459,0.008161590149999998,3.3275629599999994,0.00018786510379999999,1.6394020510000002e-05,0.0154994459,10.0609663,0.00018786510379999999,1.6394020510000002e-05,0.005721396209999999,4.54591242,0.00018786510379999999,1.6394020510000002e-05,0.0011550363589999998,3.8276598900000005,0.00018786510379999999,1.6394020510000002e-05,0.00538943458,1.315135282e-05,3.90070986e-05,0.003108147000000003,129.23184740000002,0.06399621,-0.0033524076299999996,-0.00394879838,1.62060963e-05,0.0001240877251
355,1703224200,0.296825412,0.296850981,0.00576346259,-1.56146274,1.4819702700000001,0.499929852,0.722309542,0.6752081189999999,0.0233136963,0.18017953199999998,2.6219599699999997e-05,9.139542670000001e-07,1.3364054240000002e-06,2.0790632940000006e-06,3.46707019e-06,5.49950675e-06,9.86345149e-06,2.217986867e-05,0.145320469,0.00293642097,0.00010981224439999999,72.9246995,52.0319743,9.8329435e-06,7.209762270000001,0.009094296899999998,3.8690210199999995,0.0001452401907,1.2659504704e-05,0.0174945984,12.760882300000002,0.0001452401907,1.2659504704e-05,0.0056888938400000005,4.81178701,0.0001452401907,1.2659504704e-05,0.0012034179689999998,4.047777233,0.0001452401907,1.2659504704e-05,0.005378528719999999,1.5044168380000002e-05,4.0621213e-05,-0.015602172300000005,228.65027700000002,0.0841973974,-0.00307529788,-0.0037598523599999996,2.13445693e-05,0.000177053145
355,1703224800,0.27295608800000004,0.27298189,0.005982990399999999,-1.5963899899999998,1.245038023,0.481114129,0.691671113,0.652332417,0.023484272100000002,0.161476137,2.6437567e-05,7.767047990000001e-07,9.764361770000001e-07,1.4070114280000002e-06,2.198394367e-06,3.427413726e-06,5.896793809999999e-06,1.285513375e-05,0.1339831226,0.00240231648,6.44195244e-05,68.368073,51.797651699999996,9.0599805e-06,6.73582567,0.008576945400000001,3.3006089199999997,0.0002488937026,2.205941886e-05,0.016816362500000005,11.8080257,0.0002488937026,2.205941886e-05,0.005792699009999999,5.57203219,0.0002488937026,2.205941886e-05,0.00123734961,4.898785028,0.0002488937026,2.205941886e-05,0.00523507121,7.356023780000001e-06,3.3111371499999995e-05,0.007954057200000001,340.3286236,0.0636040424,-0.00337449135,-0.00394045482,1.303857107e-05,0.0001262765886
355,1703225400,0.291823297,0.291848869,0.006739034302000001,-1.5270704099999999,1.4193058099999998,0.49410709299999994,0.7339723979999999,0.671383003,0.023767283,0.174891248,2.6261723299999997e-05,8.122828680000002e-07,1.101491627e-06,1.6793260169999998e-06,2.77203266e-06,4.3362467e-06,7.96947334e-06,1.7907021900000002e-05,0.14231471099999998,0.0034651751199999995,9.449769300000001e-05,72.5275445,52.402579700000004,9.673391199999998e-06,7.08873157,0.008983457200000001,3.7196890600000003,0.0001796297953,1.6002945397e-05,0.0173783598,12.61079275,0.0001796297953,1.6002945397e-05,0.00574144053,5.487701200000001,0.0001796297953,1.6002945397e-05,0.001232496481,4.74362032,0.0001796297953,1.6002945397e-05,0.005295841650000001,1.0833060540000001e-05,3.6359234399999995e-05,0.05876453619999998,215.69370639999997,0.07386500859999999,-0.0032652503299999995,-0.00381270218,1.3939481759999997e-05,0.0001253546096
355,1703226000,0.35791577500000005,0.357941313,0.001847023976,-1.58698823,1.1602479220000002,0.5487185670000001,0.7881990589999999,0.7485978480000001,0.0236784352,0.2171843,2.6228521500000004e-05,8.308984399999999e-07,9.451008839999999e-07,1.320351133e-06,2.01419899e-06,2.91871793e-06,7.166388170000001e-06,1.137958093e-05,0.176284694,0.0025918854600000003,5.3995998899999995e-05,67.95201420000001,51.494288100000006,1.18890502e-05,6.754159230000001,0.009664471999999999,4.03324701,0.00020045749799999998,1.758335541e-05,0.019306451800000003,15.556450400000003,0.00020045749799999998,1.758335541e-05,0.00576985511,5.3702616,0.00020045749799999998,1.758335541e-05,0.001281669785,4.66553118,0.00020045749799999998,1.758335541e-05,0.00516017706,4.70117824e-06,3.02430374e-05,0.004716846799999996,117.98801209999999,0.035500504700000005,-0.0032359434800000005,-0.00373003102,5.806928020000001e-06,5.8925976999999995e-05
355,1703226600,0.32889817099999996,0.32892402400000004,0.0033409735299999993,-1.5682403800000002,1.39946772,0.524876725,0.751710454,0.711134207,0.012633930009999999,0.170828907,2.6726594800000006e-05,1.0911219539999998e-06,1.432557885e-06,2.153042604e-06,3.40035982e-06,5.237363620000001e-06,1.096593849e-05,1.992821825e-05,0.161884939,0.00242589559,9.31278221e-05,71.29226979999999,51.5443026,1.090307265e-05,7.119442309999999,0.009477295200000003,4.02803818,0.0002717149347,2.400550675e-05,0.018541148900000002,14.241294599999998,0.0002717149347,2.400550675e-05,0.00589807639,6.372217200000001,0.0002717149347,2.400550675e-05,0.0014047188259999998,5.6931231250000005,0.0002717149347,2.400550675e-05,0.005346682909999999,1.1994556210000001e-05,3.78040113e-05,0.03440431694999999,150.0279023,0.06799327,-0.00309442827,-0.00369692846,1.4259241290000001e-05,0.000115814668
355,1703227200,0.28244920200000007,0.28247497899999996,-0.00330861604,-1.4153128699999997,0.9590917649999999,0.47441570899999996,0.758535658,0.7080591030000001,0.00918329757,0.13493225450000002,2.6372851300000004e-05,7.07518265e-07,8.350778740000001e-07,1.0015754859999999e-06,1.4802421100000001e-06,2.1636706860000003e-06,3.8397557699999995e-06,8.38474987e-06,0.1396981335,0.00147029162,3.71187926e-05,66.759093,51.076753000000004,9.383503199999999e-06,6.45685046,0.008432630379999998,3.14771264,0.0002577276759,2.276108832e-05,0.0172687208,12.3125553,0.0002577276759,2.276108832e-05,0.0058586549,5.79519026,0.0002577276759,2.276108832e-05,0.001312425867,5.121360224,0.0002577276759,2.276108832e-05,0.00516897176,3.31083673e-06,2.9171040300000007e-05,0.088857254,56.9730597,0.022474405399999998,-0.00337387278,-0.00393692851,3.1356267599999998e-06,3.1960748e-05
355,1703227800,0.242820851,0.24284649700000002,0.034411266342,-1.4738188399999999,0.790261645,0.44219871499999996,0.6945587149999999,0.651544891,0.00847910162,0.11407677769999999,2.6170188800000002e-05,5.97039607e-07,6.737275770000001e-07,7.805618029999999e-07,1.149060868e-06,1.5788145450000002e-06,2.8009121600000002e-06,5.94916968e-06,0.119702387,0.00147787815,0.00021604635629999999,67.7378669,51.4250258,8.06925632e-06,6.4259012,0.007757890880000002,2.6422313600000003,0.00015948171580000003,1.3953312810000001e-05,0.0158859768,10.5059735,0.00015948171580000003,1.3953312810000001e-05,0.005659089800000001,4.137382005,0.00015948171580000003,1.3953312810000001e-05,0.0010780942760000001,3.380630155000001,0.00015948171580000003,1.3953312810000001e-05,0.005112305209999999,2.0561923799999998e-06,2.7705805999999998e-05,-1.2568342865999997,103.2340278,0.01615536865,-0.0035900372200000003,-0.00400185202,1.8785327199999998e-06,1.94303813e-05
355,1703228400,0.21811163099999997,0.21813729199999998,0.13053395510000002,-1.51564174,0.781898861,0.42466207699999997,0.68244582,0.634444367,0.01002409835,0.108074623,2.6524878999999997e-05,8.913832679000002e-07,9.394528619999999e-07,1.1205603140000002e-06,1.500928125e-06,1.9597035190000002e-06,3.147475523e-06,6.15243345e-06,0.10688000100000002,0.0013934079399999999,0.000765816519,67.4352557,51.7183974,7.2473321700000005e-06,6.48334962,0.00744484739,2.39971921,0.0001601862431,1.414077325e-05,0.01507023795,9.412977360000001,0.0001601862431,1.414077325e-05,0.0056281064900000006,4.080140634,0.0001601862431,1.414077325e-05,0.0010027230639999998,3.3390412731,0.0001601862431,1.414077325e-05,0.005092846829999999,1.32978545e-06,2.6996309599999995e-05,-0.5389837027,69.0411148,0.013089870549999999,-0.0038130718,-0.00412927039,1.7000807499999999e-06,1.90571744e-05
355,1703229000,0.269688974,0.269714652,0.14269733499999998,-1.35579567,0.9377536149999999,0.46013268199999996,0.802111991,0.7407601249999999,0.01160404386,0.13381827200000002,2.6216993700000002e-05,5.867864414999999e-07,6.181153522e-07,7.550394720000001e-07,1.075867667e-06,1.45376819e-06,2.3748266100000003e-06,5.04967556e-06,0.13253849350000002,0.00147761518,0.0008158836289999999,69.84901140000001,51.4472984,8.96520235e-06,6.25335658,0.008188483290000001,2.96304984,0.00024791888339999993,2.180510325e-05,0.016863125899999998,11.739924149999998,0.00024791888339999993,2.180510325e-05,0.00585445811,5.47371572,0.00024791888339999993,2.180510325e-05,0.001272715634,4.79196631,0.00024791888339999993,2.180510325e-05,0.0050909895099999995,1.2390974199999999e-06,2.6922017e-05,-0.418890393,59.292796800000005,0.01197877886,-0.00374579024,-0.0040735251,1.3491192299999998e-06,1.7235089699999998e-05
355,1703229600,0.315483127,0.315508656,0.13046951199999998,-1.3665565499999999,1.013393431,0.49673546700000004,0.8641013840000001,0.771136032,0.0164212181,0.16271595840000003,2.61796953e-05,7.297807954999999e-07,9.922482127999997e-07,1.1679480926e-06,1.522811393e-06,1.8197765819999997e-06,3.235085735e-06,7.7859689e-06,0.15537511659999997,0.0014981257199999998,0.000850404582,68.79962379999999,51.331798400000004,1.048795494e-05,6.23528127,0.008904027479999998,3.5433426000000003,0.00022601025519999998,1.9850725599999998e-05,0.0181323783,13.7697702,0.00022601025519999998,1.9850725599999998e-05,0.00587301259,5.829057199999999,0.00022601025519999998,1.9850725599999998e-05,0.00138432766,5.111656699999999,0.00022601025519999998,1.9850725599999998e-05,0.00515997448,3.850027400000001e-06,2.93158153e-05,-0.39999068764999995,65.42307910000001,0.0187398212,-0.0029696162799999998,-0.0036987450800000004,2.50406164e-06,2.3459937199999997e-05
355,1703230200,0.282827012,0.282852448,0.12743638399999999,-1.4553406399999997,0.910265284,0.478738966,0.7925117050000001,0.73539745,0.0075763755499999984,0.1287678056,2.5807557200000002e-05,4.17512123e-07,4.5696585000000003e-07,5.88139094e-07,9.64050252e-07,1.365049152e-06,2.3603496600000002e-06,5.2836426e-06,0.13914503900000003,0.0014312162299999999,0.0008253940229999999,71.51585650000001,51.36402569999999,9.40051785e-06,6.607278259999999,0.00842476047,3.09014201,0.00017220707339999999,1.4905811189999999e-05,0.017253246699999995,12.2763343,0.00017220707339999999,1.4905811189999999e-05,0.005753686379999999,4.6419469399999995,0.00017220707339999999,1.4905811189999999e-05,0.0012309026800000002,3.9159756329999995,0.00017220707339999999,1.4905811189999999e-05,0.005072534370000001,1.9635859299999997e-06,2.73103818e-05,-0.647049071,62.284122100000005,0.0182116233,-0.0034865286200000006,-0.00388574701,1.9029161500000002e-06,2.28953226e-05
355,1703230800,0.298618403,0.29864354200000004,0.13587300499999996,-1.47100701,0.9865801249999999,0.49152252800000007,0.812874802,0.7529479760000001,0.010852430350000001,0.14037527700000002,2.56805417e-05,6.570118e-07,8.411787669999999e-07,1.0268973409999998e-06,1.5161830449999998e-06,1.96719663e-06,3.51889587e-06,7.80509566e-06,0.14708140639999998,0.0013433934299999998,0.000866471859,70.6072051,51.2723035,9.92031465e-06,6.5824476,0.008675546499999999,3.31126988,0.00035656626350000003,3.1860311337e-05,0.017682664100000002,12.949950950000002,0.00035656626350000003,3.1860311337e-05,0.00592768715,7.468711483,0.00035656626350000003,3.1860311337e-05,0.00145418776,6.816576863,0.00035656626350000003,3.1860311337e-05,0.00510751668,3.48879259e-06,2.8677924399999997e-05,-0.37109341650000005,55.368738900000004,0.023573901600000002,-0.003061125373,-0.0036568637200000004,3.12957278e-06,3.6796118399999994e-05
355,1703231400,0.34617348299999995,0.34619895500000003,0.09961703959999998,-1.4054740899999998,1.022693735,0.524451499,0.872726647,0.8121997970000001,0.0168538996,0.17211040299999997,2.5969688699999998e-05,6.395387374e-07,8.825727830000001e-07,1.1428564364e-06,1.5951837430000002e-06,1.779290507e-06,3.3130498730000003e-06,8.06125008e-06,0.17091470799999997,0.0012610719,0.000892961739,69.4498951,51.0672316,1.150476155e-05,6.37366358,0.0093760248,3.8456585999999993,0.0002315086316,2.0351952874000003e-05,0.0190622046,15.141342049999997,0.0002315086316,2.0351952874000003e-05,0.00581394068,5.687359645000001,0.0002315086316,2.0351952874000003e-05,0.0013464056,4.965881649999999,0.0002315086316,2.0351952874000003e-05,0.0051568345,4.16388242e-06,2.9576657199999996e-05,-0.40308233800000004,36.648110630000005,0.0160303788,-0.00270055723,-0.00349349501,2.217022e-06,2.1071921199999998e-05
355,1703232000,0.395247962,0.39527326399999996,0.1335741289,-1.43563188,1.1042587259999999,0.561712129,0.9412787229999999,0.8769642690000001,0.0168466469,0.193598306,2.59391974e-05,7.772120129999999e-07,8.331647159999999e-07,1.0384413099999998e-06,1.6171947600000002e-06,2.2626116400000005e-06,3.6908019399999997e-06,8.047577519999999e-06,0.195408445,0.00129467955,0.000901957242,67.7723685,50.94917790000001,1.314030115e-05,6.393931820000001,0.00997903815,4.38411928,0.00031298472220000004,2.7813212839999998e-05,0.020416706200000002,17.36059455,0.00031298472220000004,2.7813212839999998e-05,0.005924105249999999,7.17976702,0.00031298472220000004,2.7813212839999998e-05,0.0014841945969999997,6.5375652650000005,0.00031298472220000004,2.7813212839999998e-05,0.0051071338,3.1667940699999998e-06,2.8514090399999998e-05,-0.36559613599999996,32.1115091,0.0168085713,-0.00302511052,-0.00356079027,1.82878074e-06,2.0970922899999997e-05
355,1703232600,0.32173912600000004,0.321764563,0.0438484135,-1.51955339,0.986655138,0.5148749149999999,0.7943492329999999,0.7414726340000001,0.010937339459999999,0.1546199724,2.62062886e-05,9.211065629999999e-07,1.0103857459999999e-06,1.27926103e-06,1.8893426499999998e-06,2.7422759900000003e-06,4.360634559999999e-06,9.720768099999998e-06,0.15791228699999998,0.00213896243,0.0007956036959999999,70.55951409999999,51.62696569999999,1.06863317e-05,6.706754289999999,0.009287726999999999,3.6759797300000003,0.0002636893129,2.327994388e-05,0.018425869499999997,14.064225800000003,0.0002636893129,2.327994388e-05,0.0058153230400000006,5.68522792,0.0002636893129,2.327994388e-05,0.0013318422450000003,5.034578153,0.0002636893129,2.327994388e-05,0.0051283130500000005,3.6673644399999996e-06,2.90886675e-05,-0.30669661400000003,24.6465211,0.0161708895,-0.0027706388599999998,-0.0034752919200000004,1.8384451499999997e-06,2.02836404e-05
355,1703233200,0.39710623500000003,0.397131352,-0.036751129300000004,-1.50197892,1.0815705199999999,0.571348755,0.852851032,0.7961493070000001,0.01724965725,0.200798099,2.5669623700000003e-05,6.59695622e-07,7.03677381e-07,8.640666059999999e-07,1.3437645079999997e-06,1.7266134129999998e-06,3.1082996299999997e-06,6.637119169999999e-06,0.19501193900000002,0.0027636359399999997,0.0007619534700000001,71.1979231,51.629616899999995,1.32062366e-05,6.37647825,0.01027239055,4.349949789999999,0.0002739739014,2.428259106e-05,0.0204356532,17.226599900000004,0.0002739739014,2.428259106e-05,0.00581802866,6.12987648,0.0002739739014,2.428259106e-05,0.0013923585,5.50202401,0.0002739739014,2.428259106e-05,0.00507136679,2.56022098e-06,2.7711450899999998e-05,-0.215011071,33.9550296,0.01516857385,-0.00313544552,-0.00366373647,1.5397379800000002e-06,1.7866963049999998e-05
355,1703233800,0.41386278499999996,0.413887875,-0.07639135550000001,-1.33494497,1.16317302,0.5648931570000001,0.912440361,0.8463258289999999,0.017486749729999997,0.213197174,2.5753641200000002e-05,7.702338209999999e-07,8.23276737e-07,1.010472596e-06,1.565054801e-06,2.1025183000000005e-06,3.5003529700000007e-06,7.8220718e-06,0.203342682,0.0029158768099999998,0.0006544950480000002,71.6538046,51.6610043,1.3758120299999999e-05,6.49786869,0.010243835900000001,4.43926411,0.00042737081800000003,3.8233208299999995e-05,0.020743301,17.924599800000003,0.00042737081800000003,3.8233208299999995e-05,0.00598616988,8.494630619999999,0.00042737081800000003,3.8233208299999995e-05,0.0015765540500000002,7.9056443000000005,0.00042737081800000003,3.8233208299999995e-05,0.005051751879999999,2.2360318100000003e-06,2.72952924e-05,-0.39447632689999995,39.225782,0.01540505035,-0.00324522281,-0.00374549894,1.58506396e-06,1.86368873e-05
355,1703234400,0.378568614,0.37859386400000006,-0.06891375790000001,-1.33851204,1.15282269,0.5439289270000001,0.877864301,0.8065371429999999,0.015947942649999998,0.200874444,2.6429659699999998e-05,1.274883441e-06,1.342885235e-06,1.634468818e-06,2.2421922809999997e-06,2.936064466e-06,4.79275947e-06,9.66245581e-06,0.185237792,0.0033669069899999993,0.000654560284,69.18859189999999,52.0189928,1.25766868e-05,6.504193969999998,0.00990293275,4.10665878,0.0002164137677,1.894853665e-05,0.0198664891,16.2763555,0.0002164137677,1.894853665e-05,0.005771411379999999,5.35930738,0.0002164137677,1.894853665e-05,0.0013302388610000001,4.622454622999999,0.0002164137677,1.894853665e-05,0.005077937829999999,2.5104872699999997e-06,2.7721059699999997e-05,-0.2342127874,27.320735300000003,0.012802862600000001,-0.0031612583300000005,-0.0037162521099999997,1.65749523e-06,1.8887981199999997e-05
355,1703235000,0.498917363,0.498942675,-0.010520516610000002,-1.46435513,1.22774999,0.633129489,0.976867318,0.9143154240000001,0.02404625075,0.262141648,2.59272282e-05,7.946151370000002e-07,8.216213310000001e-07,1.026310662e-06,1.6379525829999999e-06,2.2415519000000003e-06,4.07779701e-06,9.120463989999999e-06,0.247383454,0.0014128612149999999,0.0006420566069999999,68.6724864,50.7039381,1.658472895e-05,6.489395479999999,0.0114172593,5.45683751,0.0002651874806,2.3449211639999998e-05,0.0230457037,22.0242786,0.0002651874806,2.3449211639999998e-05,0.0058911200300000004,7.254238277000001,0.0002651874806,2.3449211639999998e-05,0.00148473002,6.550929400999999,0.0002651874806,2.3449211639999998e-05,0.005079206519999999,2.23405999e-06,2.7647217599999998e-05,-0.3995562328,33.41788900000001,0.0144767341,-0.00316406798,-0.00368466498,1.62705453e-06,2.0324061900000002e-05
355,1703235600,0.536110443,0.536135735,0.009034207550000003,-1.5448323,1.2094869,0.6668026119999999,0.9829424899999999,0.942103771,0.014736240250000001,0.257756888,2.61671932e-05,1.041981697e-06,1.113207767e-06,1.394566278e-06,2.137025093e-06,2.93896328e-06,4.98378338e-06,1.11004028e-05,0.26464847199999997,0.00275270396,0.0006284305979999999,69.058016,51.17766530000001,1.78149153e-05,6.49503455,0.011808250000000001,5.7217098900000005,0.00041446570400000004,3.705398589e-05,0.023788889299999998,23.3024036,0.00041446570400000004,3.705398589e-05,0.00602800461,9.018998369999998,0.00041446570400000004,3.705398589e-05,0.00166343107,8.401624860000002,0.00041446570400000004,3.705398589e-05,0.00507252104,2.29535791e-06,2.7605523299999996e-05,-0.3875128765,39.35987330000001,0.0151868158,-0.00313310256,-0.0036582680599999994,1.53995459e-06,1.8988318199999998e-05
355,1703236200,1.3328501600000002,1.3328755529999998,-0.01859562757,-0.9700711911,2.8737126699999997,0.9405716889999999,1.53514686,1.347491174,0.3284259002,2.007362305,2.76782152e-05,2.8589233219999995e-06,3.3841606934000005e-06,5.34936645e-06,8.874295439999998e-06,2.2720980379999997e-05,3.4800684226e-05,8.847699124e-05,0.660676681,0.0048684454900000005,0.0007111765500000001,67.41558210000001,50.9781951,4.42229985e-05,6.42453194,0.01799772545,18.277493540000002,0.0009088227624,8.233232900000001e-05,0.0345547709,59.074193,0.0009088227624,8.233232900000001e-05,0.00658680306,18.97935512,0.0009088227624,8.233232900000001e-05,0.00252025334,18.482774399999997,0.0009088227624,8.233232900000001e-05,0.00557963048,4.178842654e-05,6.70472278e-05,-0.6069471364,129.609831078,0.096515736,-0.00045882778999999996,-0.0016462583920000002,9.386969505999999e-05,0.0009607674932999999
355,1703236800,0.6854438169999999,0.685468967,-0.0448025293,-1.42340824,1.53012169,0.7317096040000001,1.1480600490000001,1.07770788,0.0268875926,0.35694480799999995,2.6614852e-05,1.605871352e-06,1.7031789569999999e-06,2.1141223829999998e-06,3.101151152e-06,5.309831309999999e-06,7.41908608e-06,4.24678866e-05,0.340359213,0.00163452193,0.0006628616130000001,65.87482800000001,50.6115202,2.27765673e-05,6.3630401899999995,0.01325519905,7.56730063,0.0004883068509999999,4.3784489800000003e-05,0.0267741597,29.9598366,0.0004883068509999999,4.3784489800000003e-05,0.006200730390000001,10.664121900000001,0.0004883068509999999,4.3784489800000003e-05,0.0019503671100000002,10.073445470000001,0.0004883068509999999,4.3784489800000003e-05,0.00507830192,4.28880249e-06,2.9525870400000002e-05,-0.30481024787,43.69747967000001,0.020860882549999998,-0.00213054278,-0.0028409044899999998,2.6677693799999996e-06,3.13344188e-05
355,1703237400,0.825183851,0.825208812,-0.0710621895,-1.2487001999999998,1.68353887,0.7817743330000001,1.3192527699999999,1.2086618899999997,0.048208415299999995,0.4559680279999999,2.63390402e-05,1.624407215e-06,1.6875976036e-06,2.0983882419999996e-06,3.16840525e-06,4.33378577e-06,6.9137918099999995e-06,2.7538419890000004e-05,0.40704759400000007,0.00482440344,0.000671040497,67.30052409999999,51.38234140000001,2.7437639099999995e-05,6.2103062399999995,0.0144082757,9.08160128,0.0006793144783999999,6.130412274999999e-05,0.029373840899999996,36.2920673,0.0006793144783999999,6.130412274999999e-05,0.00637677935,14.769054979999998,0.0006793144783999999,6.130412274999999e-05,0.00216935805,14.27557582,0.0006793144783999999,6.130412274999999e-05,0.00504168468,3.7870021200000004e-06,2.8704168299999996e-05,-0.3177420581,64.96744551999998,0.021531068550000004,-0.0023983016000000005,-0.0031007764700000003,3.61317331e-06,4.07893091e-05
355,1703238000,0.6125500039999999,0.612575034,-0.07115874670000001,-1.24865938,1.4188182899999997,0.6786275789999999,1.1530102000000002,1.0667200510000001,0.022968907599999998,0.30990811799999995,2.60898386e-05,1.271647873e-06,1.305263674e-06,1.667994032e-06,2.56122483e-06,3.4270866000000003e-06,5.6523183299999994e-06,3.179441549e-05,0.298826608,0.00674437096,0.0006552134159999998,71.06668499999999,52.370675500000004,2.03617145e-05,6.458216330000001,0.012726233600000001,6.985932919999999,0.00042632117839999997,3.812713368e-05,0.0254136623,26.734517900000004,0.00042632117839999997,3.812713368e-05,0.006069755709999999,9.396409289999998,0.00042632117839999997,3.812713368e-05,0.0017542722200000003,8.752354833999998,0.00042632117839999997,3.812713368e-05,0.00503578381,2.9523618e-06,2.7977834699999996e-05,0.18126570780000004,80.67723644,0.0225962731,-0.0028887029099999998,-0.0034396751099999997,3.2517646500000007e-06,3.6155796199999996e-05
355,1703238600,0.634982387,0.635007353,-0.06360545279999999,-1.34781188,1.4124056,0.6994619950000001,1.131934544,1.052694651,0.025076903100000002,0.33004444800000005,2.56839204e-05,8.64488221e-07,8.585680920000001e-07,1.045842632e-06,1.6304883920000001e-06,2.014527972e-06,3.3899692039999994e-06,7.619018979999999e-06,0.30895531400000004,0.00772437466,0.00079324531,74.26578500000001,52.8330994,2.11195084e-05,6.1655931299999995,0.0126502586,6.74420813,0.00049328886,4.426898811e-05,0.025453106399999998,27.1274763,0.00049328886,4.426898811e-05,0.00617419295,11.845227740000002,0.00049328886,4.426898811e-05,0.0018733627799999999,11.202459245,0.00049328886,4.426898811e-05,0.005029787829999999,2.0110828e-06,2.7009454899999998e-05,-0.7944965371700001,57.5709026,0.016308735050000002,-0.00305524575,-0.0036243080399999995,1.79715121e-06,2.32024965e-05
355,1703239200,0.733738717,0.733763928,-0.0663050964,-1.25034311,1.51590875,0.741579618,1.2651386199999999,1.1647480600000002,0.028840741699999995,0.36523532400000003,2.6390740900000002e-05,1.423065534e-06,1.417607242e-06,1.6554903570000001e-06,2.481476238e-06,3.1318948660000003e-06,5.097057124e-06,1.057438543e-05,0.360021335,0.00629950809,0.0005214716310000001,68.5739263,51.8884419,2.44069003e-05,5.91841638,0.0133463056,7.600301480000001,0.0006454860829,5.823693897e-05,0.0275204277,31.321415899999998,0.0006454860829,5.823693897e-05,0.00629282266,13.859677940000001,0.0006454860829,5.823693897e-05,0.00205869309,13.356061027,0.0006454860829,5.823693897e-05,0.00504751694,2.3793937699999997e-06,2.7481481600000002e-05,0.3265014367,86.60009090000001,0.022166202899999998,-0.00294194461,-0.003579368090000001,1.957374184e-06,2.47104231e-05
355,1703239800,0.5071887589999999,0.507214116,-0.01711669984,-1.51438316,1.29870212,0.646956884,0.967417038,0.888589621,0.0297400244,0.282503731,2.63333035e-05,1.10852849e-06,1.1888920396e-06,1.45162497e-06,2.132777772e-06,2.859646813e-06,4.8362076e-06,1.0577528929999999e-05,0.24688357600000002,0.00614260499,0.0005423524459999999,71.4196352,52.59788970000001,1.68506577e-05,6.355602920000001,0.01149477955,5.43462917,0.0004481486771,4.026400216e-05,0.022899925100000003,21.8116719,0.0004481486771,4.026400216e-05,0.00594994638,9.704523314,0.0004481486771,4.026400216e-05,0.0015541316110000002,9.119157686400001,0.0004481486771,4.026400216e-05,0.005077193190000001,2.2065143e-06,2.75731488e-05,0.08269986439999999,60.738744,0.020644443000000002,-0.0032077394699999997,-0.00367571659,2.0333953900000003e-06,2.47335236e-05
355,1703240400,0.550576969,0.550602314,-0.004027572816999998,-1.6285207,1.2464630399999999,0.686868609,0.963216897,0.910640291,0.0258632663,0.29180208900000004,2.64653586e-05,1.298693219e-06,1.3729871070000002e-06,1.6800144460000001e-06,2.4185115099999994e-06,3.27118078e-06,5.46265685e-06,1.175426875e-05,0.26834474799999997,0.006327853699999999,0.0005874771610000001,70.708496,52.4505862,1.82953881e-05,6.55731911,0.012000018600000002,5.84993706,0.0005948952837,5.3676995460000006e-05,0.0239069441,23.536088299999996,0.0005948952837,5.3676995460000006e-05,0.00615871412,12.555153226,0.0005948952837,5.3676995460000006e-05,0.0017857289000000002,11.995842913999999,0.0005948952837,5.3676995460000006e-05,0.005075153979999999,2.09116788e-06,2.7514760199999997e-05,0.06929258129999998,81.4200352,0.019751374749999998,-0.00321816786,-0.003671357470000001,1.8520605300000002e-06,2.4264763800000004e-05
355,1703241000,0.49040466299999996,0.4904299310000001,0.0561808491,-1.63075908,1.1314845500000001,0.650575904,0.9514040619999999,0.8769642559999999,0.0243181614,0.23918570299999997,2.5851792e-05,7.034195750000001e-07,7.278002200000001e-07,9.011635880000001e-07,1.3912764249999998e-06,1.833078959e-06,3.3076220399999994e-06,7.5684477700000005e-06,0.23459912099999997,0.0100099162,0.000576261989,76.84157339999999,54.356629299999994,1.6304584800000002e-05,6.27029579,0.01122191905,5.27318866,8.17106106e-05,6.82201038e-06,0.0223529013,20.683006900000002,8.17106106e-05,6.82201038e-06,0.00577338451,5.885561340000001,8.17106106e-05,6.82201038e-06,0.00137410375,4.971213830000001,8.17106106e-05,6.82201038e-06,0.00506939702,2.1918314899999996e-06,2.74317538e-05,-0.1594300783,31.971264499999997,0.014110178699999998,-0.0032496512999999998,-0.00368686415,1.60197576e-06,1.86088936e-05
355,1703241600,0.526406367,0.526431675,0.08261903125,-1.4686980200000002,1.2318375600000002,0.659875762,1.086370664,0.988792689,0.01724631025,0.243573328,2.6210922599999996e-05,1.078993446e-06,1.17746596e-06,1.7261340849999997e-06,2.05423399e-06,2.7444692e-06,5.42085034e-06,1.019451381e-05,0.25094598500000004,0.0116034495,0.0006284339373999999,74.10439799999999,54.6958215,1.7498844800000002e-05,6.375572780000001,0.011116555900000002,5.546447330000001,0.0005136750875,4.6143298490000005e-05,0.022952715199999998,21.7814981,0.0005136750875,4.6143298490000005e-05,0.0061841346,11.13908706,0.0005136750875,4.6143298490000005e-05,0.00184702889,10.57802109,0.0005136750875,4.6143298490000005e-05,0.005098455930000001,3.56468847e-06,2.8879545000000003e-05,-0.1128361229,19.1952572,0.012468597049999999,-0.00263021521,-0.0032567138000000003,1.70334507e-06,1.8074812399999998e-05
355,1703242200,0.620857515,0.6208827849999999,-0.002250796114,-1.2712357439999997,1.79461728,0.704440067,1.120646725,1.0260313300000001,0.0695683936,0.461911969,2.61700426e-05,1.0960480960000002e-06,1.3082180140000002e-06,1.7799139569999998e-06,2.9504626999999998e-06,4.23962872e-06,7.74628042e-06,1.75242401e-05,0.30011446100000005,0.01019973905,7.68541358e-05,72.70024500000002,53.332395299999995,2.06193715e-05,6.670756129999999,0.0122395434,6.929634609999999,0.001210953466,0.0001100286934,0.025135488299999998,26.5948907,0.001210953466,0.0001100286934,0.006710783789999999,21.801933870000006,0.001210953466,0.0001100286934,0.00241055493,21.63261206,0.001210953466,0.0001100286934,0.0051663523199999995,6.5447047e-06,3.17890439e-05,0.17394015000000002,170.44551099999998,0.05255810000000001,-0.0029568546400000006,-0.0035366324899999994,8.56465497e-06,7.93801626e-05
355,1703242800,0.720133121,0.7201582999999999,0.009660526210000001,-1.55912292,1.75246602,0.778989817,1.15571029,1.080032985,0.0270275908,0.369208656,2.64968523e-05,1.577718508e-06,1.8417923999999998e-06,2.1318962539999996e-06,3.125776686999999e-06,4.637156257e-06,7.796082189999999e-06,1.6370685029999997e-05,0.350290205,0.0094552664,0.00028231469919999996,70.6198111,52.742885,2.3933305199999997e-05,6.382766080000001,0.01338044535,7.70382993,0.0009400071523999999,8.522535279999999e-05,0.027190557599999998,30.535797799999994,0.0009400071523999999,8.522535279999999e-05,0.0064626545100000005,18.213431110000002,0.0009400071523999999,8.522535279999999e-05,0.00223186302,17.86391648,0.0009400071523999999,8.522535279999999e-05,0.00515056645,6.06402035e-06,3.1332378599999994e-05,-1.0627502173999999,171.08450729999998,0.048185978500000004,-0.0028697751500000005,-0.00342298489,8.34794617e-06,7.77457991e-05
355,1703243400,0.636829259,0.6368544039999999,0.00453107576,-1.6307874999999998,1.38139211,0.7375702040000001,1.034244082,0.9851550659999999,0.01599142603,0.318401375,2.59512963e-05,9.908839250000001e-07,9.665555345e-07,1.2404392979999998e-06,1.990933048e-06,2.9911664e-06,4.64777487e-06,1.37497588e-05,0.31022705500000003,0.007641920569999999,0.00051824292,72.22305209999999,52.56811650000001,2.1172060600000004e-05,6.2726428400000005,0.013059715599999999,6.943536540000001,0.0008743516772999999,7.92045739e-05,0.0257745365,27.458031600000005,0.0008743516772999999,7.92045739e-05,0.0062369168200000005,16.78951295,0.0008743516772999999,7.92045739e-05,0.0019214592240000001,16.412101631,0.0008743516772999999,7.92045739e-05,0.0050677972899999995,3.18268018e-06,2.8369031000000004e-05,-0.48846083039999993,68.58554295,0.0207920357,-0.00269125334,-0.0032814906999999996,3.11940859e-06,3.50417336e-05
355,1703244000,0.553440357,0.5534656520000001,0.040751959399999996,-1.6476571100000001,1.2706887900000001,0.6898437079999999,0.9768298289999999,0.925078246,0.0245963887,0.285703884,2.61036127e-05,9.68968076e-07,1.0324657190000001e-06,1.32467276e-06,2.05663909e-06,3.84653805e-06,5.6401394800000005e-06,2.3156278600000003e-05,0.26909790599999994,0.00702593671,0.000557493692,71.89918560000001,52.7170974,1.8386067899999998e-05,6.546104720000001,0.012068986399999999,6.0897682799999995,0.0007371980109,6.6707155725e-05,0.0239111064,23.6318969,0.0007371980109,6.6707155725e-05,0.00621375166,14.38870394,0.0007371980109,6.6707155725e-05,0.00186679316,13.959464580000002,0.0007371980109,6.6707155725e-05,0.00506850051,3.76359795e-06,2.90051298e-05,-0.05726284410719999,18.76927586,0.016819237009999998,-0.0021948166099999998,-0.00294308399,2.1432735299999998e-06,2.57565399e-05
355,1703244600,0.762980433,0.7630057189999999,0.0656288638,-1.57172563,1.55337244,0.798168609,1.2354377349999999,1.1475725099999998,0.0385931741,0.401117026,2.67641444e-05,1.672688324e-06,1.7447542740000004e-06,2.1218812180000002e-06,3.1268415609999993e-06,5.490280909999999e-06,8.12584083e-06,3.2080541800000004e-05,0.3734948290000001,0.00736951268,0.000570027156,70.8144043,52.1244889,2.5358253200000002e-05,6.37217607,0.013876386799999998,8.397098029999999,0.0004546253638,4.0718663999999995e-05,0.0280945181,32.841575,0.0004546253638,4.0718663999999995e-05,0.006158523569999999,11.327101969999998,0.0004546253638,4.0718663999999995e-05,0.0019220071899999996,10.681006360000001,0.0004546253638,4.0718663999999995e-05,0.005086745439999999,5.01397172e-06,3.02241445e-05,-0.11866377101999999,12.23886087,0.016749340749999998,-0.00173558607,-0.0025993343299999996,2.36412986e-06,2.47841391e-05
355,1703245200,0.603021421,0.603046476,0.0744197958,-1.4655885400000002,1.4427815700000002,0.6960421670000001,1.1218467659999998,1.0411443050000002,0.0295665764,0.320031448,2.60606181e-05,1.205000982e-06,1.2315900729999997e-06,1.4689571359999998e-06,2.14309009e-06,3.989373820000001e-06,5.57048899e-06,2.28433051e-05,0.29429221399999994,0.00661315637,0.000565874392,71.42132389999999,52.539650300000005,2.0042429e-05,6.32333626,0.0121660011,6.6435502,0.00058938495,5.3161543040000006e-05,0.024801601899999998,25.8299211,0.00058938495,5.3161543040000006e-05,0.00619636679,12.37179801,0.00058938495,5.3161543040000006e-05,0.001896122146,11.834625028000001,0.00058938495,5.3161543040000006e-05,0.00505762839,4.28624353e-06,2.9353212900000003e-05,-0.1466875178,17.228489539999995,0.0186841571,-0.00202442529,-0.00278819021,2.3550823700000003e-06,2.6671171299999995e-05
355,1703245800,0.7323638639999999,0.732389157,0.07647776349999999,-1.34945317,1.63651247,0.758839099,1.29566455,1.1993991000000002,0.0358185858,0.388437266,2.6131271099999997e-05,1.024612794e-06,1.034558741e-06,1.3108619050000002e-06,2.0116477659999994e-06,5.837618200000001e-06,5.99958781e-06,3.09234389e-05,0.35822745800000005,0.00725199014,0.000653508026,72.35942690000002,52.1497342,2.4346265400000002e-05,6.348495939999999,0.013402277300000001,8.15091377,0.0008181967876,7.407166139300001e-05,0.0275767508,31.433790699999996,0.0008181967876,7.407166139300001e-05,0.00641681994,16.248079490000002,0.0008181967876,7.407166139300001e-05,0.002178929227,15.763551554999998,0.0008181967876,7.407166139300001e-05,0.0050877856,6.03126827e-06,3.12768935e-05,-0.015621472400000003,6.706572070000002,0.01650939555,-0.00119709888,-0.00209943891,2.13684168e-06,2.52197118e-05
355,1703246400,0.6048794190000001,0.604904466,0.0830740355,-1.3783682400000001,1.70326452,0.693955124,1.16313551,1.0733578,0.0351302394,0.335210732,2.6286025e-05,1.4087538929999999e-06,1.4879786925999998e-06,1.858971431e-06,2.687034177e-06,5.02695407e-06,7.197792690000001e-06,3.01985157e-05,0.29481059400000004,0.00693879327,0.000639190756,70.3615106,52.5322128,2.0100062600000003e-05,6.467582250000001,0.0121300801,6.7933943999999995,0.00047809535800000003,4.28763759e-05,0.0248890857,25.782655,0.00047809535800000003,4.28763759e-05,0.00618920269,11.02386343,0.00047809535800000003,4.28763759e-05,0.0019151264899999998,10.42595482,0.00047809535800000003,4.28763759e-05,0.00508774392,5.4159337e-06,3.0544758e-05,-0.03430369239999999,43.86341560000001,0.03325201035,-0.00188440154,-0.0026407194900000003,4.58069497e-06,5.106273859999999e-05
355,1703247000,0.596394526,0.5964197410000001,0.08449646400000001,-1.3339762400000001,1.6209869899999998,0.685720887,1.1791484899999998,1.08134553,0.028539288349999997,0.336451601,2.5896066799999997e-05,8.684963710000001e-07,8.817711094e-07,1.2836654500000001e-06,1.961093745e-06,5.48423874e-06,5.86565476e-06,3.91489681e-05,0.29009399700000005,0.00738945326,0.000657608964,72.0658202,52.6722177,1.9815628300000002e-05,6.480796209999999,0.01210143565,6.751340359999999,0.0006883319793,6.220146570299999e-05,0.024777126900000005,25.406429000000003,0.0006883319793,6.220146570299999e-05,0.00632286685,14.19098074,0.0006883319793,6.220146570299999e-05,0.00203834156,13.68513025,0.0006883319793,6.220146570299999e-05,0.00508708666,6.395897979999999e-06,3.15399627e-05,-0.4538432907999999,84.62179868999999,0.030675608,-0.00150086581,-0.00234920145,6.57550603e-06,7.148658370000001e-05
355,1703247600,0.603197568,0.6032226599999999,0.0929995808,-1.29846524,1.6700759599999997,0.688592908,1.20093662,1.09878355,0.0378940255,0.37106455499999996,2.5797164900000004e-05,8.730768070000001e-07,9.023810689999999e-07,1.267260638e-06,1.965384567e-06,4.71716107e-06,5.94684703e-06,3.3666941849999995e-05,0.292863017,0.00794493455,0.000740762993,72.9426235,52.8436053,2.00422245e-05,6.48521212,0.01212458745,6.82894678,0.0005493366175,4.9451398e-05,0.024879612099999997,25.8234508,0.0005493366175,4.9451398e-05,0.00622439117,12.13519788,0.0005493366175,4.9451398e-05,0.00191499358,11.5618035,0.0005493366175,4.9451398e-05,0.00508725797,5.8077464799999995e-06,3.1002098999999996e-05,-0.49982282570000003,100.63801469,0.034504235300000005,-0.0018335688699999998,-0.0026479545599999996,5.18496214e-06,5.728168900000001e-05
355,1703248200,0.76677145,0.766796744,0.0825329229,-1.36113466,1.6531254400000002,0.7812245529999999,1.32259035,1.22009976,0.0380390147,0.417433196,2.7182155800000005e-05,2.1101140240000004e-06,2.1935408699999996e-06,2.6219517749999997e-06,3.649040901e-06,6.3833528999999996e-06,9.049189809999999e-06,3.85383907e-05,0.375177386,0.007391565259999999,0.000750342714,69.3767272,52.054500899999994,2.5486116e-05,6.376285780000001,0.01375494135,8.57553965,0.0006523433817000001,5.881628613e-05,0.0283001391,33.095229999999994,0.0006523433817000001,5.881628613e-05,0.006382427899999999,14.516456199999999,0.0006523433817000001,5.881628613e-05,0.00214775105,13.91486286,0.0006523433817000001,5.881628613e-05,0.00508007262,5.24999625e-06,3.04569514e-05,0.005081627499999998,18.688608889999998,0.022286246050000003,-0.0016628703200000001,-0.00247443652,2.5348932e-06,2.8520513700000003e-05
355,1703248800,0.57597055,0.575995794,0.0949521924,-1.3408066600000002,1.47829514,0.674130133,1.1600604100000003,1.065482505,0.0348044426,0.30776202399999997,2.59472318e-05,8.36587785e-07,8.247197609999999e-07,1.028746182e-06,1.6329949529999999e-06,3.99389327e-06,5.08013544e-06,2.65818575e-05,0.281121284,0.0060820430100000005,0.000741292533,72.2508431,52.325024600000006,1.9147084599999998e-05,6.23770414,0.01194572705,6.527038350000001,0.000660809249,5.9604574399999984e-05,0.024401398499999997,24.781158599999998,0.000660809249,5.9604574399999984e-05,0.0063058867800000005,13.13728658,0.000660809249,5.9604574399999984e-05,0.00197613725,12.685642650000002,0.000660809249,5.9604574399999984e-05,0.0050774116699999995,4.8214049e-06,3.0074273099999995e-05,-0.11019194345000001,18.027820509999998,0.019934445449999998,-0.0017753566000000003,-0.00257536211,2.61604013e-06,2.9862899900000003e-05
355,1703249400,0.543111382,0.543136449,0.0944847924,-1.3829750299999999,1.4665573000000003,0.659812778,1.11592155,1.0315814749999999,0.02139423605,0.292919185,2.6150327900000004e-05,1.251302711e-06,1.28681795e-06,1.5725141379999998e-06,2.296852445e-06,5.88824421e-06,6.30185864e-06,2.78446693e-05,0.264441863,0.00633417802,0.000732134422,70.8468895,52.523808499999994,1.8045138000000002e-05,6.488969879999999,0.0115859967,6.14012481,0.00046368645159999995,4.156728787e-05,0.0237032604,23.1610031,0.00046368645159999995,4.156728787e-05,0.006101938730000001,10.31656766,0.00046368645159999995,4.156728787e-05,0.00176959377,9.6777999,0.00046368645159999995,4.156728787e-05,0.00505930011,5.38314475e-06,3.0455593100000006e-05,0.08861598540999996,27.034961010000007,0.018348995599999994,-0.00148028147,-0.0023165357500000002,2.8192310799999997e-06,3.23770375e-05
355,1703250000,0.45804031900000003,0.458065475,0.0997439565,-1.38081013,1.2726763600000002,0.607414849,1.0245687799999998,0.9254157499999998,0.0324531795,0.259943702,2.5930844899999997e-05,9.054011240000001e-07,9.271791060000001e-07,1.1129197900000002e-06,1.6477016380000001e-06,3.0149148020000003e-06,4.009016053000001e-06,1.8005124719999998e-05,0.222091998,0.00618369381,0.0007140283449999999,72.95238950000001,52.9404057,1.5222934249999997e-05,6.28787985,0.01061563865,5.08204789,0.0004894733204,4.3927419770000004e-05,0.021651050900000003,19.5412948,0.0004894733204,4.3927419770000004e-05,0.006022991480000001,9.647822800000002,0.0004894733204,4.3927419770000004e-05,0.00163243743,9.049166000000001,0.0004894733204,4.3927419770000004e-05,0.0050529896,3.1071617199999997e-06,2.8256800800000003e-05,-0.026140582769999997,30.3416025,0.0181467492,-0.0025978827000000004,-0.0031831789400000006,1.61506976e-06,2.09719411e-05
355,1703250600,0.303938109,0.303963239,0.0857581956,-1.69322935,0.8625263350000001,0.5157674259999998,0.747322814,0.697033771,0.010249625430000001,0.14669111799999998,2.6024333899999996e-05,9.67558345e-07,1.0270345254000001e-06,1.2199956970000001e-06,1.673362122e-06,2.154778845e-06,3.43384457e-06,6.814622080000001e-06,0.145455723,0.005839990139999999,0.0006551399300000001,74.57440360000001,54.1033668,1.00994309e-05,6.456529379999999,0.00894702185,3.34240236,0.000385259118,3.4414340910000004e-05,0.017718717000000002,12.936821700000001,0.000385259118,3.4414340910000004e-05,0.005842832020000001,7.417263310000001,0.000385259118,3.4414340910000004e-05,0.0013185509509999998,6.8179582100000005,0.000385259118,3.4414340910000004e-05,0.0050498976299999995,1.45442023e-06,2.66764536e-05,-0.35713681700000005,49.2296264,0.012734931500000001,-0.0036101953300000005,-0.00393968796,1.37226497e-06,1.6731576299999997e-05
355,1703251200,0.321138633,0.32116383,0.03998796716999999,-1.5735107400000001,1.0343565959999999,0.519532261,0.7886115649999998,0.7322098579999998,0.009028756910000001,0.1567899055,2.5754090199999997e-05,6.13506624e-07,6.3420169e-07,8.56920606e-07,1.1915382469999999e-06,1.5960305489999998e-06,2.941248855e-06,6.3791693e-06,0.154215653,0.00601987609,0.0003189914844,74.86961260000001,54.043297499999994,1.06732287e-05,6.4474985,0.008893298050000002,3.4508210499999996,0.0004871525487,4.3779558770000005e-05,0.018042285499999998,13.523937800000002,0.0004871525487,4.3779558770000005e-05,0.006022018580000001,9.876327320000001,0.0004871525487,4.3779558770000005e-05,0.001545217714,9.32004637,0.0004871525487,4.3779558770000005e-05,0.0050495936800000005,2.12323636e-06,2.7241564199999995e-05,0.24781755199999997,71.0067453,0.020194200899999997,-0.0033763,-0.0037956881499999996,2.5348919799999998e-06,2.9617554450000002e-05
355,1703251800,0.6283827480000002,0.628407811,-0.003910251219999999,-1.4137087100000003,1.64277514,0.70330065,1.132797095,1.04594443,0.03814829769999999,0.34487568899999993,2.57559402e-05,8.57889391e-07,9.218225329999999e-07,1.3311555269999998e-06,1.9893740949999997e-06,3.5348336300000003e-06,5.97171914e-06,2.69910295e-05,0.309588364,0.00448259063,7.80900935e-05,67.74405259999999,51.523611499999994,2.0891788750000003e-05,6.41311836,0.01249938245,7.079240459999999,0.0006370866088000001,5.7448864e-05,0.0255546797,27.365799099999997,0.0006370866088000001,5.7448864e-05,0.00621091893,12.54315729,0.0006370866088000001,5.7448864e-05,0.0019227420700000004,12.050049240000002,0.0006370866088000001,5.7448864e-05,0.00508282995,4.91675368e-06,3.00091951e-05,0.02343301478,74.36028616,0.034614742999999996,-0.0021894276600000003,-0.0028822078600000004,3.922941660000001e-06,4.212645469999999e-05
355,1703252400,0.4911545299999999,0.491179468,-0.0006911293790000001,-1.4907393299999998,1.4102680499999998,0.637827623,0.97041711,0.905052625,0.0311967037,0.313412955,2.5554224699999997e-05,7.51930764e-07,7.9985917e-07,1.3211481089999999e-06,1.83238887e-06,3.803231e-06,6.04492756e-06,2.98273749e-05,0.24048978299999998,0.00497287017,6.95978758e-05,68.27840570000001,52.093039399999995,1.63204065e-05,6.438406760000001,0.0112129387,5.77647097,0.00027013252099999995,2.395064885e-05,0.0225792286,21.221175600000002,0.00027013252099999995,2.395064885e-05,0.005863325629999999,6.863844019999999,0.00027013252099999995,2.395064885e-05,0.001502419405,6.12855582,0.00027013252099999995,2.395064885e-05,0.0050706766899999995,6.637819049999999e-06,3.16499786e-05,0.6156539401799999,131.15301315999997,0.0432110909,-0.00186182875,-0.0026353560399999996,7.9761465e-06,8.51355428e-05
355,1703253000,0.6725199130000001,0.672544877,-0.0045798917500000005,-1.2726780200000003,1.7082146699999998,0.7163076399999999,1.2212622899999999,1.1247342999999999,0.0408156951,0.37439220700000003,2.6408961799999997e-05,1.655410242e-06,1.7543062443999997e-06,2.315928213e-06,3.1074426800000008e-06,5.07310139e-06,8.21063693e-06,2.9645654699999995e-05,0.331102417,0.00502990166,7.44613359e-05,66.250131,51.5808676,2.2355152700000002e-05,6.38293928,0.0126313974,7.22623047,0.0006334221844999999,5.713943510999999e-05,0.026353599299999995,28.789264100000004,0.0006334221844999999,5.713943510999999e-05,0.00635830483,13.780456399999997,0.0006334221844999999,5.713943510999999e-05,0.00213520049,13.23563388,0.0006334221844999999,5.713943510999999e-05,0.00505628315,5.23544587e-06,3.01310857e-05,0.1106325735,78.56133725000001,0.0355173438,-0.0019748836699999997,-0.0027144842199999996,5.5089941499999994e-06,6.28916432e-05
355,1703253600,0.6494295539999999,0.6494546600000001,-0.0017974615699999999,-1.27514095,1.44476911,0.704060204,1.2088494200000002,1.11464652,0.028895597899999997,0.330488019,2.6252704100000003e-05,1.340699082e-06,1.4230751915000002e-06,1.960622182e-06,2.5696174590000003e-06,5.05660962e-06,7.4698084e-06,3.06437183e-05,0.319019707,0.00557224307,7.117236990000001e-05,67.0056086,51.75832009999999,2.1590074900000002e-05,6.34925181,0.012564090549999999,7.135179889999999,0.000601233242,5.4137955599999996e-05,0.0260419857,27.997711399999996,0.000601233242,5.4137955599999996e-05,0.00644513718,13.832312120000001,0.000601233242,5.4137955599999996e-05,0.00217586686,13.2913058,0.000601233242,5.4137955599999996e-05,0.00507496285,5.24192648e-06,3.0396815700000002e-05,0.010811088700000002,7.073414170000001,0.0160863832,-0.00151019916,-0.0023706543300000002,1.8985911799999997e-06,2.2216515399999997e-05
355,1703254200,0.529749206,0.52977428,-0.00266963514,-1.29393827,1.28332668,0.636288356,1.0837455769999997,1.0063432159999999,0.01883127475,0.254482608,2.61899258e-05,1.2704894389999999e-06,1.3077393626e-06,1.626659013e-06,2.213615281e-06,3.460799493e-06,4.91947182e-06,1.673140755e-05,0.259281427,0.0055164173499999995,4.40701838e-05,68.80333190000002,52.15958290000001,1.7616022700000004e-05,6.21141592,0.011159970500000001,5.64640575,0.00042657492,3.81447519e-05,0.0233770816,22.608356199999996,0.00042657492,3.81447519e-05,0.00611673887,9.30246784,0.00042657492,3.81447519e-05,0.0017794235300000003,8.62896437,0.00042657492,3.81447519e-05,0.00504850026,3.0635646200000006e-06,2.8158896899999996e-05,0.14866019303,19.79427195,0.01447796585,-0.0025453991800000004,-0.00315202692,1.4847085599999999e-06,1.77762343e-05
355,1703254800,0.30881795900000003,0.30884294399999995,0.0035806738330000005,-1.48365775,0.883414489,0.497791758,0.7830989150000001,0.7325098640000001,0.00643055847,0.1423087239,2.5797797099999996e-05,9.048829579999998e-07,9.61116572e-07,1.208367185e-06,1.6109187749999997e-06,2.160484124e-06,3.7240241199999997e-06,7.233511120000001e-06,0.1497815915,0.004574342909999999,3.4201005299999995e-05,71.444044,53.1658812,1.025578155e-05,6.4815478099999995,0.00857404237,3.27476334,0.0004045649661000001,3.617501916000001e-05,0.017692368300000004,13.098017100000002,0.0004045649661000001,3.617501916000001e-05,0.00596907161,8.38367492,0.0004045649661000001,3.617501916000001e-05,0.00148454273,7.774333830000001,0.0004045649661000001,3.617501916000001e-05,0.00503664461,1.6007044099999999e-06,2.66475879e-05,0.11013159460000002,44.832886800000004,0.012556485000000001,-0.00345528918,-0.0038741083100000003,1.4074792300000001e-06,1.7093118699999998e-05
355,1703255400,0.287935496,0.287960655,0.0006373991930000002,-1.4878729,0.879476843,0.48577415,0.767235922,0.680758277,0.01189989793,0.138638715,2.5833386799999997e-05,7.145945285e-07,7.718769434000001e-07,1.007315525e-06,1.3222366140000003e-06,1.778773548e-06,3.0901180899999996e-06,5.987292809999999e-06,0.13931672300000003,0.0046070452500000005,2.8602452599999998e-05,71.56639559999999,53.395662,9.571600599999998e-06,6.49703377,0.00830885428,3.02406004,0.0002946062694,2.6298333620999995e-05,0.0170620025,12.112278,0.0002946062694,2.6298333620999995e-05,0.00578906802,6.4371575000000005,0.0002946062694,2.6298333620999995e-05,0.001286886873,5.7898339750000005,0.0002946062694,2.6298333620999995e-05,0.00505150972,1.7540104999999998e-06,2.69318003e-05,-0.10285372949999998,55.866613699999995,0.01490609735,-0.0034269568699999997,-0.00384781447,1.6004813199999998e-06,1.9081712e-05
355,1703256000,0.41000021799999997,0.41002549200000005,-0.00467012529,-1.3552503899999997,1.0525071259999998,0.5656503820000001,0.9454038499999999,0.880601893,0.00476832044,0.18414068699999997,2.63320813e-05,1.1966676956e-06,1.2557082450000003e-06,1.6072971192000002e-06,2.118784882e-06,2.826318315e-06,4.680787879999999e-06,9.5044396e-06,0.201253335,0.0036796324799999993,4.2758044e-05,69.30969689999999,51.8640762,1.3623925700000003e-05,6.35409958,0.0098579782,4.33615,0.0004354987093999999,3.898342163e-05,0.020680827199999998,17.6419334,0.0004354987093999999,3.898342163e-05,0.006067665359999999,9.16131075,0.0004354987093999999,3.898342163e-05,0.0016429539999999999,8.57732686,0.0004354987093999999,3.898342163e-05,0.00505161566,1.8568020399999997e-06,2.7057419500000003e-05,0.0757475445,44.3569633,0.015352509500000004,-0.00324050553,-0.00373238704,1.40710613e-06,1.8115794500000002e-05
355,1703256600,0.33702368399999993,0.337048979,-0.00438172707,-1.3620686600000003,0.931828453,0.514456136,0.8570511700000001,0.7900366270000001,0.007220018440000001,0.146430444,2.5926346099999997e-05,7.18146456e-07,7.626592180000001e-07,1.0499371289999998e-06,1.361007546e-06,1.8365876290000007e-06,3.2973526800000003e-06,6.54193858e-06,0.1646418764,0.0038176264499999992,3.61245597e-05,70.16073250000001,52.355730699999995,1.1204233399999999e-05,6.44533732,0.0088975118,3.5386707599999996,0.0002389788973,2.105282572e-05,0.018673865,14.367929299999997,0.0002389788973,2.105282572e-05,0.005824063439999999,5.7355626399999995,0.0002389788973,2.105282572e-05,0.001336511166,5.0207708339999995,0.0002389788973,2.105282572e-05,0.00506837564,1.82659308e-06,2.7171800499999998e-05,-0.04994588170000001,42.63518309999999,0.01291032,-0.00334964658,-0.0038057644000000002,1.48777584e-06,1.8100836600000003e-05
355,1703257200,0.30088579800000004,0.300910932,-0.003207703982,-1.3335298,0.874189197,0.484915042,0.8137748480000001,0.755385534,0.00522708823,0.127448838,2.54413756e-05,3.7087174059999997e-07,4.0922503039999997e-07,6.534676105000001e-07,9.28335985e-07,1.379727308e-06,2.74388978e-06,5.82940042e-06,0.14674272399999996,0.00364584568,4.15047632e-05,71.86052769999999,52.4751851,9.9989229e-06,6.428648669999999,0.0084361043,3.19206549,0.00029643352600000004,2.6341947509999996e-05,0.017680594900000002,12.853648100000001,0.00029643352600000004,2.6341947509999996e-05,0.005870045579999999,6.488745140000001,0.00029643352600000004,2.6341947509999996e-05,0.0013953738799999998,5.81697709,0.00029643352600000004,2.6341947509999996e-05,0.0050391894000000005,1.7207337700000002e-06,2.67972465e-05,-0.05958177100000002,46.2373412,0.0129897673,-0.00339462522,-0.0038102170500000005,1.3791633700000002e-06,1.6812570899999998e-05
355,1703257800,0.297114295,0.29713916500000004,-0.005388802890000001,-1.3589913900000001,0.9272533059999999,0.482476988,0.797649358,0.741660142,0.00875211745,0.138212755,2.5388688300000005e-05,5.99836926e-07,6.46265365e-07,8.214165920000001e-07,1.238397349e-06,1.72477338e-06,2.94910836e-06,6.47868947e-06,0.14513209999999999,0.0033731061200000002,3.6918837599999994e-05,70.9966583,52.3686465,9.87370717e-06,6.544170890000001,0.0084006194,3.16488237,0.0002714269348,2.402733701e-05,0.017514792,12.6973476,0.0002714269348,2.402733701e-05,0.005818019070000001,6.37702933,0.0002714269348,2.402733701e-05,0.0013435089469999999,5.691434992,0.0002714269348,2.402733701e-05,0.00502810663,1.6036443e-06,2.6527745799999996e-05,0.11518915148,71.81717760000001,0.017437638599999996,-0.00355127617,-0.00394581188,1.7324312200000003e-06,2.1989706300000002e-05
355,1703258400,0.340466648,0.340491601,-0.01038309445,-1.34204618,0.935016032,0.5136176299999999,0.860726287,0.803012002,0.00517817686,0.15323123700000002,2.5849684e-05,1.0008695324e-06,1.0664308324e-06,1.3660393324e-06,1.7487961429999998e-06,2.345879087e-06,3.893510559999999e-06,7.639624790000001e-06,0.16701886400000002,0.00315882125,3.56553822e-05,68.74147310000001,51.9690783,1.1319397600000002e-05,6.37174387,0.008882006250000001,3.5267589799999994,0.0003160895945,2.8043942399999992e-05,0.018725273800000004,14.456764199999999,0.0003160895945,2.8043942399999992e-05,0.0059440801199999995,7.10452863,0.0003160895945,2.8043942399999992e-05,0.00151203113,6.45860321,0.0003160895945,2.8043942399999992e-05,0.00503252475,1.8308150200000002e-06,2.67843291e-05,-0.059481031100000005,48.1982704,0.013532588000000002,-0.0033415786099999997,-0.003792835359999999,1.4005159e-06,1.73616641e-05
355,1703259000,0.388437569,0.38846271200000004,-0.012141607750000002,-1.30554606,1.017106045,0.545303225,0.930253395,0.8655639119999998,0.005921298529999999,0.174488874,2.5575156399999998e-05,5.249955269999999e-07,5.351194432e-07,7.667812035000001e-07,1.0687335529999999e-06,1.420984636e-06,2.5550833549999998e-06,5.423861659999999e-06,0.19106576300000003,0.0031063833099999995,3.38576039e-05,70.016792,51.6596258,1.2924985349999999e-05,6.26296011,0.0095263892,4.03266453,0.00023500521980000002,2.064303519e-05,0.0201089697,16.5883942,0.00023500521980000002,2.064303519e-05,0.00586073394,6.112539920000001,0.00023500521980000002,2.064303519e-05,0.00144383247,5.4366146,0.00023500521980000002,2.064303519e-05,0.0050420924600000005,1.83235921e-06,2.69275885e-05,-0.050950677199999996,43.055905,0.0144600909,-0.00326632636,-0.0037567764699999997,1.4116349e-06,1.72518484e-05
355,1703259600,0.370953543,0.37097852800000003,-0.015308675599999998,-1.29736909,1.0220186930000001,0.533643896,0.9141654149999999,0.8326004109999999,0.0095600266,0.164028266,2.5247193200000002e-05,3.492313495e-07,3.784952315e-07,6.39424408e-07,9.70673885e-07,1.3769086239999998e-06,2.755201856e-06,6.316091259999999e-06,0.18222290599999996,0.00319658878,4.40531877e-05,69.990738,51.749556299999995,1.2332585200000002e-05,6.30552147,0.0094851325,4.00877037,0.00039298081219999993,3.512602866e-05,0.0197556531,16.105736200000003,0.00039298081219999993,3.512602866e-05,0.00603650956,8.54093317,0.00039298081219999993,3.512602866e-05,0.0015898918200000002,7.93708691,0.00039298081219999993,3.512602866e-05,0.0050398577,2.0192477e-06,2.7025137399999997e-05,0.031974703599999994,54.545815100000006,0.016878746500000003,-0.00327095184,-0.00374389653,1.66595586e-06,1.9557340899999997e-05
355,1703260200,0.40196029199999994,0.40198525199999996,-0.017857868000000002,-1.27083427,1.0288439100000002,0.550995449,0.951666554,0.8840144969999999,0.006357207810000001,0.172049985,2.5633369200000003e-05,7.64955189e-07,7.908689070000001e-07,9.983836325000001e-07,1.4280826170000003e-06,1.8124973150000001e-06,3.0506219e-06,6.4656044399999996e-06,0.1976231,0.0033047489,3.62732214e-05,67.9998796,51.6707317,1.3367778150000002e-05,6.0937528499999996,0.0098262091,4.296357409999999,0.00035153810509999997,3.1418708926e-05,0.0205769672,17.396764300000005,0.00035153810509999997,3.1418708926e-05,0.005935847899999999,7.62998514,0.00035153810509999997,3.1418708926e-05,0.001520004214,7.04147392,0.00035153810509999997,3.1418708926e-05,0.00503933365,1.8104856500000001e-06,2.68325536e-05,-0.022052262000000006,47.2491588,0.013662180799999998,-0.00332197663,-0.00381615392,1.5474833799999999e-06,1.79639099e-05
355,1703260800,0.35508986499999995,0.355115063,-0.019408561799999998,-1.2870511599999999,0.9965179239999999,0.519133061,0.8887771289999999,0.824687679,0.006378024239999999,0.160779897,2.57731338e-05,6.617189019999999e-07,7.10886606e-07,9.78586655e-07,1.3746952039999997e-06,1.826996017e-06,3.3117124200000006e-06,7.008375640000001e-06,0.17470465200000002,0.0027808749699999996,4.2725192e-05,67.698959,51.5740096,1.1803657799999999e-05,6.342323509999999,0.00932711975,3.8657524900000007,0.00026351137659999996,2.332057116e-05,0.019428949100000002,15.535364300000001,0.00026351137659999996,2.332057116e-05,0.00589867563,6.5635042,0.00026351137659999996,2.332057116e-05,0.001429912396,5.89785078,0.00026351137659999996,2.332057116e-05,0.0050462928,1.8695520199999999e-06,2.69684292e-05,-0.018298016500000007,54.08350619999999,0.0153024272,-0.0033267742499999997,-0.0037907154500000004,1.6372191e-06,1.9251232100000002e-05
355,1703261400,0.342271165,0.34229628700000003,-0.0169041051,-1.28628353,0.9388786640000001,0.508790882,0.8745267040000002,0.8145248709999999,0.00506380322,0.14700582899999998,2.59213884e-05,9.13085243e-07,9.75793785e-07,1.265012787e-06,1.7340786260000002e-06,2.31711119e-06,3.98155259e-06,8.26748076e-06,0.168658519,0.0024152201,4.14076729e-05,67.0279277,51.430708800000005,1.1374521249999999e-05,6.524436199999999,0.00912872885,3.6960355,0.0003066515507,2.7234959414999998e-05,0.019062987000000003,14.935573549999997,0.0003066515507,2.7234959414999998e-05,0.00592330939,7.063154539999999,0.0003066515507,2.7234959414999998e-05,0.0014561303609999998,6.386646410000001,0.0003066515507,2.7234959414999998e-05,0.00504430249,1.7864294999999998e-06,2.68615007e-05,-0.029390790799999993,57.3081045,0.015570435399999999,-0.0033928475,-0.00384756973,1.5460651600000002e-06,1.84343117e-05
355,1703262000,0.338766474,0.338791804,-0.0142706454,-1.2961543299999998,0.9940803359999999,0.5073486980000002,0.853938563,0.797574336,0.00958090901,0.15854648600000001,2.6170346e-05,9.285633920000001e-07,9.8147734e-07,1.27949941e-06,1.6701389320000003e-06,2.1575948770000003e-06,3.6868170700000007e-06,7.339351169999999e-06,0.167179868,0.00215279972,3.16389839e-05,66.4697209,51.3676697,1.126211415e-05,6.278652559999999,0.0090156814,3.61779167,0.00031006374599999996,2.748317075e-05,0.018805358299999998,14.650575400000003,0.00031006374599999996,2.748317075e-05,0.00598132802,6.998280599999999,0.00031006374599999996,2.748317075e-05,0.00149934309,6.337334060000001,0.00031006374599999996,2.748317075e-05,0.005075448739999999,1.99288535e-06,2.7325914100000002e-05,-0.029604060200000004,73.8773661,0.017905320250000002,-0.0034230706099999996,-0.0038579046199999994,1.85121121e-06,2.13628071e-05
355,1703262600,0.302144107,0.30216938299999996,-0.011367042439999999,-1.40115716,0.8749017069999999,0.48268835499999996,0.790524126,0.7306348029999999,0.00651352423,0.13565667650000002,2.6108888199999997e-05,9.342211930000001e-07,1.011811222e-06,1.317639472e-06,1.7332188900000001e-06,2.3011280999999997e-06,3.91685619e-06,8.051589850000001e-06,0.1488339956,0.0021818885499999994,3.60025091e-05,67.8385856,51.6093023,1.003975448e-05,6.59815854,0.008475674630000003,3.2046875900000003,0.0003468151755,3.0857091699999996e-05,0.017598236099999998,12.999227200000002,0.0003468151755,3.0857091699999996e-05,0.0059158111,6.91230324,0.0003468151755,3.0857091699999996e-05,0.0014090372399999998,6.31068365,0.0003468151755,3.0857091699999996e-05,0.00507106923,1.75055987e-06,2.70862292e-05,0.091344652,56.6717523,0.014037119,-0.0034986573699999995,-0.003925373120000001,1.59653837e-06,1.8705559900000005e-05
355,1703263200,0.26260905700000003,0.262634347,-0.0141386669,-1.40383564,0.796899332,0.4527595120000001,0.7295847609999999,0.6815833139999999,0.006579566149999999,0.1163021495,2.60480095e-05,8.44424815e-07,9.3595913e-07,1.222381742e-06,1.59760736e-06,2.14579118e-06,3.82977354e-06,7.8460288e-06,0.12944990639999998,0.0017984939700000004,3.68820505e-05,66.629328,51.511329,8.722258149999999e-06,6.575110099999999,0.00797734831,2.83619997,0.00023072437749999995,2.0229371279999996e-05,0.01649438865,11.379578900000002,0.00023072437749999995,2.0229371279999996e-05,0.00579931658,5.40184203,0.00023072437749999995,2.0229371279999996e-05,0.0012637024099999999,4.7152100599999995,0.00023072437749999995,2.0229371279999996e-05,0.00506207197,1.74810743e-06,2.6975752500000004e-05,-0.091515939,62.9703459,0.015501381849999999,-0.0035255669199999997,-0.00395586009,1.6810021899999998e-06,1.9312933e-05
355,1703263800,0.28451952599999997,0.284544739,-0.0157153064,-1.34553064,0.8785393159999998,0.469315063,0.782011388,0.7274472129999999,0.0074262437,0.12983064090000002,2.57642581e-05,6.039657156000001e-07,6.575879395e-07,8.918844960000001e-07,1.159891713e-06,1.6077071089999997e-06,2.7301378700000003e-06,5.996135429999999e-06,0.14071719060000001,0.0014966148599999999,3.1619169599999995e-05,66.23680909999999,51.1011314,9.460738420000002e-06,6.335002609999999,0.008339487670000001,3.07006327,0.00025688426190000003,2.266324819e-05,0.017319885750000003,12.4019803,0.00025688426190000003,2.266324819e-05,0.00578905896,5.597683380000001,0.00025688426190000003,2.266324819e-05,0.00126467084,4.91841767,0.00025688426190000003,2.266324819e-05,0.00506699162,1.8580965800000001e-06,2.7109875500000002e-05,-0.01562109599999999,59.4851728,0.015113091499999998,-0.0034799339699999993,-0.00391845123,1.7048993e-06,1.90829309e-05
355,1703264400,0.286787794,0.286812974,-0.012948213,-1.3657050600000002,0.87238913,0.473255882,0.7806238220000001,0.725422141,0.00835394507,0.1317701362,2.5516757199999998e-05,4.1041967889999997e-07,4.338739525999999e-07,6.47042653e-07,8.683540450000001e-07,1.1308852370000002e-06,2.193739267e-06,4.73443473e-06,0.14205067700000001,0.00130486344,2.75663566e-05,66.3498338,50.9407323,9.53992455e-06,6.1326475600000006,0.008412439079999999,3.1043881399999997,0.0001964381896,1.7087309730000004e-05,0.0174074299,12.5166762,0.0001964381896,1.7087309730000004e-05,0.005815731329999999,5.14630017,0.0001964381896,1.7087309730000004e-05,0.00130113106,4.4673651,0.0001964381896,1.7087309730000004e-05,0.005060254970000001,1.9686519300000002e-06,2.71456398e-05,-0.085771444,65.79200949999999,0.0160998639,-0.00341403269,-0.0038598520599999997,1.6609517e-06,1.818490255e-05
355,1703265000,0.28613175599999996,0.286156874,-0.014953622500000003,-1.3811786099999999,0.8287377959999999,0.4735222629999999,0.7776987529999999,0.731159818,0.00341800564,0.123906862,2.5454343600000002e-05,4.0380493600000007e-07,4.4280974100000005e-07,6.36725949e-07,9.36292211e-07,1.275879217e-06,2.378384384e-06,5.35915274e-06,0.141687607,0.0013322721200000002,3.41494569e-05,66.6706615,50.96583389999999,9.5128495e-06,6.33476489,0.00835390215,3.0509428,0.0002578660546,2.2728631879999997e-05,0.017393611800000004,12.4169436,0.0002578660546,2.2728631879999997e-05,0.005810192489999999,5.6195419300000005,0.0002578660546,2.2728631879999997e-05,0.0013075950669999999,4.9776897899999994,0.0002578660546,2.2728631879999997e-05,0.00505272554,1.73238713e-06,2.68669248e-05,-0.022543332550000007,60.3420883,0.015171047299999999,-0.00350422239,-0.003925655960000001,1.6679777500000001e-06,1.9425212100000003e-05
355,1703265600,0.290702631,0.290727671,-0.013958587050000002,-1.38630954,0.901265021,0.47819363700000006,0.77904877,0.731197311,0.005981800599999999,0.1354496445,2.54616381e-05,4.798499180000001e-07,5.26479171e-07,7.230153079999999e-07,1.085661789e-06,1.50182892e-06,2.717338e-06,6.05679298e-06,0.143761941,0.00154005181,3.56074072e-05,67.61340500000001,51.0794925,9.663386200000001e-06,6.466400419999999,0.0084757786,3.1507916400000004,0.00019890449930000002,1.7481271076e-05,0.0175737002,12.7031779,0.00019890449930000002,1.7481271076e-05,0.0057457444699999995,5.17044102,0.00019890449930000002,1.7481271076e-05,0.001237129273,4.46170543,0.00019890449930000002,1.7481271076e-05,0.00503957048,1.6279004799999997e-06,2.6664798399999997e-05,-0.1257689578,64.0727368,0.015408125899999996,-0.0035257138599999994,-0.00394604479,1.52104248e-06,1.81371684e-05
355,1703266200,0.26704123999999996,0.2670665100000001,-0.013680190499999998,-1.38893359,0.8219125860000001,0.459280528,0.755048049,0.6976713,0.00682524124,0.11921861379999998,2.5890788700000005e-05,6.87758107e-07,7.46884111e-07,1.010876123e-06,1.3043460910000002e-06,1.7371491869999999e-06,3.03005664e-06,6.04787211e-06,0.1319979525,0.00147693143,3.0476006300000002e-05,65.9287943,51.1359408,8.87643775e-06,6.24078618,0.0081075981,2.8831815799999996,0.0001799211863,1.5632864845e-05,0.016777375799999997,11.59834935,0.0001799211863,1.5632864845e-05,0.0057233979300000005,4.5080860099999995,0.0001799211863,1.5632864845e-05,0.0011933667499999998,3.7966494200000005,0.0001799211863,1.5632864845e-05,0.00507019595,2.0262009e-06,2.7263015300000002e-05,0.027969488999999986,74.09767830000001,0.0182298322,-0.0034573344899999996,-0.0038768658899999997,1.9522708099999997e-06,2.30728592e-05
355,1703266800,0.25226152799999996,0.252286525,-0.013871620849999999,-1.4205387200000001,0.8034620309999999,0.448682477,0.7166468860000001,0.6725455329999999,0.006156310219999999,0.1169446136,2.5476431e-05,5.462745390999999e-07,6.010927299999999e-07,7.99102836e-07,1.138349232e-06,1.5326836380000003e-06,2.6809640300000004e-06,5.75350359e-06,0.1247864716,0.00129905033,3.1657644999999996e-05,65.9881632,51.071690000000004,8.38652427e-06,6.430981900000001,0.00783986505,2.6914546000000006,0.0002283165443,2.0090670960000002e-05,0.0162734662,10.8942228,0.0002283165443,2.0090670960000002e-05,0.00574783146,5.35559435,0.0002283165443,2.0090670960000002e-05,0.001233628709,4.685367879999999,0.0002283165443,2.0090670960000002e-05,0.0050414238900000005,1.7660173e-06,2.6743157700000002e-05,-0.1117107866,69.37949799999998,0.0153168685,-0.0035987113700000004,-0.00397761333,1.6677486700000003e-06,2.0183270300000003e-05
355,1703267400,0.25836611800000003,0.258391116,-0.016439599,-1.45344478,0.805899608,0.4559278109999999,0.717359394,0.680233262,0.0035308081,0.11711244940000001,2.5500285899999997e-05,5.47860342e-07,5.959310861999999e-07,8.18321866e-07,1.140560258e-06,1.557376038e-06,2.815975373e-06,6.0729901e-06,0.128089124,0.00104278033,3.70948865e-05,65.36366489999999,50.8520157,8.5887563e-06,6.494542640000001,0.007942174100000001,2.7313366399999994,0.000231792372,2.0419835213999997e-05,0.0164904669,11.152057249999999,0.000231792372,2.0419835213999997e-05,0.005751129660000001,5.36808362,0.000231792372,2.0419835213999997e-05,0.00124400172,4.69465716,0.000231792372,2.0419835213999997e-05,0.005039808300000001,1.61531385e-06,2.6675532499999998e-05,-0.233951846,59.339496399999994,0.0136694613,-0.0035490500600000004,-0.00393135931,1.49878205e-06,1.7654302100000002e-05
355,1703268000,0.25327631100000003,0.25330166100000007,-0.016740004,-1.4433280700000002,0.783023913,0.45050605899999996,0.711434221,0.6710454880000001,0.004724238029999999,0.1107289666,2.57091285e-05,4.043522e-07,4.4541251299999997e-07,7.433717339999999e-07,9.15090061e-07,1.24650363e-06,2.59750692e-06,5.127692909999999e-06,0.1255325406,0.00106040463,3.33398696e-05,66.73907449999999,50.869359200000005,8.421202999999998e-06,6.39880203,0.007922039320000001,2.7348261199999997,0.000272606622,2.406054985e-05,0.0163721737,11.03265455,0.000272606622,2.406054985e-05,0.0058911931899999995,6.0019966999999985,0.000272606622,2.406054985e-05,0.0013397475200000002,5.3425673399999996,0.000272606622,2.406054985e-05,0.005073904610000001,1.93822818e-06,2.72708438e-05,0.03610143116,60.98848399999999,0.015580773249999999,-0.00343232371,-0.00385663408,1.6334185800000002e-06,1.86690174e-05
355,1703268600,0.229424787,0.22945016300000004,-0.00534153662,-1.5100124,0.808149659,0.431144355,0.656232534,0.622219001,0.0063482630600000005,0.1100517481,2.60183839e-05,7.18943887e-07,7.826145589999999e-07,9.98960323e-07,1.37481529e-06,1.8686627300000001e-06,3.1737016899999998e-06,6.515685229999999e-06,0.1133819524,0.00127929058,3.50372983e-05,66.05184360000001,51.1855415,7.62304478e-06,6.4938452600000005,0.007611155190000001,2.49536916,0.00010338352659999998,8.724297494e-06,0.01552189815,10.011287450000001,0.00010338352659999998,8.724297494e-06,0.00559627995,3.41395584,0.00010338352659999998,8.724297494e-06,0.0010045000869999998,2.6327507380000004,0.00010338352659999998,8.724297494e-06,0.00508380401,1.6985435000000002e-06,2.7114060499999997e-05,0.07402112417000001,85.4560864,0.0171651616,-0.0037186774900000003,-0.0040994609700000005,1.92547539e-06,2.20802104e-05
355,1703269200,0.211702154,0.21172738,-0.0006087792500000001,-1.55911382,0.777098738,0.416540479,0.614793759,0.5874554289999999,0.00517800121,0.10092036360000001,2.5712261700000002e-05,5.27535685e-07,5.856450335e-07,8.318608180000001e-07,1.103156936e-06,1.506273565e-06,2.73921666e-06,5.62739467e-06,0.10441059820000001,0.0013933377799999998,3.37076837e-05,66.8509525,51.4055862,7.03541685e-06,6.56454385,0.00732679543,2.29686618,0.0002381603385,2.103957357e-05,0.014848491699999999,9.19138997,0.0002381603385,2.103957357e-05,0.00569295784,5.13665429,0.0002381603385,2.103957357e-05,0.001103071222,4.453720349,0.0002381603385,2.103957357e-05,0.005068483,1.73279456e-06,2.7020357499999997e-05,0.0023422784000000306,72.7504731,0.0167730471,-0.00359926878,-0.00400320451,1.84652609e-06,2.24757107e-05
355,1703269800,0.262920245,0.262945558,-0.017610714,-1.40458842,0.789511591,0.45664694999999994,0.7381350280000001,0.6956087280000001,0.0030273220399999997,0.113510171,2.59239792e-05,6.891356705000001e-07,7.63901934e-07,1.028983962e-06,1.3862318640000001e-06,1.922719396e-06,3.4381018500000003e-06,7.26335899e-06,0.130022178,0.0013817778099999998,3.90136498e-05,66.1268108,51.061143799999996,8.73629845e-06,6.59148364,0.008124326500000001,2.89412423,0.0002741364036,2.4211118669999997e-05,0.016741795,11.5301774,0.0002741364036,2.4211118669999997e-05,0.005880862959999999,6.07775135,0.0002741364036,2.4211118669999997e-05,0.00133244806,5.428431430000001,0.0002741364036,2.4211118669999997e-05,0.00507219914,1.84903394e-06,2.71499273e-05,0.11340379699999999,66.2630428,0.01597293935,-0.0035557037999999997,-0.00394878568,1.7748679799999996e-06,2.0789668999999997e-05
355,1703270400,0.225070676,0.22509586600000003,-0.01384536949,-1.4340934200000002,0.7902241159999999,0.424812791,0.66834539,0.619856423,0.007746800269999998,0.1088711614,2.56559947e-05,5.172263405e-07,5.848197993999999e-07,8.196043540000001e-07,1.110861646e-06,1.603938515e-06,2.94120915e-06,6.212265539999999e-06,0.111232616,0.00125096937,3.74185619e-05,67.5161906,51.164468799999995,7.4760872000000005e-06,6.6517155,0.007477213829999998,2.4423463599999997,0.00031250641999999994,2.7740638970000004e-05,0.015382887500000001,9.80029519,0.00031250641999999994,2.7740638970000004e-05,0.0058756176899999995,6.44828382,0.00031250641999999994,2.7740638970000004e-05,0.001318290738,5.80153198,0.00031250641999999994,2.7740638970000004e-05,0.0050604121600000005,1.6773460999999997e-06,2.6895788e-05,-0.046593932699999986,64.14765580000001,0.014304102099999999,-0.00358959967,-0.00398264067,1.70454716e-06,1.9836982e-05
355,1703271000,0.16062834399999998,0.16065337799999999,-0.0027061963111999995,-1.5704820199999998,0.6611826780000001,0.36349781999999997,0.532891263,0.5054404279999999,0.003844271589999999,0.0744538781,2.51182712e-05,1.0231175900000001e-07,1.3983898299999998e-07,2.70935543e-07,4.167867210000001e-07,6.352391309999999e-07,1.41047993e-06,3.09440867e-06,0.07902041159999999,0.0012610636600000002,2.65039503e-05,69.498465,51.6856856,5.3414802e-06,6.42211035,0.00640033715,1.7710169199999999,7.573374070000001e-05,6.19385698e-06,0.012910766800000001,6.96260412,7.573374070000001e-05,6.19385698e-06,0.0054493756299999994,2.5663733399999997,7.573374070000001e-05,6.19385698e-06,0.0008308809639999999,1.791883403,7.573374070000001e-05,6.19385698e-06,0.00505148043,1.69358488e-06,2.6764853e-05,0.19692730800000002,85.5519611,0.01723703775,-0.00374724715,-0.0040908474,1.7434313e-06,2.0139358399999997e-05
355,1703271600,0.25619775,0.256222933,-0.018769818299999998,-1.38741285,0.831587874,0.448657328,0.7315723409999999,0.686008438,0.00572973081,0.1180312125,2.5730810000000002e-05,6.137481940000001e-07,6.852698650000001e-07,9.283945200000001e-07,1.2323631329999998e-06,1.7288500339999997e-06,3.0203113899999997e-06,6.392156210000001e-06,0.126820048,0.0012293489,3.4292670799999995e-05,66.21343639999999,50.993876400000005,8.51514604e-06,6.456968989999998,0.00792812798,2.7588137699999997,0.00022063468799999995,1.9307950400000002e-05,0.016442957,11.138341999999998,0.00022063468799999995,1.9307950400000002e-05,0.005778600809999999,5.0200594700000005,0.00022063468799999995,1.9307950400000002e-05,0.0012451218259999998,4.361010240000001,0.00022063468799999995,1.9307950400000002e-05,0.00506337959,1.98125671e-06,2.71294694e-05,-0.05562380800000001,73.12849949999999,0.016654877800000002,-0.00354765036,-0.003941688279999999,1.83381885e-06,2.03624386e-05
355,1703272200,0.252541363,0.252566523,-0.018622275599999998,-1.3859847799999998,0.777473726,0.445732221,0.726847175,0.685070916,0.0031181834699999995,0.11003506269999999,2.54057721e-05,3.0508666659999993e-07,3.5473043100000003e-07,5.583107600000001e-07,8.32327373e-07,1.186232275e-06,2.40055265e-06,5.289007370000001e-06,0.1250001925,0.0012232040900000004,3.60736622e-05,67.73386869999999,50.9959897,8.393959900000002e-06,6.433421180000001,0.00788556412,2.72702574,0.00016155449409999996,1.395506673e-05,0.016384812999999998,11.015153399999999,0.00016155449409999996,1.395506673e-05,0.005737840010000001,4.59583862,0.00016155449409999996,1.395506673e-05,0.0012076326510000002,3.8798120780000005,0.00016155449409999996,1.395506673e-05,0.00505821245,1.8781747499999997e-06,2.70036792e-05,-0.008381045740000004,67.6644394,0.0157001124,-0.0035268072599999997,-0.0039370438100000005,1.84575123e-06,1.9715703599999996e-05
355,1703272800,0.24191377299999997,0.24193889699999999,-0.0191294225,-1.3859937800000002,0.807699661,0.43585733099999996,0.71315927,0.665907801,0.004655580689999999,0.11005014160000001,2.5616994399999995e-05,5.470083114e-07,6.018943830000001e-07,8.387153419999999e-07,1.088024059e-06,1.4514360850000001e-06,2.674571736e-06,5.32592038e-06,0.119674302,0.00123947251,3.00475629e-05,66.0541733,51.05640569999999,8.040976250000001e-06,6.270475729999999,0.00772020871,2.62190885,0.0001666614678,1.4425936916999999e-05,0.0160094174,10.54963582,0.0001666614678,1.4425936916999999e-05,0.00562664997,3.9906653800000003,0.0001666614678,1.4425936916999999e-05,0.0010859021579999997,3.3070219389999997,0.0001666614678,1.4425936916999999e-05,0.00505495423,1.89760071e-06,2.70039799e-05,0.038915130999999985,69.46858139999999,0.016481337399999997,-0.0035131598399999998,-0.003912178640000001,1.76945978e-06,2.0168568e-05
355,1703273400,0.24573170699999997,0.24575700699999997,-0.0186508877,-1.39256713,0.819325013,0.44100643799999995,0.717096889,0.663170233,0.006525790200000001,0.11639309990000002,2.5850617699999997e-05,6.14307285e-07,6.585180814000001e-07,9.087255386000001e-07,1.163549921e-06,1.5872403060000001e-06,2.8534684000000004e-06,5.71038827e-06,0.1215922511,0.00122619582,3.33479374e-05,65.23725440000001,51.037844,8.168931019999998e-06,6.415297499999999,0.0077492227999999995,2.6324111800000005,0.00020609394495,1.813579966e-05,0.016068442999999998,10.644136600000001,0.00020609394495,1.813579966e-05,0.00572613742,4.872828719999999,0.00020609394495,1.813579966e-05,0.0011713577299999997,4.167747176,0.00020609394495,1.813579966e-05,0.00507739577,1.83647841e-06,2.7197600599999998e-05,0.02270887509999999,74.81024319999999,0.0178753572,-0.00356481683,-0.00396454658,1.8386886199999997e-06,2.20597677e-05
355,1703274000,0.247961775,0.247987016,-0.0196528479,-1.39618727,0.7673859120000001,0.44237274699999996,0.7157093600000001,0.6725455210000001,0.00441800655,0.10585615109999999,2.5508308400000003e-05,3.1474151600000007e-07,3.487607526e-07,5.369082310000001e-07,7.554223689999999e-07,1.027886377e-06,2.0377434e-06,4.44313298e-06,0.122662464,0.001277649,3.1008245399999995e-05,67.7590405,51.0655819,8.2459517e-06,6.34155966,0.00780223132,2.6736004499999995,0.00024133865870000002,2.1263362859999998e-05,0.0161738216,10.765647099999999,0.00024133865870000002,2.1263362859999998e-05,0.00579267356,5.44294845,0.00024133865870000002,2.1263362859999998e-05,0.001258893226,4.7838709900000005,0.00024133865870000002,2.1263362859999998e-05,0.00506363393,1.88428061e-06,2.7067171299999996e-05,-0.023689591900000008,66.6855909,0.0159120214,-0.00352001656,-0.00395175709,1.74702222e-06,2.0374187699999998e-05
355,1703274600,0.256146239,0.25617129,-0.0202546224,-1.37101558,0.8325254039999999,0.44767815899999996,0.734459926,0.6902460859999999,0.00434982419,0.11762336250000001,2.52666749e-05,2.6489143449999995e-07,3.011630404e-07,4.267575226e-07,7.006545239999999e-07,9.75194748e-07,1.953262287e-06,4.54014833e-06,0.1266581846,0.00137312004,3.24171035e-05,67.80621349999998,51.1101409,8.5186119e-06,6.30464739,0.00788948578,2.73694841,0.00015627001830000002,1.3515382399999998e-05,0.016433884500000003,11.089616699999999,0.00015627001830000002,1.3515382399999998e-05,0.0056534592499999994,4.16247166,0.00015627001830000002,1.3515382399999998e-05,0.00114436489,3.4618687629999996,0.00015627001830000002,1.3515382399999998e-05,0.005050736179999999,1.77504912e-06,2.6830486900000003e-05,0.0929767793,68.6383206,0.0156649064,-0.0035909126300000004,-0.003984262949999999,1.7176257399999999e-06,1.9442878399999996e-05
355,1703275200,0.24566399299999997,0.24568919200000003,-0.0202034738,-1.37088828,0.807999667,0.4383731920000001,0.71923446,0.675770641,0.00412276465,0.1058073496,2.5568167200000003e-05,4.233861835e-07,4.872032259999999e-07,7.10173627e-07,9.231000629999999e-07,1.2253936219999999e-06,2.408213e-06,5.13396826e-06,0.1214419385,0.0013464221400000002,3.191068520000001e-05,66.72530739999999,51.131137100000004,8.167643469999999e-06,6.33851154,0.007764131620000001,2.66332478,0.0002857385757,2.5306650859999998e-05,0.0161064403,10.6716178,0.0002857385757,2.5306650859999998e-05,0.00588053211,6.164889029999999,0.0002857385757,2.5306650859999998e-05,0.001334662103,5.509232,0.0002857385757,2.5306650859999998e-05,0.005075861070000001,2.0571235200000004e-06,2.7312303600000004e-05,0.048809245,70.2592778,0.016930205,-0.00354672823,-0.00395219863,2.0011065399999998e-06,2.1732196500000002e-05
355,1703275800,0.237851015,0.237876158,-0.0167391579,-1.4334519499999998,0.7559855790000001,0.43683133199999996,0.7013464110000001,0.646782233,0.00627761162,0.105459204,2.5688790899999997e-05,6.070764415e-07,6.623281827e-07,8.969514029999998e-07,1.100028669e-06,1.3857832779999998e-06,2.548132969e-06,5.21534907e-06,0.11763834750000002,0.00124526218,2.88690673e-05,65.6574693,51.06479890000001,7.91009551e-06,6.2496307600000005,0.00773923923,2.6211212799999997,0.0001590655179,1.371474637e-05,0.0159072549,10.43460075,0.0001590655179,1.371474637e-05,0.005673748619999999,4.095497849999999,0.0001590655179,1.371474637e-05,0.0011216649400000002,3.3946038799999996,0.0001590655179,1.371474637e-05,0.0050636071800000005,2.01891723e-06,2.7161433100000002e-05,0.05528036229999998,81.41173590000001,0.019229393350000002,-0.0035640861499999996,-0.00394622003,2.12164596e-06,2.45655322e-05
355,1703276400,0.233664533,0.233689706,-0.016006357699999998,-1.46764459,0.749122868,0.43502202199999995,0.6800457520000001,0.634519366,0.00709498147,0.10671372110000002,2.53610631e-05,2.430744891e-07,2.8654499899999995e-07,4.167094989999999e-07,6.41598038e-07,8.80455087e-07,1.785645275e-06,4.158319900000001e-06,0.11543974350000001,0.0013534954400000001,3.04260526e-05,67.998067,51.20447850000001,7.77051346e-06,6.37479263,0.00761054669,2.5251660400000007,0.00015091036239999996,1.3095593305999998e-05,0.01566582875,10.135384149999998,0.00015091036239999996,1.3095593305999998e-05,0.00564277284,4.1266128,0.00015091036239999996,1.3095593305999998e-05,0.0011022503969999999,3.4063625180000003,0.00015091036239999996,1.3095593305999998e-05,0.0050594355799999996,1.8386596199999997e-06,2.69563995e-05,-0.30519740283,64.1864114,0.013925759900000001,-0.00363170647,-0.00403717514,1.85075424e-06,1.98713149e-05
355,1703277000,0.23746327900000003,0.237488388,-0.0159934266,-1.4368913,0.7897740950000001,0.436211514,0.696396264,0.650607363,0.0037495147899999997,0.1049746501,2.56850496e-05,6.397398670000001e-07,7.10548091e-07,9.876972e-07,1.242844964e-06,1.609705072e-06,3.0259599240000002e-06,5.87137843e-06,0.11736302400000001,0.00132331908,3.0589255100000004e-05,65.95371309999999,51.1412496,7.8936667e-06,6.42951097,0.007683445430000001,2.58566134,0.0001717021845,1.490409619e-05,0.01585187775,10.3265966,0.0001717021845,1.490409619e-05,0.005655902,4.22636295,0.0001717021845,1.490409619e-05,0.0011073825059999998,3.5175335499999996,0.0001717021845,1.490409619e-05,0.0050625631299999994,1.98084559e-06,2.71366424e-05,-0.014846749099999997,61.3250004,0.0161745499,-0.00345549716,-0.00395038434,1.99075754e-06,2.08521955e-05
355,1703277600,0.27260357999999996,0.272628926,-0.0173745311,-1.42852991,0.8249876799999999,0.466231402,0.746647804,0.702096428,0.004139575179999999,0.12255154940000001,2.5784702300000004e-05,5.08307779e-07,5.75575125e-07,7.967790790000001e-07,1.120512067e-06,1.48274623e-06,2.855670044e-06,6.268213649999999e-06,0.134873062,0.00137720577,3.7410622800000004e-05,66.4639972,51.0428682,9.0625469e-06,6.35890391,0.00818824835,2.9312524,0.00036849169300000003,3.28441174e-05,0.016980017899999998,11.842570499999999,0.00036849169300000003,3.28441174e-05,0.00594104991,7.146201,0.00036849169300000003,3.28441174e-05,0.0014185485199999998,6.573906119999999,0.00036849169300000003,3.28441174e-05,0.00508143766,1.9647543399999998e-06,2.72914456e-05,0.09512625959999998,65.3932984,0.0162610695,-0.00355259899,-0.003948913740000001,1.83086585e-06,2.1433068399999995e-05
355,1703278200,0.23451341800000006,0.23453867799999997,-0.016328462,-1.43996141,0.737009993,0.43389015,0.6885210260000001,0.6395820229999999,0.0051555838,0.10054876400000001,2.5644764000000004e-05,4.4207945800000004e-07,4.99919869e-07,8.272521279999999e-07,1.0272847720000001e-06,1.415767365e-06,2.8285363300000004e-06,6.05548576e-06,0.11581502299999999,0.0013911876,3.6970979999999994e-05,66.1677788,51.2423156,7.79442156e-06,6.57628239,0.007617204989999999,2.54013392,0.00023003910159999998,2.0227810979999997e-05,0.015694510200000004,10.164049899999998,0.00023003910159999998,2.0227810979999997e-05,0.005776222989999999,5.1874483,0.00023003910159999998,2.0227810979999997e-05,0.0012187449299999999,4.501800747,0.00023003910159999998,2.0227810979999997e-05,0.005083438769999999,2.2192683799999997e-06,2.7510741200000006e-05,-0.02423982075000001,63.7196694,0.0169653697,-0.0034996455399999996,-0.00390701802,2.0145718e-06,2.20060944e-05
355,1703278800,0.22548830499999997,0.22551355099999998,-0.019849524400000002,-1.3997575999999998,0.754673046,0.422864911,0.68480841,0.642882126,0.00470858938,0.10234086790000001,2.5658068499999998e-05,4.7458926200000004e-07,5.62139943e-07,7.06955405e-07,9.84103454e-07,1.2842886859999998e-06,2.2477015800000003e-06,4.63484775e-06,0.11127910649999999,0.0014243121900000002,2.9383995399999998e-05,66.49270390000001,51.3000035,7.497766899999999e-06,6.378973520000001,0.007434667840000001,2.44246763,0.00012377731245,1.048631609e-05,0.0154057854,9.76243355,0.00012377731245,1.048631609e-05,0.00557133175,3.27770984,0.00012377731245,1.048631609e-05,0.001011614198,2.56613061,0.00012377731245,1.048631609e-05,0.00508268899,2.13309104e-06,2.73530274e-05,0.0042558805000000215,69.8386246,0.016525903399999996,-0.00368412667,-0.00406913404,2.2531132400000002e-06,2.32114108e-05
355,1703279400,0.163708872,0.163734183,-0.001062174678,-1.6298181799999998,0.701646429,0.37234931399999993,0.5189408440000001,0.490289973,0.00458761746,0.08000650000000001,2.58630702e-05,6.036596555e-07,6.846748529999999e-07,9.20802407e-07,1.1420809010000001e-06,1.50856647e-06,2.68522759e-06,5.21718733e-06,0.0802729654,0.0015414877499999998,2.66486196e-05,66.0404653,51.942539599999996,5.440627040000001e-06,6.523107110000001,0.00655863309,1.8211861599999999,0.00010908083009999999,9.369999484e-06,0.01306352865,7.06707684,0.00010908083009999999,9.369999484e-06,0.00551184321,3.2202151270000003,0.00010908083009999999,9.369999484e-06,0.000876940226,2.4972274850000002,0.00010908083009999999,9.369999484e-06,0.00508918117,2.1444973e-06,2.7451031299999998e-05,-0.1214960011,70.97328929999999,0.0163182915,-0.00372683071,-0.00405219329,2.1559217900000005e-06,2.20731665e-05
355,1703280000,0.234811056,0.23483626799999996,-0.017479054150000003,-1.36672501,0.7763862090000001,0.42963046299999996,0.703746468,0.649407349,0.006414304880000001,0.107460431,2.5710772799999997e-05,5.828189094e-07,6.89087043e-07,1.000615182e-06,1.2607089629999999e-06,1.7213284900000002e-06,3.35347574e-06,6.614527410000001e-06,0.11570623360000001,0.00164700315,3.649352580000001e-05,67.30645519999999,51.44728540000001,7.802959550000001e-06,6.594729840000001,0.007629909780000001,2.58564242,0.00018860819709999997,1.64117582e-05,0.015710123099999997,10.20257176,0.00018860819709999997,1.64117582e-05,0.005720227620000001,4.5698938799999995,0.00018860819709999997,1.64117582e-05,0.0011699346200000002,3.8820014400000007,0.00018860819709999997,1.64117582e-05,0.00508703108,2.48131514e-06,2.7698816399999997e-05,0.34561414930000006,64.3707143,0.0180588374,-0.0034805058100000003,-0.0038914696999999996,2.30620499e-06,2.3786738399999997e-05
355,1703280600,0.247360557,0.24738583700000003,-0.0189614459,-1.3915721699999999,0.807812173,0.44227991299999997,0.7158218529999999,0.672583025,0.00531906052,0.1183059416,2.5697120299999998e-05,4.938429754999999e-07,6.100600970000001e-07,7.738949539999999e-07,1.186410228e-06,1.6219765790000002e-06,2.99535669e-06,6.65412123e-06,0.1220065156,0.0016188563899999999,4.0060817200000004e-05,67.30179849999999,51.3308759,8.21750836e-06,6.5284118399999995,0.00784770979,2.72478636,0.0002427517423,2.145460801e-05,0.016189738349999996,10.7806891,0.0002427517423,2.145460801e-05,0.00581957417,5.782943940000001,0.0002427517423,2.145460801e-05,0.001270355766,5.06720564,0.0002427517423,2.145460801e-05,0.0050998048599999995,2.3585501800000003e-06,2.76367991e-05,0.28775313199999997,66.964984,0.017071673000000002,-0.00367534134,-0.00405824806,2.36822983e-06,2.27883867e-05
355,1703281200,0.24778018600000004,0.247805359,-0.0182519414,-1.4120057000000001,0.8125373069999998,0.44376787900000003,0.7122967390000001,0.6706704809999999,0.00495113759,0.11360503299999998,2.59571762e-05,8.597606289999998e-07,9.86379907e-07,1.1631805189999999e-06,1.5370003889999999e-06,2.03621554e-06,3.34686772e-06,7.04628531e-06,0.12243204410000001,0.00140643676,3.3840188e-05,64.46518619999999,51.1597386,8.2334243e-06,6.42725755,0.00783016452,2.69203818,0.00020974827339999996,1.837234119e-05,0.0161937708,10.791958900000001,0.00020974827339999996,1.837234119e-05,0.005744916259999999,5.01555383,0.00020974827339999996,1.837234119e-05,0.0012085787009999999,4.30769611,0.00020974827339999996,1.837234119e-05,0.00507807135,2.0546217800000004e-06,2.72428909e-05,0.171786477,70.66093400000001,0.017659528,-0.00369957988,-0.00406956781,2.15928235e-06,2.27040389e-05
355,1703281800,0.23641768099999996,0.23644282300000002,-0.0183679135,-1.3663507799999999,0.754110512,0.43028709200000004,0.7064465560000001,0.66279523,0.0038133098,0.10165031490000001,2.56394171e-05,5.670911986e-07,6.456028183999999e-07,8.17194812e-07,1.161972718e-06,1.536125343e-06,2.67053622e-06,6.07592387e-06,0.11673047160000001,0.0014316529299999998,3.2721425e-05,66.1558509,51.2319179,7.85734876e-06,6.408023300000001,0.007653001899999999,2.5853339199999996,0.0001788537685,1.550317412e-05,0.01585093425,10.3368463,0.0001788537685,1.550317412e-05,0.005717980480000001,4.59528586,0.0001788537685,1.550317412e-05,0.0011807008930000001,3.8930849199999997,0.0001788537685,1.550317412e-05,0.0050669947600000004,1.96889088e-06,2.70627401e-05,0.2639718983,72.2366402,0.0163596098,-0.0036972849200000006,-0.0040734427300000015,2.00249946e-06,2.18513695e-05
355,1703282400,0.24234683499999998,0.242371952,-0.0145287107,-1.3777742000000002,0.817074955,0.43613160000000006,0.716871866,0.6603576710000001,0.009341963879999998,0.11631193,2.5398316599999997e-05,3.4569331099999996e-07,4.2163952599999993e-07,5.444198420000001e-07,8.11265275e-07,1.0337616170000002e-06,1.96374199e-06,4.63693428e-06,0.11970615400000002,0.0014296836,2.7522538000000004e-05,66.51629170000001,51.225645,8.05988487e-06,6.29061524,0.00774500038,2.65184375,0.00023550016820000002,2.067555616e-05,0.015941724799999994,10.5289276,0.00023550016820000002,2.067555616e-05,0.00578769714,5.30037468,0.00023550016820000002,2.067555616e-05,0.0012649915959999998,4.6071591530000005,0.00023550016820000002,2.067555616e-05,0.0050834281100000005,2.3577038400000003e-06,2.7487369700000007e-05,-0.045610709199999995,74.81664980000002,0.018238932199999995,-0.00368058998,-0.00406059576,2.41850783e-06,2.50562193e-05
355,1703283000,0.26422134399999997,0.26424636799999995,-0.0159387729,-1.3803149,0.819812536,0.455190812,0.745560263,0.694333708,0.00598842364,0.11718399989999999,2.53059173e-05,3.6237297249999996e-07,4.3120940900000003e-07,5.74266737e-07,9.0578837e-07,1.235545358e-06,2.34148429e-06,5.57072716e-06,0.1306702065,0.0013947887000000003,3.39227148e-05,66.681913,51.0978041,8.78412452e-06,6.28394256,0.0080641569,2.8674263800000004,0.0002093652686,1.828817216e-05,0.0167098838,11.5192883,0.0002093652686,1.828817216e-05,0.005792690850000001,5.149499100000001,0.0002093652686,1.828817216e-05,0.00128733208,4.4273815899999995,0.0002093652686,1.828817216e-05,0.005061621299999999,2.0600464599999997e-06,2.7092503200000003e-05,0.07086553219999996,72.32943839999999,0.017444208999999995,-0.0036362661399999994,-0.004019087070000001,1.9523133e-06,2.11739694e-05
355,1703283600,0.34408381199999993,0.34410887100000004,-0.012960148299999998,-1.38009552,0.9406036989999998,0.516983862,0.8438507510000001,0.783248891,0.011643695009999998,0.15993206799999998,2.53280717e-05,3.7345246999999996e-07,4.457519829999999e-07,5.86015809e-07,9.090450729999999e-07,1.157404286e-06,2.23016026e-06,5.0867942400000004e-06,0.170298937,0.00170020779,3.16126155e-05,66.12822329999999,51.066338699999996,1.1443789649999999e-05,6.04713352,0.009138191200000001,3.73022882,0.00021154386600000003,1.8524836236e-05,0.0189363629,15.032173999999998,0.00021154386600000003,1.8524836236e-05,0.00580435982,5.8360416100000005,0.00021154386600000003,1.8524836236e-05,0.001345812766,5.114381512,0.00021154386600000003,1.8524836236e-05,0.0050766008700000005,2.4981350299999997e-06,2.7564673600000003e-05,-0.1408455613,64.0524175,0.0179033769,-0.0034810449399999997,-0.00392399491,2.5194836800000003e-06,2.5622548299999997e-05
355,1703284200,0.446324041,0.446348854,-0.008951887,-1.4624979699999998,1.01170589,0.599587704,0.9472039240000001,0.89372728,0.0052705098999999995,0.189983991,2.6146390999999996e-05,1.489720081e-06,1.594290383e-06,1.8542418009999999e-06,2.493703333e-06,3.090622616e-06,4.91993474e-06,9.979185680000002e-06,0.221342441,0.0017586087300000002,3.4169352200000004e-05,62.891686400000005,50.7957841,1.4840917599999995e-05,6.096070279999999,0.01059595065,4.85395899,0.00023328548170000002,2.0532399955999996e-05,0.021844844600000003,19.6377706,0.00023328548170000002,2.0532399955999996e-05,0.00576352156,5.87486232,0.00023328548170000002,2.0532399955999996e-05,0.00137439174,5.1796533600000005,0.00023328548170000002,2.0532399955999996e-05,0.00504648544,2.3227135400000002e-06,2.7197181499999997e-05,-0.054056084630000015,51.629931799999994,0.016490086299999998,-0.00331015226,-0.0037839577499999997,2.1080283900000003e-06,2.26645079e-05
355,1703284800,0.35287143600000004,0.352896333,-0.0015215479799999998,-1.50102096,0.9265782850000001,0.5283302129999999,0.818987484,0.7701235150000001,0.01114016387,0.16678489700000002,2.53681408e-05,5.72274302e-07,6.26563812e-07,8.068859199999999e-07,1.2194226199999998e-06,1.621650035e-06,2.8317021099999997e-06,6.713408649999999e-06,0.174675338,0.0017031039100000003,4.23763993e-05,66.61429369999999,51.1254045,1.1732574279999999e-05,6.31005852,0.009282552,3.817582709999999,0.00036456903700000004,3.2521742e-05,0.0190280988,15.439563180000002,0.00036456903700000004,3.2521742e-05,0.00593301834,7.7884987,0.00036456903700000004,3.2521742e-05,0.0014910422040000002,7.161416334,0.00036456903700000004,3.2521742e-05,0.0050371682800000005,2.12678713e-06,2.6944916999999997e-05,-0.1286977938,69.0931947,0.01738317455,-0.00347856593,-0.00388879237,2.0738783199999995e-06,2.28861399e-05
355,1703285400,0.24578291700000002,0.24580796400000002,0.011876398040000001,-1.51708551,0.9146154340000001,0.4497769,0.667970377,0.6330568209999999,0.007934207490000001,0.1314999805,2.5455997499999998e-05,5.086994570000001e-07,5.525274600000001e-07,7.09891076e-07,1.128392599e-06,1.574305819e-06,2.61396033e-06,5.74445781e-06,0.12042967339999999,0.0018663034000000003,0.0005821928235,69.67772440000002,51.7809961,8.1696514e-06,6.430677149999999,0.008087039930000001,2.80177399,0.00010954259270000002,9.254692164999998e-06,0.0160278543,10.636253700000001,0.00010954259270000002,9.254692164999998e-06,0.00556685533,3.4292112800000005,0.00010954259270000002,9.254692164999998e-06,0.001063419533,2.6922142199999994,0.00010954259270000002,9.254692164999998e-06,0.0050746187,3.0123382e-06,2.8010929400000002e-05,-0.980769199,42.8579838,0.015284342550000002,-0.00346157034,-0.0039374456300000004,2.0796564599999998e-06,1.98643594e-05
355,1703286000,0.20998895600000003,0.210014093,0.016919380499999997,-1.4162122499999998,0.925940768,0.410174271,0.6531199429999999,0.603955926,0.01003225055,0.1183129325,2.55452076e-05,5.15390912e-07,5.748924669999999e-07,8.63290281e-07,1.165317393e-06,1.668879003e-06,2.9876289000000002e-06,6.091774760000001e-06,0.10354895509999999,0.00139988986,3.13480385e-05,66.1439237,51.355451800000004,6.979427239999999e-06,6.52589208,0.00748802759,2.3687042,0.00021228279960000003,1.8610073019999996e-05,0.0149035482,9.188608250000001,0.00021228279960000003,1.8610073019999996e-05,0.00567098299,4.58862477,0.00021228279960000003,1.8610073019999996e-05,0.0011348665000000002,3.923584864,0.00021228279960000003,1.8610073019999996e-05,0.0050860412599999984,3.33747987e-06,2.8460853899999996e-05,-1.0726003480000001,33.7283388,0.014015894599999999,-0.00308030635,-0.003784195369999999,1.93264286e-06,1.98164604e-05
355,1703286600,0.20734298839999998,0.20736817899999999,0.019007807779999997,-1.5350832099999998,0.805637098,0.411686352,0.6009558509999999,0.567129803,0.01072574509,0.1088571779,2.54620475e-05,3.282862864e-07,3.8007582559999997e-07,7.449333414e-07,7.70660332e-07,1.031177852e-06,2.57766251e-06,4.395853170000001e-06,0.10137119750000001,0.0016258255999999998,0.000663958359,71.1429396,52.272383000000005,6.890097019999999e-06,6.4767359099999995,0.007371720400000001,2.3374061,0.00018550784415,1.6163667710000003e-05,0.014493072899999997,8.9450222,0.00018550784415,1.6163667710000003e-05,0.00563482524,4.471745960000001,0.00018550784415,1.6163667710000003e-05,0.0010533920159999997,3.7691385870000005,0.00018550784415,1.6163667710000003e-05,0.00506356544,2.3184093e-06,2.75073809e-05,-0.9548309602,86.89814885,0.015738272749999997,-0.0034160708500000003,-0.0038088229700000004,2.07888111e-06,2.3902878900000002e-05
355,1703287200,0.1706834166,0.170708665,-0.019193414,-1.482468117,0.837738077,0.37344549600000004,0.5494292709999999,0.5121156420000001,0.013427386270000003,0.11213681959999999,2.5415561900000002e-05,2.24676323e-07,2.61629982e-07,5.63043152e-07,6.790797209999999e-07,1.079921575e-06,4.95825607e-06,4.8763618200000004e-06,0.08225494659999999,0.00237603165,0.000697587265,74.2003435,53.4480104,5.66672822e-06,6.73990414,0.00676678283,2.02377717,0.000183861848,1.599520794e-05,0.013082052799999999,7.23240137,0.000183861848,1.599520794e-05,0.00566459572,4.383119283999999,0.000183861848,1.599520794e-05,0.001065570943,3.6644913970000004,0.000183861848,1.599520794e-05,0.00508991483,3.02394433e-06,2.8319685899999996e-05,-0.27771523,51.86811709999999,0.019445368299999998,-0.00308309129,-0.0036228925199999996,2.1917051700000005e-06,2.5229754300000003e-05
355,1703287800,0.22582427200000002,0.22584952500000002,-0.11431641560000001,-1.4283611400000003,0.890689673,0.4240852970000001,0.6286692009999999,0.5995307879999998,0.011071302140000001,0.1297998319,2.5860803299999998e-05,6.754014027e-07,7.216703446e-07,1.162999117e-06,1.230771246e-06,1.720300504e-06,1.014505531e-05,5.79635563e-06,0.11078108040000001,0.0014458898100000001,0.000663023859,69.934936,51.6919527,7.50276307e-06,6.494333169999999,0.00784509206,2.68813338,0.00017659794840000002,1.529551294e-05,0.0153112768,9.764136800000001,0.00017659794840000002,1.529551294e-05,0.00562667279,3.9428396999999995,0.00017659794840000002,1.529551294e-05,0.001058369841,3.26890471,0.00017659794840000002,1.529551294e-05,0.0050735697500000005,3.0673986499999996e-06,2.8330717200000003e-05,-0.1267227423,23.749687729999998,0.014616524349999998,-0.00274323104,-0.00327890921,1.62734708e-06,1.96025015e-05
355,1703288400,0.34044542299999997,0.340470553,-0.1358727176,-1.1204908239999998,1.096270983,0.49197282800000003,0.836725513,0.7604857139999999,0.0221240909,0.18498909400000002,2.56654306e-05,6.649246726e-07,7.666900199999999e-07,1.2973986740000001e-06,1.5006592159999997e-06,2.1997586940000004e-06,6.252735790000001e-06,8.941498620000001e-06,0.167039738,0.0025327293800000003,0.00062806024,69.723503,52.0746574,1.1313102600000002e-05,6.5283846699999994,0.009143207470000001,3.8599927999999997,0.00019155926330000002,1.6668407939999997e-05,0.0184996936,14.76891397,0.00019155926330000002,1.6668407939999997e-05,0.005784609160000001,5.256720810000001,0.00019155926330000002,1.6668407939999997e-05,0.00132530801,4.539418366,0.00019155926330000002,1.6668407939999997e-05,0.005101780849999999,4.23576886e-06,2.9326910700000004e-05,-0.1100180087,26.491838100000002,0.017123968549999997,-0.0024909105500000002,-0.00320004089,2.1951337e-06,2.54152311e-05
355,1703289000,0.665932697,0.665957751,-0.0859020954,-1.29811407,1.42725605,0.7101436660000001,1.16789814,1.09177082,0.0248636697,0.335958874,2.6030091299999997e-05,1.174468846e-06,1.181274825e-06,1.7131957339999997e-06,2.32236185e-06,3.1377971509999998e-06,5.71132897e-06,1.15077493e-05,0.32996960100000006,0.00241873881,0.0005503056339999999,66.95476550000001,50.86660260000001,2.21355661e-05,6.17054381,0.012685858099999999,7.0763855599999985,0.0005526149547,4.9716413060000005e-05,0.0264376546,28.991880200000004,0.0005526149547,4.9716413060000005e-05,0.006273324000000001,12.161101250000002,0.0005526149547,4.9716413060000005e-05,0.0020026795899999996,11.55036699,0.0005526149547,4.9716413060000005e-05,0.005054426369999999,2.85226472e-06,2.8005888200000003e-05,-0.3026332870000001,59.88168283999998,0.0181123698,-0.0026897331499999995,-0.00337380724,2.37567637e-06,2.8607573600000003e-05
355,1703289600,0.580755861,0.5807808459999999,-0.0616705834,-1.24680351,1.372841907,0.6475028469999999,1.10110862,0.99636791,0.046154899299999996,0.3284005525,2.6469640800000004e-05,1.683683699e-06,1.7891202389999998e-06,2.400933668e-06,3.063912427e-06,4.164923234999999e-06,7.325050344999999e-06,1.4148818659999999e-05,0.2878760695,0.0020185902199999998,0.00044720401220000005,66.37492,50.9195244,1.93030058e-05,6.528922939999999,0.01172793642,6.387900449999999,0.00036866406199999996,3.28433534e-05,0.0241703916,25.6011578,0.00036866406199999996,3.28433534e-05,0.00610693824,9.395465989999998,0.00036866406199999996,3.28433534e-05,0.0017825082999999998,8.703139310000001,0.00036866406199999996,3.28433534e-05,0.0050490156,3.30135591e-06,2.8233741699999997e-05,-0.32218532617,26.396344070000005,0.0148640414,-0.0025804856200000005,-0.0032766820100000003,1.7493963e-06,1.99511561e-05
355,1703290200,0.317084559,0.317109592,-0.028102099000000002,-0.37390602999999994,1.809992785,0.46653021299999997,0.796711818,0.7462727809999998,0.06992164244,0.650089569,2.56403578e-05,9.841237679999999e-07,1.6436536312000002e-06,2.9319384089999993e-06,4.387086248e-06,6.7746757589999995e-06,1.0642079654e-05,1.849476221e-05,0.1559588851,0.00223910154,0.0002978352936,68.122608,51.675309000000006,1.052493995e-05,6.53342026,0.00864026727,3.8626780500000004,0.0002679137508,2.3746195601e-05,0.0176151635,13.7289165,0.0002679137508,2.3746195601e-05,0.0057997542600000005,5.8966251199999995,0.0002679137508,2.3746195601e-05,0.001331632216,5.242959959999999,0.0002679137508,2.3746195601e-05,0.005137874109999999,2.35344166e-05,4.85828817e-05,-1.4255393441500002,388.4761171,0.11136391640000001,-0.00325483602,-0.0038087248500000004,9.362989846e-05,0.0010075581492
355,1703290800,0.785767525,0.785792505,-0.0749450472,-0.6486095500000001,2.4106485500000003,0.7033099660000001,1.1961365149999998,1.049544541,0.22762577889999996,1.4854613999999997,2.57314959e-05,1.026295899e-06,1.1517191000000002e-06,2.3063531054e-06,3.9752851740000005e-06,7.061076308e-06,2.0715619805e-05,6.006183436999999e-05,0.388588268,0.0035718858999999993,0.0006265907460000001,71.00650719999999,51.4179269,2.60620337e-05,6.700527859999999,0.013843036450000002,11.382189810000002,0.000489087059,4.38996568e-05,0.026293767700000005,34.7944648,0.000489087059,4.38996568e-05,0.00625793102,12.715190660000001,0.000489087059,4.38996568e-05,0.002018015,12.04934931,0.000489087059,4.38996568e-05,0.005375160580000001,1.4577476280000002e-05,3.95807596e-05,-0.27977417297999996,137.04100060650003,0.05181589690000001,-0.000874436709,-0.002067668863,1.7449941069999998e-05,0.0001752532336
355,1703291400,0.3814079,0.38143288899999994,-0.0988222931,-1.23993471,1.16553556,0.533492663,0.89800243,0.819662511,0.020870487299999997,0.221302495,2.59377795e-05,1.0665913289999999e-06,1.1237398626000001e-06,1.364887652e-06,1.884075478e-06,2.409849342e-06,4.147608139000001e-06,8.333101870000001e-06,0.18804079,0.0021182988700000002,0.00052347584,66.84217149999999,51.2540401,1.267899845e-05,6.381463309999999,0.009799837949999998,4.19190453,0.0002535285953,2.233302767e-05,0.020053891900000002,16.7590054,0.0002535285953,2.233302767e-05,0.005840242809999999,6.198299910000001,0.0002535285953,2.233302767e-05,0.00139276933,5.522326155,0.0002535285953,2.233302767e-05,0.0050223943800000006,1.5956251599999998e-06,2.65326521e-05,-0.17303140360000002,34.905433800000004,0.01203241765,-0.003371455,-0.0038318211300000004,1.2999617300000001e-06,1.68822837e-05
355,1703292000,0.380052877,0.380077672,-0.09446736320000002,-1.2578114499999997,1.13148453,0.533331341,0.8998774760000001,0.816437404,0.0230469601,0.204190959,2.56048477e-05,9.083387029999999e-07,9.427676439999999e-07,1.155168358e-06,1.661916958e-06,2.1818712010000003e-06,3.6740784199999998e-06,7.630457e-06,0.18770532599999998,0.0018028759599999999,0.000499280427,68.1704996,51.1389683,1.2635040500000001e-05,6.3469206499999995,0.009721218199999998,4.10556871,0.0002218415956,1.94655125e-05,0.0199358215,16.590248000000003,0.0002218415956,1.94655125e-05,0.00578864521,5.773139080000001,0.0002218415956,1.94655125e-05,0.00137357182,5.058234489999999,0.0002218415956,1.94655125e-05,0.0050028734,1.62807674e-06,2.6344997700000002e-05,-0.0863922959,37.057136,0.0119778728,-0.00336431879,-0.00381990454,1.35412028e-06,1.7120353e-05
355,1703292600,0.22560208459999997,0.22562688900000002,-0.00842834247,-1.45770511,0.8633138499999999,0.421222558,0.651882399,0.5982182730000001,0.013531583310000003,0.119076396,2.51848297e-05,4.6749588260000004e-07,5.41683052e-07,8.777992329999999e-07,1.23314292e-06,1.8464759099999999e-06,3.46975443e-06,7.029748099999999e-06,0.1104697416,0.0017335353599999999,0.0005819121130000001,69.943232,52.081154600000005,7.492588799999999e-06,6.67059711,0.007605523269999999,2.5408237799999998,9.561772899999999e-05,7.997756183e-06,0.015050034199999998,9.70906054,9.561772899999999e-05,7.997756183e-06,0.0055721018599999995,3.655276757,9.561772899999999e-05,7.997756183e-06,0.001078036641,2.8843465530000003,9.561772899999999e-05,7.997756183e-06,0.0050931870600000005,3.5809579200000003e-06,2.8462006600000002e-05,-0.11846816090000001,21.7293394,0.013327174,-0.00297710941,-0.00367076857,1.79289906e-06,1.79738236e-05
355,1703293200,0.336958355,0.336983289,0.0474370213,-0.21361287499999998,1.75070344,0.48760146599999993,0.838450595,0.635044374,0.0843770935,0.3680729,2.5529685099999998e-05,1.0482275195e-06,1.980463088e-06,3.910358403e-06,6.875497148e-06,1.2475994760000001e-05,2.3829500450000002e-05,6.148811759999999e-05,0.14781167499999998,0.019528351620000002,0.0010263101799999998,88.8103005,60.8951382,1.0975327099999999e-05,7.608651470000001,0.0099205785,6.68435178,0.00014345680990000001,1.2401391810000001e-05,0.0167725448,13.4016961,0.00014345680990000001,1.2401391810000001e-05,0.005531560980000001,3.5865006200000003,0.00014345680990000001,1.2401391810000001e-05,0.001241302343,2.874822301,0.00014345680990000001,1.2401391810000001e-05,0.00620901353,3.945221688e-05,6.44005942e-05,0.042090655250000004,27.1674408,0.0514721251,0.002366942688,-0.001379293636,2.080092807e-05,0.0001069874295
355,1703293800,0.296867494,0.296892451,0.050742887400000006,-0.9113497572,1.39166749,0.46893115100000005,0.7975368430000002,0.641419588,0.05139878376,0.2432100735,2.52064195e-05,5.27586038e-07,1.238916788e-06,2.600843323e-06,4.8086291429999995e-06,9.021724749999998e-06,1.6365525079999998e-05,4.407209775e-05,0.13317896150000003,0.014247433810000001,0.0009283918,81.1894818,57.715873699999996,9.718576069999999e-06,7.27974533,0.00907426571,5.006318630000001,0.0006198211569,5.594105780000001e-05,0.01620699885,11.997751419999998,0.0006198211569,5.594105780000001e-05,0.005925247020000001,11.23034384,0.0006198211569,5.594105780000001e-05,0.0015596846199999999,10.774015597,0.0006198211569,5.594105780000001e-05,0.00582277072,2.7122194780000003e-05,5.20492052e-05,-0.46079285180000007,58.254869,0.0400939852,0.0007442882799999998,-0.001938840457,1.367691783e-05,8.27122368e-05
355,1703294400,0.22693892799999996,0.22696356100000004,0.03847261363,-1.036915522,1.298027128,0.42788179,0.617268838,0.566304797,0.03147230645,0.22643585800000002,2.4978955600000006e-05,4.7050906640000003e-07,6.88824313e-07,1.189173386e-06,1.7571094909999999e-06,2.7696306339999997e-06,5.84014732e-06,1.2590280340000001e-05,0.1090227697,0.00372463601,0.0006962896559999999,76.3821796,53.6148588,7.51865359e-06,6.9314819,0.007743698380000001,2.85271516,0.00015871910365000002,1.3821848165999997e-05,0.015016725149999998,9.656532400000001,0.00015871910365000002,1.3821848165999997e-05,0.00553576667,4.032630183,0.00015871910365000002,1.3821848165999997e-05,0.0010404392280000002,3.290006726,0.00015871910365000002,1.3821848165999997e-05,0.00515357495,8.20093988e-06,3.2898931899999994e-05,-0.08867128299999999,156.1717975,0.0435266918,-0.00294048843,-0.0037065093799999995,1.3742879070000002e-05,0.0001212305843
355,1703295000,0.29286595600000004,0.29289081499999997,0.0635547339,0.07952724099999997,2.008036309,0.450706398,0.7271847050000002,0.588842966,0.0926586334,0.4805961546,2.5338843899999997e-05,7.45032757e-07,1.1687752040000002e-06,2.330140516e-06,4.309639644e-06,7.357668529999999e-06,1.456755977e-05,3.655294765e-05,0.132009987,0.01352593011,0.000829502899,80.35652950000001,57.6750225,9.62218399e-06,7.21820565,0.008518616540000001,4.80346301,0.00018043787050000003,1.575231558e-05,0.015446496100000002,11.74164789,0.00018043787050000003,1.575231558e-05,0.0056593178800000005,5.05203803,0.00018043787050000003,1.575231558e-05,0.0012448035230000001,4.3820845474,0.00018043787050000003,1.575231558e-05,0.00560372864,2.2775097e-05,4.763341079999999e-05,-0.030724822939999997,203.92576990000003,0.0652315257,-0.0008675172400000001,-0.002682908214,2.14747439e-05,0.0001675852106
355,1703295600,0.31188533760000003,0.3119101355,0.019723728365999997,-0.6087261792,1.635462446,0.451546726,0.84512578,0.627431646,0.08153111430000001,0.377653068,2.5199438599999998e-05,6.950815579999999e-07,1.34531434e-06,2.7363230149999997e-06,5.157674655e-06,9.254664756000002e-06,1.8881196769999997e-05,4.854905006000001e-05,0.1349874518,0.020417173000000004,0.0004509466998999999,86.0780686,59.908403899999996,1.020586749e-05,7.43449588,0.00872961644,5.2155131699999995,0.0011957128878,0.00010887891359399998,0.0154482067,11.96689889,0.0011957128878,0.00010887891359399998,0.00602600104,20.37486757,0.0011957128878,0.00010887891359399998,0.001677923939,20.2548399,0.0011957128878,0.00010887891359399998,0.0058865086200000005,2.8797299560000007e-05,5.35367943e-05,0.04779599367,39.4239422,0.0453129815,0.0010022747399999997,-0.00181290744,1.525899002e-05,9.80459685e-05
355,1703296200,0.17758404300000002,0.177608907,0.0012166067300000004,-0.7476515833,1.237387756,0.368795423,0.549166762,0.47022686199999997,0.03779861215,0.199445872,2.52236809e-05,5.522945059999999e-07,8.85982759e-07,1.672283874e-06,2.8443278170000005e-06,5.04472203e-06,9.24023519e-06,2.2244658790000002e-05,0.0828194141,0.00576925461,0.00016042034969999998,78.0248304,55.7116944,5.8368224000000005e-06,7.2110107,0.00693789159,2.80520983,0.0001488614207,1.294545305e-05,0.0128203278,7.32985546,0.0001488614207,1.294545305e-05,0.0054957191,3.53314941,0.0001488614207,1.294545305e-05,0.000996476981,2.8428501230000003,0.0001488614207,1.294545305e-05,0.00539838442,1.459642807e-05,3.9450690899999995e-05,0.1311464084,133.3513036,0.04836834055000001,-0.001703208385,-0.0034158285299999993,1.258075664e-05,9.68355892e-05
355,1703296800,0.30166630299999997,0.301691019,0.01741612025,-0.8480452115750001,1.403705334,0.45047833600000003,0.8310253679999999,0.7025089369999999,0.06349764399999999,0.28672748299999995,2.5186744900000002e-05,7.731926790000001e-07,1.339901632e-06,2.3824748229999995e-06,4.422772898e-06,7.240953286999999e-06,1.1664675240000001e-05,2.771426563e-05,0.1375522855,0.0129866911,0.0002378033812,79.8329241,56.31556830000001,9.938016119999997e-06,7.07697091,0.00861447398,4.38310887,0.00017443914020000002,1.511870414e-05,0.01620243955,12.25550244,0.00017443914020000002,1.511870414e-05,0.00559960841,4.06299536,0.00017443914020000002,1.511870414e-05,0.00121085474,3.3650958100000006,0.00017443914020000002,1.511870414e-05,0.00567801363,2.233933934e-05,4.70603035e-05,0.06335291089900001,53.467052450000004,0.046042938699999994,-0.00010064777900000021,-0.00246787517,1.564182335e-05,0.00011347894600000001
355,1703297400,0.526466439,0.5264910420000001,0.0113764304,-0.9836516200000001,1.9279337900000002,0.613308425,1.042269305,0.919153065,0.09909646000000001,0.546581294,2.5636379099999998e-05,1.5458305949999998e-06,2.652242974e-06,4.885038863e-06,8.67078255e-06,1.4260937920000001e-05,2.832336996e-05,7.14029934e-05,0.240140378,0.02245013733,0.000509873092,87.22650519999999,57.143333600000005,1.72730926e-05,7.57059769,0.011985079399999998,8.29464226,0.00031637327299999994,2.80689767e-05,0.021755463799999996,21.27084235,0.00031637327299999994,2.80689767e-05,0.0060569219399999995,8.69875445,0.00031637327299999994,2.80689767e-05,0.0019070193600000001,7.9905601399999995,0.00031637327299999994,2.80689767e-05,0.00633104011,4.336670761e-05,6.80226549e-05,-0.10532001558000001,59.19314678999999,0.0613988593,0.0028469238,-0.0010003963699999998,2.376671386e-05,0.0001523406188
355,1703298000,0.6778428799999999,0.677867717,0.00861701545,-1.1192960950000002,2.0742258400000004,0.7042496280000001,1.216687144,1.0555822260000003,0.1075275094,0.624995527,2.59288618e-05,1.579699638e-06,2.226432031e-06,4.005528274e-06,7.626094229999999e-06,1.3500880029999998e-05,2.6921032849999998e-05,6.82878195e-05,0.31665328000000004,0.02169676903,0.00044594683839999994,82.4292554,55.3288813,2.23473017e-05,7.3492370199999995,0.013319815000000002,9.571117359999999,0.0008025872159999999,7.262608750000001e-05,0.0252508273,27.987665799999995,0.0008025872159999999,7.262608750000001e-05,0.006318686330000001,17.6319559,0.0008025872159999999,7.262608750000001e-05,0.00220509235,17.21373009,0.0008025872159999999,7.262608750000001e-05,0.00606259935,3.554618023e-05,6.029486550000001e-05,0.0347477882,65.95926797,0.055805949050000005,0.0015349399429999996,-0.00132418101,1.9049337409999998e-05,0.00011404399429999999
355,1703298600,0.5877418090000001,0.5877667310000001,0.01124542182,-0.9770664896,1.9349090969999998,0.644556241,1.099871081,0.9686170610000001,0.1043254348,0.58315962,2.5456264500000002e-05,1.0844586439999999e-06,1.172681333e-06,2.2660307237e-06,4.073469333e-06,6.9633851260000006e-06,1.3534178027000002e-05,3.135260086e-05,0.28103598500000004,0.012532157860000004,0.00024178499459999998,77.3110975,53.4960465,1.9451443199999996e-05,6.8130394800000005,0.011925284500000001,7.44600853,0.0008113309186,7.349049766e-05,0.023407516399999998,24.7020265,0.0008113309186,7.349049766e-05,0.00605214737,14.853671920000002,0.0008113309186,7.349049766e-05,0.0018164298500000001,14.470669605000001,0.0008113309186,7.349049766e-05,0.005558795229999999,1.988902972e-05,4.48010711e-05,-0.041669234200000016,265.8970233,0.0637784254,-0.00047216838,-0.0026287761870000003,2.0322930949999997e-05,0.0001658297793
355,1703299200,0.581634079,0.581658678,0.009253059890000002,-1.17445798,1.60339894,0.6557865260000001,1.151885177,1.035556648,0.0555980209,0.40482009799999996,2.5988192600000004e-05,1.799304059e-06,1.978091951e-06,2.8669324479999996e-06,4.367575208e-06,6.332221766e-06,1.1773968934e-05,2.6379360680000002e-05,0.284757133,0.00583920003,0.0001636821097,72.78066460000001,52.067406000000005,1.9283851299999998e-05,6.599392620000001,0.012188956999999999,6.933863410000001,0.0011435565337,0.00010389455535,0.0244933172,25.4289758,0.0011435565337,0.00010389455535,0.006436599580000001,21.580851770000002,0.0011435565337,0.00010389455535,0.0022203234800000004,21.35305873,0.0011435565337,0.00010389455535,0.00530546041,1.236410871e-05,3.70077702e-05,-0.1253344645,43.868417199999996,0.0324675257,-0.00156255732,-0.00300877046,8.10706873e-06,5.24946238e-05
355,1703299800,0.6351082699999999,0.635132962,0.015159368900000001,-1.1788234999999998,1.8112678,0.684370091,1.1743483539999997,1.062069914,0.071068219,0.471801794,2.57792138e-05,1.5352338260000002e-06,1.7337180669999998e-06,2.5799924439999996e-06,4.94557916e-06,7.3711652e-06,1.554846002e-05,3.7801510299999996e-05,0.308591296,0.00864963414,0.00024040010809999994,74.5920532,52.5467704,2.1019482999999998e-05,6.862648010000001,0.0126695261,7.75974168,0.0003455650035,3.073833802000001e-05,0.0251258653,27.094172199999996,0.0003455650035,3.073833802000001e-05,0.006121742080000001,9.57266398,0.0003455650035,3.073833802000001e-05,0.0019408546000000003,8.80336588,0.0003455650035,3.073833802000001e-05,0.00543344704,1.662957505e-05,4.13797485e-05,-0.07187636949999998,123.26085879999998,0.046307722700000005,-0.00120028097,-0.002663224695,1.03032181e-05,7.71253602e-05
355,1703300400,0.45614175999999995,0.456166615,0.0200694112,-1.060462456,1.8009550099999998,0.579526793,0.961529335,0.850113454,0.0715301037,0.461318615,2.61749559e-05,1.6049372430000002e-06,1.9674514174e-06,2.7605055994e-06,4.781204613000001e-06,8.268636375e-06,1.63049696e-05,4.224179202e-05,0.217859549,0.0098839076,0.000247858348,73.6053312,53.556585,1.5064075649999999e-05,6.87200191,0.0107591457,6.197169580000001,0.00027145926420000003,2.3972541380000004e-05,0.020724719600000004,19.1798958,0.00027145926420000003,2.3972541380000004e-05,0.00582092423,6.559907950000001,0.00027145926420000003,2.3972541380000004e-05,0.00154448088,5.886558089999999,0.00027145926420000003,2.3972541380000004e-05,0.00548849393,1.815851821e-05,4.29967647e-05,-0.01972342935,193.99540033,0.0461639996,-0.0010314984399999998,-0.002684930025,1.206178281e-05,9.640567040000001e-05
355,1703301000,0.563622046,0.563647296,0.013617437199999999,-0.935142254,2.13936528,0.6496028079999999,1.0746328200000002,0.9301784339999999,0.10782828160000002,0.652662616,2.59409172e-05,1.154795274e-06,1.3989152200000002e-06,2.47223486e-06,4.37633808e-06,7.1396755799999995e-06,1.41346758e-05,3.32403582e-05,0.27272622799999996,0.008796561999999999,0.000223432579,78.1084978,53.168600000000005,1.86454924e-05,7.16708474,0.0119298328,6.9918042400000004,0.00023409024079999998,2.0541031499999998e-05,0.0233737672,23.9414959,0.00023409024079999998,2.0541031499999998e-05,0.00579538426,5.67917926,0.00023409024079999998,2.0541031499999998e-05,0.00152705412,4.9972229,0.00023409024079999998,2.0541031499999998e-05,0.005413642179999999,1.747262952e-05,4.26085434e-05,0.8692685039999999,367.27062499999994,0.10698159740000002,-0.0021508750599999998,-0.0032256237800000003,1.405116584e-05,0.000105927168
355,1703301600,0.251895035,0.251897175,0.020559626,-1.46726715,1.162723015,0.4563292,0.6958337299999999,0.64108208,0.016385042000000002,0.15562799,3.21585725e-06,1.1039507000000002e-06,1.2160642499999998e-06,1.5496443500000001e-06,2.1777986999999997e-06,3.201778e-06,5.2894205e-06,1.1032685e-05,0.12418172000000001,0.0016847651,5.4353148e-05,67.740245,51.3900785,8.3554225e-06,6.863688,0.008102973,2.7917687,1.0930745e-05,9.9082615e-07,0.016216447,10.84884275,1.0930745e-05,9.9082615e-07,0.00200352865,2.2475519,1.0930745e-05,9.9082615e-07,0.00091852095,2.07515975,1.0930745e-05,9.9082615e-07,0.0016079684000000001,3.1925899e-06,5.4440741e-06,0.20033523999999997,125.79047100000001,0.035550562,0.00018652429999999997,-0.00019068609999999995,3.832799549999999e-06,3.11194765e-05
355,1703302200,1.0721035829999999,1.072117722,0.0111533703,1.018126921,4.07907453,0.7568059300000001,1.32682798,0.9768673079999999,0.5553338526,2.6611364790000005,1.6034156e-05,6.53583167e-06,1.5382581069999998e-05,3.293834246e-05,5.755566967000001e-05,0.00011454057919999998,0.00023059972139999996,0.000515220035,0.507190159,0.02516788598,0.0027188978,82.3661671,56.4467261,3.4809455799999996e-05,7.7271459899999995,0.0157356962,35.95471629,0.0015701803609,0.00014337322178000002,0.0265508354,45.4934335,0.0015701803609,0.00014337322178000002,0.00568831696,38.04363085,0.0015701803609,0.00014337322178000002,0.00300728604,38.11990222,0.0015701803609,0.00014337322178000002,0.00678597004,0.00035603071959999994,0.0003701206836,-0.3477124441999999,162.5043512,0.2270784747,0.0062272569983,0.00111602492,0.00031771503760000003,0.0019821126879999997
355,1703302800,1.096833342,1.096853724,0.012593701699999998,5.0674350729999995,5.32017497,0.757944064,1.257825875,1.040394268,0.6857555660000001,5.17328656,2.1943278100000002e-05,7.284757036e-06,1.946461499e-05,4.0287309109999996e-05,8.130667444e-05,0.0001403463218,0.00030547608808000005,0.0007440330534,0.5264450079999999,0.01752068273,0.003110915015,72.2414866,53.8785429,3.54655019e-05,7.674403670000001,0.017006778049999997,49.17934371,0.0006331840458,5.788584292999999e-05,0.0273391094,50.761547300000004,0.0006331840458,5.788584292999999e-05,0.00564496941,12.41466711,0.0006331840458,5.788584292999999e-05,0.00230884986,12.18570189,0.0006331840458,5.788584292999999e-05,0.007751042849999999,0.0004831331032999999,0.0005034951988000001,-0.15296449504000004,254.97755159999997,0.39182044140000005,0.00395604517,-0.0005092725639999999,0.0005972101276,0.00421789464
355,1703303400,0.40969875699999997,0.409721062,0.00902989468,-0.38813782500000005,2.303995304,0.5388055900000001,0.8830019499999999,0.724184614,0.1050322786,0.5550676105,2.3399363899999998e-05,1.535335062e-06,2.3014364815e-06,3.649345331e-06,6.609752419999999e-06,1.1685186219999999e-05,2.1838636180000007e-05,5.3819868730000006e-05,0.18515246240000002,0.01922386923,0.00037037340599999996,83.72618460000001,57.5921013,1.3419136400000002e-05,7.31103303,0.0102331589,6.688469620000001,0.0001956302498,1.7248236280000002e-05,0.0186256037,16.4094397,0.0001956302498,1.7248236280000002e-05,0.00537506316,4.667356079999999,0.0001956302498,1.7248236280000002e-05,0.0013436685300000002,4.047269305,0.0001956302498,1.7248236280000002e-05,0.0056456426199999995,3.181776448e-05,5.4099103900000005e-05,-0.0720059453,149.61765145,0.0654668586,0.0004901241249999999,-0.0019715714189999997,2.3338019710000002e-05,0.0001797647426
355,1703304000,0.45574176,0.4557652580000001,-0.00428384474,-1.1551588469999998,1.541297029,0.584496691,0.9256032620000001,0.7906741279999999,0.06458099014999999,0.36219492900000005,2.41068226e-05,8.971172185000002e-07,1.3742432390000002e-06,2.431222945e-06,4.5540052059999996e-06,7.091424210000001e-06,1.444752673e-05,3.635259974e-05,0.212585203,0.01494555131,0.0002723651215,74.63204520000001,54.0719117,1.50346307e-05,6.8550648800000005,0.010497425500000001,6.106543530000001,0.0003849074161000001,3.462789489e-05,0.0203503901,18.5586762,0.0003849074161000001,3.462789489e-05,0.005740092769999999,7.981498589999999,0.0003849074161000001,3.462789489e-05,0.0015926366430000002,7.429147652,0.0003849074161000001,3.462789489e-05,0.00547236136,2.0473847550000003e-05,4.39388609e-05,0.43396997063000003,56.08558207,0.030701358,-0.0006601563500000001,-0.00221766381,9.06383958e-06,6.122775275000002e-05
355,1703304600,0.330694774,0.33071848700000006,0.0003313047899999999,-1.57374239,1.014255963,0.5267528789999999,0.773048602,0.716871877,0.0189944535,0.179945642,2.43083801e-05,7.737162919999999e-07,7.17869916e-07,9.444606470000001e-07,1.466693477e-06,2.0132443599999996e-06,3.3693597799999997e-06,7.435916429999998e-06,0.163419458,0.0018574200499999998,5.31859808e-05,67.04544239999998,51.1613641,1.09941316e-05,6.37101846,0.00924956465,3.59956423,0.0002115609779,1.8634034070000003e-05,0.0186387156,14.356458850000001,0.0002115609779,1.8634034070000003e-05,0.00558128456,5.57767842,0.0002115609779,1.8634034070000003e-05,0.00131154274,4.918500313000001,0.0002115609779,1.8634034070000003e-05,0.00495340168,3.1841748e-06,2.69443779e-05,0.25524143861,53.2858753,0.024974881499999997,-0.00283744949,-0.00349734314,2.2999237999999997e-06,2.6772392349999997e-05
355,1703305200,0.346153035,0.346177271,-0.00344639462,-1.55753078,1.091583305,0.532171112,0.782161378,0.7267346920000001,0.0258872707,0.235140919,2.46969192e-05,5.776401499999999e-07,6.197031704e-07,7.80532323e-07,1.157769087e-06,1.5839863719999997e-06,1.3567841690000001e-05,6.78232785e-06,0.17133342149999997,0.0016684339700000002,4.90567293e-05,66.3351048,51.0618051,1.151233543e-05,6.35551466,0.00952195285,4.05149848,0.00027125608910000005,2.417983084e-05,0.018865383700000002,15.114677100000003,0.00027125608910000005,2.417983084e-05,0.00570093957,6.08302516,0.00027125608910000005,2.417983084e-05,0.0013511318959999999,5.461189286,0.00027125608910000005,2.417983084e-05,0.00498640193,3.560782010000001e-06,2.77492057e-05,-0.061745408199999983,52.947845259999994,0.0221318414,-0.00267375325,-0.00329764331,3.0556391800000007e-06,3.4805118599999995e-05
355,1703305800,0.28426000100000004,0.284284329,-0.007715681499999999,-1.5539189700000002,1.016918531,0.4874931559999999,0.718709448,0.6630202449999999,0.023540167100000002,0.170586065,2.48213897e-05,6.320676239999999e-07,6.386501370000001e-07,8.74318072e-07,1.3254817339999999e-06,1.83676816e-06,2.98621172e-06,6.78398963e-06,0.1400757566,0.00199674183,4.188975989999999e-05,66.63146250000001,51.4356064,9.44860415e-06,6.393563680000001,0.008568654,3.09894472,0.00035015859689999996,3.126555837e-05,0.0172682219,12.4251162,0.00035015859689999996,3.126555837e-05,0.00574217177,6.7520257400000006,0.00035015859689999996,3.126555837e-05,0.0013315466800000002,6.189645630999999,0.00035015859689999996,3.126555837e-05,0.00499583352,2.46933289e-06,2.68707438e-05,-0.17646171329999996,106.38743829999999,0.0235249129,-0.00326904213,-0.0037533775400000005,2.7917961699999996e-06,3.23736542e-05
355,1703306400,0.24625792,0.24628229800000004,-0.01245398762,-1.6217369899999998,0.899202463,0.45779780400000003,0.652257423,0.604668456,0.01403765433,0.136698123,2.4722760000000004e-05,4.0872860050000004e-07,4.437847637e-07,6.203302459999999e-07,8.7743753e-07,1.2123829920000002e-06,1.961512025e-06,4.4357789200000006e-06,0.1210478385,0.0020354868299999997,3.530221289999999e-05,69.1490071,51.7026747,8.18715417e-06,6.19570313,0.00791457327,2.64737486,0.0001956050727,1.7190618151e-05,0.0159796733,10.59659565,0.0001956050727,1.7190618151e-05,0.0056016216199999995,5.0577533599999995,0.0001956050727,1.7190618151e-05,0.001143823995,4.325876938,0.0001956050727,1.7190618151e-05,0.00497305189,1.9489904799999997e-06,2.62229371e-05,-0.17585500200000004,92.5271113,0.020086845,-0.00354976168,-0.003906896589999999,2.8298328899999997e-06,3.3743497000000005e-05
355,1703307000,0.461938099,0.461962627,-0.0054979780399999996,-0.714454557,2.10962686,0.574383264,0.9499039760000001,0.7430476899999999,0.10200273680000001,0.5656772090000001,2.5257631000000002e-05,1.14427597e-06,1.850681329e-06,3.4113745770000005e-06,6.506502010000001e-06,1.1313996849999998e-05,2.1761607170000005e-05,5.306100188e-05,0.210670415,0.019790818680000002,0.0004080443256,82.1986925,56.6003868,1.51535415e-05,7.3139623700000005,0.01071257709,7.040079349999999,0.0019371886057,0.00017666795802999998,0.0198264194,18.5494395,0.0019371886057,0.00017666795802999998,0.0065788865200000005,32.24894646,0.0019371886057,0.00017666795802999998,0.0023665590460000005,32.515818974,0.0019371886057,0.00017666795802999998,0.00593393108,3.190332396999999e-05,5.65378011e-05,-0.024917476900000003,116.67030470000002,0.0462077215,0.00134077833,-0.0016192379780000001,1.6666582779999998e-05,0.00010140283910000002
355,1703307600,0.35722365,0.357248399,-0.0040698117,-0.5652940372,2.3761100400000004,0.521067977,0.816174918,0.6559700190000001,0.0860143917,0.482103987,2.5253733600000002e-05,8.05534368e-07,1.371953989e-06,2.5959963540000003e-06,5.145530089999999e-06,9.38805732e-06,2.0250723450000004e-05,4.88664376e-05,0.164686117,0.01349889706,0.00033774315699999996,85.94550540000002,56.881471399999995,1.1731301100000002e-05,7.593427030000001,0.00974926025,5.58122355,0.00027708705005000003,2.4608834110000002e-05,0.0180025502,14.5850797,0.00027708705005000003,2.4608834110000002e-05,0.0058198515200000005,7.89952677,0.00027708705005000003,2.4608834110000002e-05,0.00148879342,7.201982510000001,0.00027708705005000003,2.4608834110000002e-05,0.0056746174900000005,2.657543704e-05,5.1223398899999994e-05,0.21687379535000004,214.34196850000004,0.08930436039999999,-0.00038744477999999995,-0.0027095495899999997,2.8973544400000003e-05,0.00024776566079999995
355,1703308200,0.4149255449999999,0.41495039699999997,-0.002534140690000001,-0.298715868,2.24260594,0.5424899900000001,0.897214895,0.7045715020000001,0.1094992441,0.574726929,2.56802067e-05,1.223073978e-06,1.8742437700000002e-06,3.5686340260000004e-06,6.38543611e-06,1.180279642e-05,2.3375443199999997e-05,6.44956656e-05,0.186960226,0.019945186179999998,0.00044356909699999993,89.2029859,58.4867795,1.35796234e-05,7.594473719999999,0.01056716725,6.93276261,0.00030050764145,2.674633824e-05,0.0187926528,16.660830699999998,0.00030050764145,2.674633824e-05,0.005881422,8.48684575,0.00030050764145,2.674633824e-05,0.001596092675,7.737764550000001,0.00030050764145,2.674633824e-05,0.00605229191,3.29334814e-05,5.78482307e-05,0.06737014229999999,40.74205474,0.059925551,0.002058032278,-0.001348271965,1.833451798e-05,0.00012097200319999999
355,1703308800,0.34718952,0.347214305,-0.00865765613,-0.6393888767000001,2.037924744,0.5018009739999999,0.761310752,0.668532922,0.0637397617,0.3958930515,2.56233376e-05,1.0625331489999999e-06,1.563262207e-06,2.8507521410000002e-06,5.303584831e-06,1.0003793685e-05,2.206869006e-05,5.553521837e-05,0.1635523564,0.009600595190000002,0.0003423089634,81.73032049999999,55.0349107,1.1409771580000001e-05,7.38633334,0.0096786174,5.80789864,0.00025888901659999996,2.310778831e-05,0.01799006225,14.59450065,0.00025888901659999996,2.310778831e-05,0.005742546079999999,6.47251765,0.00025888901659999996,2.310778831e-05,0.0013803443800000001,5.825847987,0.00025888901659999996,2.310778831e-05,0.00563454811,2.4826489643e-05,4.9580289100000005e-05,-0.05602644337600003,286.11172109999995,0.0733581705,-0.0007856541870000002,-0.002995317004,2.3734828269999997e-05,0.0002014006263
355,1703309400,0.5203406690000001,0.520365608,-0.0196515782,-0.09802102000000001,2.5455776500000002,0.5926689589999999,1.0574197730000001,0.7840739360000001,0.1171556335,0.599500068,2.5466292599999998e-05,1.168987493e-06,2.26611671e-06,4.465657180000001e-06,8.92631269e-06,1.6526939200000003e-05,3.22782334e-05,8.24441701e-05,0.236138563,0.023300747780000002,0.000582116744,90.0911484,58.23712929999999,1.70559022e-05,7.72861465,0.011902816299999999,9.068327450000002,0.0011160267617499999,0.000101471179986,0.021535139,21.1946868,0.0011160267617499999,0.000101471179986,0.006397603470000001,20.376605604999998,0.0011160267617499999,0.000101471179986,0.0022404619,20.169285424,0.0011160267617499999,0.000101471179986,0.00636950822,4.78675087e-05,7.28561525e-05,0.019734078600000007,158.2408286,0.09024341799999999,0.00324021726,-0.000989607428,3.68309689e-05,0.00029057666299999997
355,1703310000,0.534768364,0.534793393,-0.0203318422,-0.598492123,2.3393964599999997,0.608210443,1.0399817329999999,0.833050439,0.08802600471999998,0.518075235,2.6191973699999997e-05,1.6704289720000002e-06,2.632903016e-06,4.60872724e-06,8.26331354e-06,1.4873113690000002e-05,3.020145345e-05,7.800026685000001e-05,0.24658134299999998,0.02015446216,0.0005067863160000001,82.25052500000001,55.7165972,1.75514308e-05,7.499620299999999,0.0120229344,9.097855919999999,0.0005571333003,5.020885195e-05,0.022010843599999996,22.018719150000003,0.0005571333003,5.020885195e-05,0.00604546867,10.994898860000001,0.0005571333003,5.020885195e-05,0.001854225365,10.483657039999999,0.0005571333003,5.020885195e-05,0.006126219130000001,4.2181223499999996e-05,6.71228283e-05,-0.5078475313500002,282.85079415,0.0895788412,0.0013940129899999998,-0.0015399937940000002,3.60035605e-05,0.000298367907
355,1703310600,0.6180057950000001,0.618030758,-0.0150704208527,-0.3963047124,2.5441901400000004,0.659726288,1.147535019,0.8793268269999999,0.1278293475,0.6534342100000001,2.5941086599999996e-05,1.5930089399999999e-06,2.6752731099999997e-06,4.894299330000001e-06,8.866629440000001e-06,1.5682285240000002e-05,3.13415895e-05,8.54130868e-05,0.281113644,0.027153853099999996,0.0005833993700000001,89.42075270000001,57.7830033,2.0283191999999997e-05,7.6458933799999995,0.012861809750000003,9.898409330000002,0.00038993415799999995,3.49624778e-05,0.0232683076,24.869978300000003,0.00038993415799999995,3.49624778e-05,0.00595543814,8.78787487,0.00038993415799999995,3.49624778e-05,0.00187356633,8.171247900000001,0.00038993415799999995,3.49624778e-05,0.006445666679999999,4.66300245e-05,7.160173660000001e-05,0.0910160148,50.99089736,0.07837895839999999,0.0038271913499999997,-0.00019025284800000005,2.64327861e-05,0.0002021954087
355,1703311200,0.5699758399999999,0.57000057,-0.015594727719999998,-0.3421151759999999,2.53541492,0.6456006089999999,1.004280667,0.817974974,0.132435153,0.737664632,2.57670587e-05,1.5729729569999999e-06,2.6315861300000002e-06,4.82817158e-06,8.269800149999997e-06,1.496770858e-05,3.1483262500000005e-05,7.369641320000001e-05,0.262545884,0.021765413670000004,0.000537741369,90.53030600000001,57.53281020000001,1.8704022600000002e-05,7.719330080000001,0.012645694099999999,9.4871336,0.0005278687216,4.771057120000001e-05,0.022738975899999996,23.601747100000004,0.0005278687216,4.771057120000001e-05,0.00593413746,11.34048474,0.0005278687216,4.771057120000001e-05,0.0017764737699999997,10.815369169999999,0.0005278687216,4.771057120000001e-05,0.00628413513,4.36037495e-05,6.82935072e-05,-0.008663201450000001,29.789415699999996,0.07764399990000001,0.0031947697599999996,-0.0010142504679999998,3.0292687699999998e-05,0.0002230852806
355,1703311800,0.5817776520000001,0.581802523,-0.010977787494999999,-0.18710321170000005,2.67225658,0.6339411269999999,1.13954731,0.854276072,0.145037087,0.710397699,2.60624779e-05,1.8546358389999997e-06,3.1509099759999995e-06,5.75180407e-06,1.0196105779999999e-05,1.783113335e-05,3.4384077599999995e-05,8.14335234e-05,0.260284462,0.02984833316,0.000599829566,90.64194549999999,59.9221754,1.905914285e-05,7.7437241299999995,0.012626722299999999,9.74886764,0.00046723628550000005,4.199426051999999e-05,0.022296101899999997,23.383313500000003,0.00046723628550000005,4.199426051999999e-05,0.00591515427,9.50796385,0.00046723628550000005,4.199426051999999e-05,0.00180288333,8.978917319999999,0.00046723628550000005,4.199426051999999e-05,0.00662508692,5.34817116e-05,7.84220221e-05,0.048781658400000004,69.82227388999999,0.1103911666,0.004943627737,0.00045087184200000004,3.6147803e-05,0.000305066214
355,1703312400,0.565437281,0.565462165,-0.015260583729999999,-0.2288351616,2.5803787750000002,0.6234241560000001,1.16024794,0.837475575,0.1262522076,0.7198812260000002,2.5564074800000007e-05,1.272663606e-06,2.5628054800000002e-06,4.9206688259999995e-06,9.008340535e-06,1.794021965e-05,3.4412942559999996e-05,9.097738090000001e-05,0.254984071,0.026925798329999993,0.0006453329270000001,87.41879259999999,58.619332500000006,1.8512677899999998e-05,7.52801949,0.012525144999999998,9.864139009999999,0.0009041349491,8.205092489e-05,0.0221250397,22.4913145,0.0009041349491,8.205092489e-05,0.006102465390000001,17.156740954,0.0009041349491,8.205092489e-05,0.0019941429000000003,16.942597053000004,0.0009041349491,8.205092489e-05,0.00656884376,5.225917654e-05,7.714384850000001e-05,-0.08146850078,75.23019022,0.07707370420000001,0.004402636580000001,0.0003538194379999999,2.7651069910000007e-05,0.00021510158420000002
355,1703313000,0.441941016,0.4419658719999999,-0.021287785400000002,-0.6709538119999999,2.2089674300000004,0.5830749230000001,0.8515385010000001,0.756960606,0.07399028220000001,0.3870636050000001,2.55024289e-05,9.428927369999999e-07,1.55438779e-06,3.03348856e-06,6.4289723000000005e-06,1.300939341e-05,2.932159946e-05,7.767168915e-05,0.208786936,0.011551563070000001,0.000498910573,86.56110199999999,55.260632799999996,1.4514059700000001e-05,7.68492506,0.011049726949999998,7.460783330000001,0.0010668754571,9.695019777e-05,0.020546941500000002,18.4869805,0.0010668754571,9.695019777e-05,0.006346022100000001,18.951555186,0.0010668754571,9.695019777e-05,0.00207438433,18.734812018000003,0.0010668754571,9.695019777e-05,0.00579080012,3.176748550000001e-05,5.6634771e-05,-0.10164396579999999,80.4792698,0.0714470921,-0.0004523564767,-0.00285154998,2.7463387469999998e-05,0.0001926749793
355,1703313600,0.32408019999999993,0.324104863,-0.02256148897,-0.8349460809,1.8269057659999999,0.502843483,0.731759823,0.6587076099999999,0.046266249649999994,0.32464965999999995,2.5562596800000003e-05,1.164466673e-06,1.643070131e-06,2.599088424e-06,4.89436168e-06,8.911603259999998e-06,1.8803759289999997e-05,4.926935286e-05,0.153860485,0.0077967049100000005,0.0002945823806,80.96052339999999,54.4564924,1.0668881349999999e-05,7.38299684,0.00950334296,5.220197369999999,0.0002164124297,1.903084676e-05,0.017861896199999998,13.8510196,0.0002164124297,1.903084676e-05,0.005628607629999999,4.811749369999999,0.0002164124297,1.903084676e-05,0.0012611411420000002,4.154114013,0.0002164124297,1.903084676e-05,0.005523728719999999,2.1983169080000004e-05,4.66658729e-05,-0.1181088951,180.11348020000003,0.0796155184,-0.00149501265,-0.00326270116,1.939468489e-05,0.0001512025414
355,1703314200,0.36431096500000004,0.364335402,-0.012764708947999998,-0.7876534149000001,2.1582284100000004,0.5301183949999999,0.770273507,0.699621358,0.058403316299999994,0.375135251,2.5321349000000002e-05,1.249297647e-06,1.8688075866e-06,3.279530586e-06,6.422894545e-06,1.2746890955000001e-05,2.747051172e-05,7.247471384e-05,0.172420195,0.009174906610000002,0.00043387183949999996,85.19838999999999,54.791843699999994,1.195820595e-05,7.593948549999999,0.01038419235,6.791210179999998,0.001106315118,0.00010052783397,0.018875097800000004,15.5705135,0.001106315118,0.00010052783397,0.0062272073800000004,20.30604731,0.001106315118,0.00010052783397,0.00195108916,20.05558155,0.001106315118,0.00010052783397,0.00568614649,3.098806635e-05,5.53409094e-05,0.28484426798999996,176.86267949999998,0.0902915521,-0.00092762312,-0.0031422120299999996,2.43069564e-05,0.000176631204
355,1703314800,0.292767974,0.292792338,-0.0013289729133599997,-1.35427161,1.206374327,0.47875376799999997,0.7801363150000001,0.660507658,0.030748881,0.188177699,2.50839623e-05,9.53733078e-07,1.278081233e-06,1.976861252e-06,3.008417127e-06,4.551367425e-06,7.20507267e-06,1.324938514e-05,0.143364757,0.0028671738959999997,0.00011908438259999998,71.3579057,51.8421564,9.714369339999999e-06,6.805088189999999,0.008870267829999999,3.65180116,0.00021725539950000002,1.9180757647e-05,0.017290567,12.7761361,0.00021725539950000002,1.9180757647e-05,0.0055914730099999995,5.160491649999999,0.00021725539950000002,1.9180757647e-05,0.0012048151050000002,4.470824703,0.00021725539950000002,1.9180757647e-05,0.00531152833,1.149544357e-05,3.58103079e-05,0.20772844259999998,140.3570579,0.0359485089,-0.0013833068799999997,-0.002659936594,8.71221425e-06,7.08539237e-05
355,1703315400,0.37463603500000003,0.374660514,0.00891908679,-1.053588014,1.3978551740000003,0.527174173,0.9553416670000001,0.791236668,0.042962331699999995,0.24064442700000002,2.4848006699999998e-05,6.8248211e-07,1.299728631e-06,2.544515776e-06,3.961705023e-06,5.592281435e-06,9.98589732e-06,2.216827513e-05,0.182198594,0.00489420407,0.0001784432444,80.33392359999999,52.568258,1.2426925750000002e-05,7.223646679999999,0.010322756399999999,5.0714011900000004,0.000288790718,2.5610383099999996e-05,0.019630827599999998,16.386461500000003,0.000288790718,2.5610383099999996e-05,0.005822963320000001,6.693173140000001,0.000288790718,2.5610383099999996e-05,0.00156649426,6.00164609,0.000288790718,2.5610383099999996e-05,0.00569894454,2.0444627779999998e-05,4.5015951e-05,-0.0438911187,18.00443828,0.0332628285,0.00198067549,-0.0003121788739999999,7.42402314e-06,5.13860634e-05
355,1703316000,0.44325693099999997,0.443281535,0.004361548300000001,-1.3508829539999998,1.5472972329999997,0.578069404,0.8862645720000002,0.81970001,0.06448799651,0.618213843,2.5411015500000004e-05,1.0547067099999998e-06,1.523909903e-06,2.5927329520000003e-06,3.9055808559999995e-06,6.671014867000001e-06,1.361758597e-05,3.244518229e-05,0.21954895079999998,0.0018961958,0.000120725553,67.17569119999999,50.9473838,1.4711697050000001e-05,6.627878050000001,0.01056289591,6.60694725,0.0003077372047,2.731558303e-05,0.020776385799999998,19.7891311,0.0003077372047,2.731558303e-05,0.005816739749999999,7.15797345,0.0003077372047,2.731558303e-05,0.001473574439,6.533405930000001,0.0003077372047,2.731558303e-05,0.005169718970000001,1.82733136e-05,4.2763504600000005e-05,-0.3402028893,184.92291600000001,0.0757435895,-0.0026656371,-0.00328481021,3.317672638e-05,0.00031783364545
355,1703316600,0.5879886860000001,0.5880132779999998,-0.010080201099999998,-1.3733196399999998,1.595673675,0.6473006990000001,1.0007555529999999,0.9320159440000001,0.06716562276,0.5032546769999999,2.5435869800000003e-05,1.120775634e-06,1.2345160410000003e-06,1.924302055e-06,3.28652292e-06,5.767766980000001e-06,1.9690455660000003e-05,6.632870945e-05,0.29094653400000003,0.00277667656,0.0001708878433,66.059773,50.96385360000001,1.950843325e-05,6.715592770000001,0.0128736866,9.420747290000001,0.00041730512079999997,3.736190852e-05,0.0233791474,25.6858267,0.00041730512079999997,3.736190852e-05,0.00597687037,9.86085744,0.00041730512079999997,3.736190852e-05,0.00178731646,9.23840346,0.00041730512079999997,3.736190852e-05,0.00529889966,1.09415278e-05,3.5551171800000006e-05,-0.09729088897,43.8394156843,0.028272931850000006,-0.0009082088470000001,-0.001969026157,4.350957e-06,4.3666942549999996e-05
355,1703317200,0.26273202500000004,0.26275664,-0.02298521117,-1.5127044399999998,0.787186516,0.46372625800000006,0.7023589250000001,0.6640327800000001,0.008349111329999999,0.1202372814,2.5047376300000003e-05,5.046999755e-07,5.240359438e-07,6.34391696e-07,9.54580758e-07,1.317204946e-06,2.1665357700000003e-06,4.64466212e-06,0.129988841,0.00131655287,4.94037874e-05,66.33528620000001,51.0579494,8.73772075e-06,6.220593419999999,0.008061847569999999,2.78723201,0.00023173710100000004,2.0395473419999997e-05,0.0166154081,11.386345899999998,0.00023173710100000004,2.0395473419999997e-05,0.005666176320000001,5.09627801,0.00023173710100000004,2.0395473419999997e-05,0.001192588203,4.44570824,0.00023173710100000004,2.0395473419999997e-05,0.00499883647,1.4315171200000002e-06,2.61118519e-05,0.027295391500000026,78.1984215,0.016824551200000003,-0.0036090970200000003,-0.0039530500199999995,1.60503688e-06,2.06674082e-05
355,1703317800,0.29237228699999995,0.292397052,-0.0239701558,-1.48784973,0.871864111,0.4882995790000001,0.742822679,0.6990963270000001,0.01417435176,0.145522932,2.52353592e-05,5.85183067e-07,6.85470769e-07,7.545356656e-07,1.066405199e-06,1.507069675e-06,2.6823248900000004e-06,6.03104067e-06,0.14479287200000002,0.00132785244,5.158827409999999e-05,65.8286663,50.9285241,9.7225401e-06,6.25385681,0.00861632725,3.1992132500000006,0.00023185755000000005,2.044584959e-05,0.0176417509,12.844089,0.00023185755000000005,2.044584959e-05,0.00574052804,5.65577043,0.00023185755000000005,2.044584959e-05,0.0012874994110000002,4.955396252000001,0.00023185755000000005,2.044584959e-05,0.0050160217,2.03473616e-06,2.6715273899999995e-05,-0.036428699300000006,49.506492300000005,0.013247192100000003,-0.0033084587899999997,-0.0038335156499999996,1.53804885e-06,1.7331552700000002e-05
355,1703318400,0.31180138199999996,0.311826052,-0.0261059757,-1.5171603700000003,0.8398006459999999,0.502818507,0.7596981900000002,0.7151843290000001,0.01319963562,0.14421953199999998,2.51163987e-05,5.13715378e-07,5.376061865e-07,6.520682655e-07,1.012272711e-06,1.333064687e-06,2.27534193e-06,4.83056733e-06,0.154510151,0.00132503844,5.38263588e-05,66.9739371,50.8972313,1.03710904e-05,6.226770299999999,0.00886316975,3.4019310500000004,0.0003640939972,3.247737326e-05,0.018167029999999997,13.772659200000001,0.0003640939972,3.247737326e-05,0.005867870209999999,7.37525818,0.0003640939972,3.247737326e-05,0.00140684338,6.786678285000001,0.0003640939972,3.247737326e-05,0.00500142946,1.42059291e-06,2.6154991799999998e-05,-0.127846952,61.6310025,0.014318139600000002,-0.00353509439,-0.0039105554499999995,1.4609867700000001e-06,1.9104491e-05
355,1703319000,0.365250466,0.365275364,-0.01829521738,-1.49914466,1.2702762550000002,0.5445089209999999,0.819212509,0.7681734440000001,0.01966524904,0.214406133,2.5899187499999993e-05,1.146213856e-06,1.2520286010000001e-06,1.562170825e-06,2.2498166749999996e-06,3.1372795199999994e-06,5.05559507e-06,1.035851056e-05,0.18133823599999999,0.00119596966,6.52333376e-05,64.47299280000001,50.7035647,1.2138612599999998e-05,6.552229710000001,0.00961707365,4.0723347599999995,0.0003039720561,2.6962471770000002e-05,0.0196354261,16.142011000000004,0.0003039720561,2.6962471770000002e-05,0.005832659279999999,6.8107615400000014,0.0003039720561,2.6962471770000002e-05,0.00138943197,6.1628314500000005,0.0003039720561,2.6962471770000002e-05,0.005046575540000001,3.51921921e-06,2.8431039100000004e-05,0.487564112,361.6964171000001,0.0497101836,-0.00347662211,-0.0038692776399999996,8.186163409999998e-06,8.905934350000001e-05
355,1703319600,0.26012602500000004,0.260151002,0.006852198463999999,-1.54369054,1.0617699200000001,0.46543884700000004,0.6686829170000002,0.631556771,0.01767144755,0.1735247106,2.5198092000000003e-05,2.965074771e-07,3.5163012499999996e-07,4.907578864e-07,8.253729770000001e-07,1.3887774129999999e-06,2.4016353329999998e-06,4.9883487800000005e-06,0.1285061356,0.0014901408599999999,5.5760727000000004e-05,70.25986189999999,51.165781300000006,8.64579178e-06,6.54251813,0.00826590878,2.8797924200000002,0.0001975538132,1.7295030409999998e-05,0.0165171151,11.4072784,0.0001975538132,1.7295030409999998e-05,0.005678029500000001,4.90431885,0.0001975538132,1.7295030409999998e-05,0.001164176085,4.230637304,0.0001975538132,1.7295030409999998e-05,0.005074621600000001,2.9473091699999997e-06,2.7830147199999995e-05,0.17327950200000003,58.820236,0.016816596200000002,-0.00332918912,-0.00389723218,2.8501622800000002e-06,2.7164129000000002e-05
355,1703320200,0.386136169,0.38616079300000006,-0.013523986079999998,-1.3628649400000001,1.316177685,0.558890412,0.824800182,0.7826488739999999,0.025773980300000006,0.24911642000000006,2.59609417e-05,1.546187696e-06,1.80767156e-06,2.22579537e-06,3.1117437499999995e-06,4.504071850000001e-06,7.51294233e-06,1.5164034649999998e-05,0.190983959,0.00195957248,8.73076496e-05,68.8654743,51.0829426,1.28123983e-05,6.8412853600000005,0.009935599,4.38428897,0.0004383401602,3.939889456e-05,0.0201019019,16.8346455,0.0004383401602,3.939889456e-05,0.00590837093,9.41810683,0.0004383401602,3.939889456e-05,0.00154791193,8.848586190000002,0.0004383401602,3.939889456e-05,0.00514628057,6.16604081e-06,3.0829264e-05,0.09070626709999999,110.79566810000001,0.031327917299999994,-0.002409225959,-0.00350064201,5.938189190000001e-06,5.4416557199999996e-05
355,1703320800,0.32957578700000006,0.32960072300000004,-0.0173293898,-1.4873913699999999,0.9384286599999999,0.5170483489999999,0.789661607,0.731647338,0.0210459406,0.176008632,2.5756168600000005e-05,9.295380789999999e-07,1.010108304e-06,1.2510528690000002e-06,1.861385267e-06,2.58522086e-06,4.344591450000001e-06,9.11679983e-06,0.163315648,0.00139507413,5.5176904399999994e-05,65.7841208,50.8887385,1.0948347500000001e-05,6.608496130000001,0.0090756872,3.5581502099999995,0.0003437366775,3.059483333e-05,0.0186027838,14.431432050000002,0.0003437366775,3.059483333e-05,0.0058906086399999995,7.065180890000001,0.0003437366775,3.059483333e-05,0.0014373657500000002,6.44061118,0.0003437366775,3.059483333e-05,0.00502698775,1.80369284e-06,2.67206779e-05,-0.0914319271,44.4582711,0.0142612319,-0.0033963155999999993,-0.00382776279,1.4549757100000002e-06,1.7670329300000003e-05
355,1703321400,0.483758477,0.483783298,-0.016049631099999996,-1.4116712599999999,1.4013427699999998,0.6223542209999999,0.9603293129999999,0.8870520789999998,0.0386449188,0.293739229,2.6149452900000004e-05,1.571477997e-06,1.6599310690000001e-06,2.1071581019999998e-06,2.9774869010000005e-06,4.180911210000001e-06,6.59150038e-06,1.3684394619999998e-05,0.23967195799999996,0.00210108249,7.19940997e-05,68.24622740000001,50.8637426,1.6071298100000003e-05,6.5164958099999994,0.01112430015,5.45785914,0.0004755118034,4.272675487e-05,0.0225858781,21.418457699999998,0.0004755118034,4.272675487e-05,0.0060062085099999996,10.138737469999999,0.0004755118034,4.272675487e-05,0.0016816999399999998,9.57940189,0.0004755118034,4.272675487e-05,0.00513051139,5.55014237e-06,3.0264512600000004e-05,-0.18249848330000001,85.4570028,0.029955269599999994,-0.002519896144,-0.0034303676399999997,5.26052881e-06,5.2016353300000005e-05
355,1703322000,0.4696878210000001,0.469712381,0.008764959420000001,-1.2693292499999997,1.5670228500000003,0.603410702,0.9361410720000001,0.8624138349999999,0.0493706397,0.352360606,2.5748044900000003e-05,1.4404224e-06,1.690586477e-06,2.203195131e-06,3.221708233e-06,4.799207324e-06,7.73017193e-06,1.706749181e-05,0.231542746,0.00315597642,0.00010575363500000001,75.1046744,51.3911028,1.55712848e-05,6.883846269999999,0.011009164000000002,5.516949489999999,0.0005666259578,5.1030082779999995e-05,0.021917347700000003,20.5902822,0.0005666259578,5.1030082779999995e-05,0.00605533563,11.28160889,0.0005666259578,5.1030082779999995e-05,0.0017611489439999998,10.822524592,0.0005666259578,5.1030082779999995e-05,0.00525141348,8.58543266e-06,3.3196354900000005e-05,-0.10848567995,26.605398700000002,0.021971401749999998,-0.0017978278809999994,-0.0032368890999999998,5.8535561599999995e-06,4.13851818e-05
355,1703322600,0.402894837,0.40291962200000003,0.027642323100000005,-1.18849446,1.459919547,0.556803799,0.8983024000000001,0.820187553,0.04359708847,0.30718050900000005,2.53846343e-05,7.37895256e-07,9.33918008e-07,1.3944580485e-06,2.352213736e-06,3.5418110650000003e-06,5.7178737779999995e-06,1.2367947499999999e-05,0.197345857,0.00396151955,0.000112364044,74.95070650000001,52.0325103,1.33571792e-05,6.660517489999999,0.0102173835,4.724067809999999,0.000186477375,1.62699268e-05,0.0202422271,17.461954600000002,0.000186477375,1.62699268e-05,0.0057285572299999995,5.011811740000001,0.000186477375,1.62699268e-05,0.00136836886,4.30454037,0.000186477375,1.62699268e-05,0.00523550696,8.040975700000001e-06,3.2778113999999995e-05,-0.06332410468,42.1145686,0.02367405575,-0.002164463381,-0.0034312756100000003,6.43189764e-06,5.122521874999999e-05
355,1703323200,0.31028011600000005,0.310305024,0.01786057872,-1.49762562,0.997755483,0.505303464,0.772186066,0.715034332,0.013666951519999998,0.1601207224,2.6020665500000002e-05,1.187781874e-06,1.2513100769999998e-06,1.500655995e-06,1.987033018e-06,2.70649301e-06,4.194140554e-06,8.44882969e-06,0.15141656699999997,0.00364875629,5.23330415e-05,67.61194309999999,52.3725471,1.031069775e-05,6.537648590000001,0.0090625697,3.3972518000000003,0.00034284828200000005,3.060049703e-05,0.018083442400000004,13.50819395,0.00034284828200000005,3.060049703e-05,0.005817791710000001,7.060397795,0.00034284828200000005,3.060049703e-05,0.0013345348440000002,6.424154945,0.00034284828200000005,3.060049703e-05,0.00501910548,1.39801827e-06,2.63310765e-05,0.09385897800000001,43.2505881,0.0131907742,-0.003515708270000001,-0.0038992810799999998,1.3634029599999999e-06,1.72300674e-05
355,1703323800,0.33855722,0.33858202299999995,0.011689871837,-1.53026667,1.0671325440000001,0.529523142,0.797424344,0.7297347740000001,0.01839252421,0.182855269,2.52124391e-05,4.78622829e-07,5.08208826e-07,6.76378949e-07,1.134535203e-06,1.682089214e-06,2.993154753e-06,7.0165586500000004e-06,0.164876835,0.00433557664,5.1295431e-05,69.83860349999999,52.61686590000001,1.12511898e-05,6.42133304,0.0094479451,3.70740179,0.0003243743193,2.9016461130000004e-05,0.0187802439,14.690122699999998,0.0003243743193,2.9016461130000004e-05,0.005883284179999999,8.140559634,0.0003243743193,2.9016461130000004e-05,0.0014381463340000001,7.476774979,0.0003243743193,2.9016461130000004e-05,0.0050231754399999995,1.88365606e-06,2.67288751e-05,0.08983265929999999,49.7044001,0.0162104984,-0.00335412751,-0.00378530407,1.5197616300000002e-06,1.8818901950000003e-05
355,1703324400,0.596824016,0.596848767,0.012883972700000001,-1.35177571,1.39031744,0.681535194,1.133472084,1.055619713,0.022388069700000002,0.306577245,2.6027977200000002e-05,1.4397679369999998e-06,1.4433082510000002e-06,1.841941321e-06,2.476959935e-06,3.18174605e-06,5.38927856e-06,1.064509563e-05,0.293639251,0.00469670939,4.8350822899999996e-05,67.6358816,51.6229969,1.9842162199999997e-05,6.243304780000001,0.012318751999999999,6.36416192,0.0004904469600000001,4.402786765e-05,0.025056744400000004,25.9466992,0.0004904469600000001,4.402786765e-05,0.0061128417200000005,10.62914061,0.0004904469600000001,4.402786765e-05,0.0018203776999999998,10.019112580000002,0.0004904469600000001,4.402786765e-05,0.00500321752,2.1852243e-06,2.69643197e-05,-0.007426393513000002,20.29535758,0.012562921969999998,-0.0028281591300000006,-0.0034298445099999997,1.34654239e-06,1.7017874399999997e-05
355,1703325000,0.659658063,0.659682849,0.013722754599999998,-1.4651858800000002,1.3967301200000002,0.7226193569999999,1.1533477419999998,1.0769203969999999,0.0244507391,0.33891715199999994,2.5094904e-05,4.69611944e-07,4.4398257999999997e-07,6.97102562e-07,1.104457165e-06,1.412313507e-06,3.0991108660000008e-06,6.69058347e-06,0.32445599300000005,0.00531074817,4.80684917e-05,70.49001700000001,51.73107639999999,2.19455772e-05,5.82308856,0.0129579104,7.070544379999999,0.0004347129012,3.9083493305000003e-05,0.026104320200000003,28.622941799999996,0.0004347129012,3.9083493305000003e-05,0.00598060122,10.56068679,0.0004347129012,3.9083493305000003e-05,0.00172232103,9.905018246999997,0.0004347129012,3.9083493305000003e-05,0.0050223022,3.0583410300000004e-06,2.7831929299999998e-05,0.07156593567,32.46947012,0.016831306570000003,-0.002623491,-0.00330582885,2.68899822e-06,3.1079384949999996e-05
355,1703325600,0.806861428,0.806886276,-0.009823067300000002,-1.3142309400000003,1.58899849,0.786385731,1.3228529000000002,1.2153371000000002,0.035889735299999996,0.418967077,2.60790519e-05,1.45985496e-06,1.5537503850000002e-06,2.0885807049999996e-06,2.9938343800000002e-06,4.10941384e-06,7.43394384e-06,1.5134974e-05,0.39698616,0.006123671799999999,0.00028485269,70.07686609999999,51.617339099999995,2.68120165e-05,6.47421737,0.014218942399999998,8.57594122,0.0006639692759999999,5.988252419999999e-05,0.029016987899999996,35.018111600000005,0.0006639692759999999,5.988252419999999e-05,0.0064239212900000005,15.302790829999998,0.0006639692759999999,5.988252419999999e-05,0.0022157420600000003,14.70103346,0.0006639692759999999,5.988252419999999e-05,0.00503910085,3.4019336400000005e-06,2.83544568e-05,-0.07465310903000001,130.20195556000002,0.035598050560000004,-0.00265541315,-0.00331082652,4.004766750000001e-06,4.71610816e-05
355,1703326200,0.695028203,0.6950529249999999,-0.0023932099500000026,-1.5215012099999998,1.4001802600000002,0.7518981749999999,1.139284784,1.0698326640000002,0.0357672109,0.350457291,2.5753053e-05,1.217648137e-06,1.267271626e-06,1.6388389689999999e-06,2.3244994929999997e-06,2.9996782979999997e-06,5.458637394e-06,1.154254773e-05,0.34102931400000003,0.00593390313,0.000523377905,70.67549160000002,51.91017139999999,2.31099915e-05,6.166256979999999,0.01338262445,7.42053303,0.0005529704267,4.976219478e-05,0.0267832886,30.0175888,0.0005529704267,4.976219478e-05,0.0061331154700000005,11.8582004,0.0005529704267,4.976219478e-05,0.0019064469,11.293329959999998,0.0005529704267,4.976219478e-05,0.0050091467,2.6783367399999997e-06,2.73864749e-05,-0.019349542399999996,85.68711694999999,0.0235407807,-0.00283804539,-0.0034002142200000003,2.8967406700000005e-06,3.50526615e-05
355,1703326800,0.535777577,0.535802337,0.0442189415,-1.6500267000000002,1.289964397,0.678699619,0.9622043610000001,0.9136403900000001,0.022352302299999995,0.275367106,2.63342436e-05,1.7592686269999998e-06,1.878785212e-06,2.48328636e-06,3.213031356e-06,4.23371563e-06,7.194497429999999e-06,1.4330555010000001e-05,0.26107759599999997,0.006177497570000001,0.000596893667,69.83318410000001,52.4800015,1.7795141300000002e-05,6.5896653,0.01193685575,5.87553747,0.0005549764312999999,5.0079788909999996e-05,0.023723764,23.2770879,0.0005549764312999999,5.0079788909999996e-05,0.00605946961,11.595378839999999,0.0005549764312999999,5.0079788909999996e-05,0.00172935226,11.05351765,0.0005549764312999999,5.0079788909999996e-05,0.00502760332,3.1847588000000005e-06,2.79562192e-05,-0.47242135799999996,119.56265737999999,0.0291250701,-0.0029777440500000003,-0.00347139935,4.676798410000001e-06,5.208339519999999e-05
355,1703327400,0.508656217,0.50868121,-0.00032895548999999736,-1.60159576,1.22017472,0.655378962,0.9316409560000001,0.872426645,0.021296972539999997,0.274412486,2.5446515600000002e-05,6.02110744e-07,5.896000802000001e-07,8.345750567e-07,1.283794802e-06,1.6494996580000003e-06,3.0212346670000005e-06,6.468515980000001e-06,0.24775081099999996,0.0059418619199999995,0.0006203292920000001,74.0995207,52.499452600000005,1.6912246099999998e-05,6.085698529999999,0.011621613949999998,5.52675249,0.00030434165689999996,2.722629031e-05,0.023063377200000002,22.0432328,0.00030434165689999996,2.722629031e-05,0.00585818484,8.700237595,0.00030434165689999996,2.722629031e-05,0.0014849062430000001,7.985464520000001,0.00030434165689999996,2.722629031e-05,0.0050147631,1.8833163499999998e-06,2.67650901e-05,-0.1879731621,75.1580278,0.01857239185,-0.0032075922899999997,-0.0036688570500000004,1.6807765800000002e-06,2.0806362e-05
355,1703328000,0.581983035,0.582007823,-0.011103331900000003,-1.54962247,1.23855032,0.6942120310000001,1.022093717,0.955529175,0.0186247033,0.278755149,2.5697277199999996e-05,1.0810524109999998e-06,1.080744081e-06,1.487244193e-06,2.053041701e-06,2.737299801e-06,4.8818417e-06,1.0103633690000001e-05,0.28423018099999997,0.00610863546,0.00062832842,71.76325899999999,52.3043413,1.9349407199999997e-05,6.30518796,0.0121675702,6.11265464,0.0007279806327000002,6.579597048e-05,0.024507163999999998,24.781152,0.0007279806327000002,6.579597048e-05,0.00619498681,13.883739219999999,0.0007279806327000002,6.579597048e-05,0.0019069386000000002,13.445782249999999,0.0007279806327000002,6.579597048e-05,0.00503259911,2.5544098100000003e-06,2.7489741499999992e-05,-0.1760369769,29.899290200000003,0.016496531599999996,-0.00288253189,-0.0034306952600000004,1.5225081e-06,2.0028284700000004e-05
355,1703328600,0.704695607,0.704720464,-0.06262617410000001,-1.39196034,1.4446941299999998,0.747561037,1.1854861899999998,1.11843411,0.01693758545,0.34131391800000005,2.6490944100000006e-05,1.8779859139999998e-06,1.8848056540000001e-06,2.336612181e-06,3.0986692480000003e-06,3.889156906e-06,6.374220772e-06,1.239660661e-05,0.34631315700000004,0.00543150617,0.000569564009,68.7194447,51.681189800000006,2.34356484e-05,6.166206969999999,0.0133816286,7.39640764,0.000529035505,4.758114121000001e-05,0.0271440436,30.2648347,0.000529035505,4.758114121000001e-05,0.00611776568,10.92331788,0.000529035505,4.758114121000001e-05,0.0019071459899999998,10.41496272,0.000529035505,4.758114121000001e-05,0.00500385273,2.3081945599999995e-06,2.7030916800000002e-05,-0.005527098999999996,24.7304071,0.014733913199999999,-0.00279090168,-0.00339742979,1.58763494e-06,2.0024655999999998e-05
355,1703329200,0.834530312,0.834554975,-0.0417179691,-1.3798644300000003,1.52370902,0.8097657010000001,1.30410231,1.1985740799999998,0.031576880300000006,0.39137134700000004,2.55728361e-05,1.250164877e-06,1.242810125e-06,1.8465762879999996e-06,2.8940638599999997e-06,4.192630190000001e-06,7.89013673e-06,1.7624343249999997e-05,0.41029776800000006,0.0063778123699999995,0.000551653746,69.8278072,51.7315255,2.7733068499999998e-05,6.443902110000001,0.0145357036,8.88247945,0.0005451733935,4.90397613e-05,0.029356694499999995,35.8870643,0.0005451733935,4.90397613e-05,0.006294065509999999,13.716049900000002,0.0005451733935,4.90397613e-05,0.00215673929,13.04242684,0.0005451733935,4.90397613e-05,0.00505348511,4.3948307600000005e-06,2.9057138e-05,0.12140931490000004,41.0737172,0.024575568400000004,-0.00234446685,-0.0030872623900000005,3.26568357e-06,3.62192838e-05
355,1703329800,0.730611479,0.7306360199999999,-0.0640556829,-1.29735894,1.4735699800000002,0.748050589,1.2474755800000001,1.16778566,0.017653322549999996,0.34441025999999997,2.5962525700000004e-05,1.6755106860000003e-06,1.6915107789999998e-06,2.219076852e-06,3.03303554e-06,4.116488841000001e-06,6.865012094e-06,1.4441960399999999e-05,0.358302915,0.006470992189999999,0.000496325825,70.01434559999998,51.8764747,2.4286439399999998e-05,6.415139099999999,0.013642975849999999,7.8260474,0.0006013250608,5.4171371649999994e-05,0.0277074647,31.613496700000002,0.0006013250608,5.4171371649999994e-05,0.00617174261,12.419833039999999,0.0006013250608,5.4171371649999994e-05,0.00196788326,11.91281427,0.0006013250608,5.4171371649999994e-05,0.00500964988,2.89995347e-06,2.75578852e-05,-0.09920505136400001,50.680120800000005,0.0177234926,-0.0026151678,-0.00330406253,2.002035764e-06,2.445628975e-05
355,1703330400,0.7855761690000002,0.7856008859999999,-0.034437425463,-1.42447247,1.59679879,0.793408393,1.2508131900000001,1.1584853699999997,0.0332383453,0.39784198000000004,2.6061480499999998e-05,1.5825445250000001e-06,1.5584362780000003e-06,1.933822656e-06,2.805659787e-06,3.998654928e-06,5.9075017450000005e-06,1.8930233719999998e-05,0.385744166,0.00646357965,0.0005422459450000001,70.0723378,51.8087846,2.6128981999999997e-05,6.08694054,0.014151204950000001,8.33861247,0.0007042024831999999,6.362156596000001e-05,0.028554913199999997,33.7695724,0.0007042024831999999,6.362156596000001e-05,0.006287425769999999,15.035040275999998,0.0007042024831999999,6.362156596000001e-05,0.0021085341249999995,14.49178954,0.0007042024831999999,6.362156596000001e-05,0.00501347182,3.8460157100000006e-06,2.8579661e-05,0.10842755779999999,61.94789491,0.022735607100000003,-0.00225206877,-0.00296299942,4.60406606e-06,5.3067083000000006e-05
355,1703331000,0.5531122940000001,0.553136792,0.01691454311,-1.6284548300000001,1.2067868400000001,0.686432849,0.97480478,0.924853242,0.028515250600000003,0.28981996000000004,2.54405583e-05,1.064588812e-06,1.0789975352000002e-06,1.293462351e-06,1.9054718330000002e-06,3.74835113e-06,4.8789495499999995e-06,2.5995553899999998e-05,0.269349529,0.0065898434500000005,0.000575850765,71.61384419999999,52.6119006,1.83942342e-05,6.31416117,0.01219431015,6.199370050000001,0.0007127935042000001,6.4544416916e-05,0.0239127882,23.797407800000002,0.0007127935042000001,6.4544416916e-05,0.00611013234,14.164394732999998,0.0007127935042000001,6.4544416916e-05,0.001825999842,13.746446045999999,0.0007127935042000001,6.4544416916e-05,0.00497878228,3.7307733000000005e-06,2.82087464e-05,-0.08448096889999998,6.23622441,0.0117684661,-0.00197411214,-0.00271743433,1.5787180999999998e-06,1.8538130299999998e-05
355,1703331600,0.606195534,0.606219999,0.022715563129999998,-1.6248110400000002,1.44986921,0.719066784,1.0233312470000002,0.964566963,0.030225275799999996,0.34115201800000006,2.5410122800000002e-05,1.1443023030000002e-06,1.1689624609999998e-06,1.490318407e-06,2.225531214e-06,4.10286264e-06,6.032996400000001e-06,2.7089395799999998e-05,0.296451423,0.006003859579999999,0.0005982653269999999,70.1392024,52.14918670000001,2.0148664700000002e-05,6.47625872,0.012755862199999999,6.7831088600000005,0.00015922607970000001,1.3919694446999996e-05,0.025105854500000004,26.0741327,0.00015922607970000001,1.3919694446999996e-05,0.005749746169999999,7.26719303,0.00015922607970000001,1.3919694446999996e-05,0.00148976353,6.4061921139999995,0.00015922607970000001,1.3919694446999996e-05,0.00499684371,4.38451574e-06,2.885553069999999e-05,-0.13496326760000002,63.993664469999985,0.030151230899999992,-0.00201174521,-0.0027542119099999997,4.11510489e-06,4.7767896600000006e-05
355,1703332200,0.7003033139999999,0.700327669,0.02429563636,-1.6122052,1.67858873,0.769549362,1.1052712599999999,1.049394527,0.0429095283,0.41850171300000005,2.53685627e-05,1.2326060979999997e-06,1.3827068680000003e-06,1.9048586599999997e-06,3.0158432899999997e-06,5.29131861e-06,8.71850998e-06,3.3836506099999995e-05,0.343069251,0.0064344087699999995,0.000591601991,68.67837390000001,51.985562800000004,2.32582565e-05,6.580861110000001,0.0137298002,7.99393837,0.0004712016677,4.235719176e-05,0.0270124032,30.387947099999998,0.0004712016677,4.235719176e-05,0.006008422899999999,11.67407425,0.0004712016677,4.235719176e-05,0.00183702413,11.04419274,0.0004712016677,4.235719176e-05,0.0050701776,7.3381805899999996e-06,3.16449296e-05,-0.0457676031,101.3342415,0.0442439568,-0.002058461,-0.0028134374000000004,7.803413880000001e-06,6.86151012e-05
355,1703332800,0.644796229,0.644820886,0.0261404258,-1.6012491400000002,1.58333583,0.739216657,1.0783079199999999,1.0136559649999999,0.0368288176,0.35130876099999997,2.5219172999999997e-05,7.34592531e-07,7.939889649999998e-07,1.0053335129999998e-06,1.7203891250000001e-06,3.7097169199999998e-06,5.662071349999999e-06,3.23655554e-05,0.31607002900000003,0.00569771304,0.000583829733,70.00716600000001,51.891929100000006,2.14385117e-05,6.44473234,0.013215963150000001,7.34370892,0.000463343541,4.156614016e-05,0.0259841958,27.938955299999996,0.000463343541,4.156614016e-05,0.00595160204,10.267218380000001,0.000463343541,4.156614016e-05,0.0017255381800000001,9.609674219999999,0.000463343541,4.156614016e-05,0.00504731717,5.8972835800000004e-06,3.050029e-05,-0.3569293965499999,69.2082915,0.0412796677,-0.0017514051899999998,-0.00257882441,5.05001008e-06,5.494436289999999e-05
355,1703333400,0.6618555420000001,0.661880094,0.0589920348,-1.59470736,1.8173804900000003,0.7492837229999999,1.10140859,1.0333440350000003,0.04735607299999999,0.43598251500000007,2.5760445e-05,1.4213298049999999e-06,1.528045949e-06,1.94541977e-06,2.87607359e-06,5.37145443e-06,8.161821729999999e-06,3.47846715e-05,0.324526311,0.0057142545900000005,0.000629879022,67.55143380000001,51.882751799999994,2.19829828e-05,6.458035410000001,0.01317230355,7.588984309999999,0.0005803853086,5.234202489e-05,0.026151909900000003,28.572569199999997,0.0005803853086,5.234202489e-05,0.00609449326,13.34257362,0.0005803853086,5.234202489e-05,0.00187606269,12.74684305,0.0005803853086,5.234202489e-05,0.00504516093,6.49676387e-06,3.107440080000001e-05,0.1575974897,106.27732098999998,0.0456044192,-0.00173083147,-0.00256689337,7.08615394e-06,7.79512979e-05
355,1703334000,0.6662422800000001,0.66626685,0.0607473791,-1.67581898,1.3276905300000001,0.750285627,1.0741452800000002,1.021381168,0.022896875500000004,0.33573323000000005,2.55748684e-05,1.1526004220000002e-06,1.191986771e-06,1.4660551799999997e-06,2.215392631e-06,4.417393460000001e-06,5.93482708e-06,2.8486350900000003e-05,0.325555541,0.00689181478,0.0006279176589999999,68.825289,52.472285000000014,2.21453791e-05,6.25438191,0.01299792295,7.268629,0.0006221292044000001,5.6224844820000004e-05,0.025991199399999998,28.4537616,0.0006221292044000001,5.6224844820000004e-05,0.006047701850000001,12.858925110000001,0.0006221292044000001,5.6224844820000004e-05,0.00182783858,12.315023659999998,0.0006221292044000001,5.6224844820000004e-05,0.00499976977,4.646604320000001e-06,2.9224424600000003e-05,-0.05316250655,3.4474912000000004,0.011323482450000002,-0.0015888357900000001,-0.00242621109,1.62354423e-06,1.80152174e-05
355,1703334600,0.526055207,0.5260793319999999,0.046958291740000005,-1.67508598,1.39271754,0.674648888,0.9528290970000001,0.893802287,0.0231062018,0.288294187,2.5161313099999993e-05,1.1933407459999999e-06,1.2795019950000001e-06,1.6574750270000002e-06,2.3946691699999995e-06,4.6129999100000004e-06,6.868277219999999e-06,2.5731272600000002e-05,0.25366633299999997,0.008699098410000002,0.000617408566,70.73533980000002,53.5939789,1.7469906399999996e-05,6.5925010199999985,0.01171086495,5.83654848,0.00045800501050000006,4.124646628e-05,0.0230973123,22.1498354,0.00045800501050000006,4.124646628e-05,0.005946442769999999,10.86029053,0.00045800501050000006,4.124646628e-05,0.001683290914,10.24602729,0.00045800501050000006,4.124646628e-05,0.00496814712,4.5505578499999995e-06,2.8739324799999996e-05,0.153162922,63.86234773000001,0.030046837399999998,-0.0019932562999999998,-0.0027518287000000002,4.942131220000001e-06,5.54465103e-05
355,1703335200,0.5600041119999999,0.560028477,0.06285875830000001,-1.6513780900000001,1.62754967,0.696602029,1.014818459,0.940266214,0.0388250328,0.31622128900000007,2.5426549299999997e-05,1.2455209780000003e-06,1.2993642170000001e-06,1.6218089069999999e-06,2.3833889259999998e-06,4.556263650000001e-06,6.53043574e-06,3.16205939e-05,0.270875243,0.0084573204,0.0006191572099999999,71.6984694,53.194848,1.8600420500000002e-05,6.485149150000001,0.0121673383,6.39334205,0.00039011626605000004,3.501564699e-05,0.0239532491,23.8077504,0.00039011626605000004,3.501564699e-05,0.005805883140000001,8.740744330000002,0.00039011626605000004,3.501564699e-05,0.001555865826,8.101332716999998,0.00039011626605000004,3.501564699e-05,0.005001378820000001,5.08729246e-06,2.94445535e-05,-0.37168432670000007,48.9288566,0.0325450534,-0.0018526521600000002,-0.00262235935,3.7250255400000007e-06,4.13557354e-05
355,1703335800,0.603659761111111,0.6036842166666667,0.007897253677777778,-1.6343192555555557,1.6546338555555555,0.7182356033333333,1.006739058888889,0.9554458466666667,0.03322108922222222,0.3332622722222222,2.499605544444444e-05,7.024612622222223e-07,7.122334344444444e-07,1.07411593e-06,1.7453731722222224e-06,4.021908066666666e-06,5.506694633333333e-06,2.8637701555555555e-05,0.29456926777777775,0.007074174788888889,0.0001435022681111111,70.55068666666666,52.55030188888889,2.0066764e-05,6.426271011111111,0.012458701444444446,6.718178888888889,0.00024523952127777774,2.1766915683333335e-05,0.02481845844444444,25.737247444444442,0.00024523952127777774,2.1766915683333335e-05,0.005775751877777778,7.701424555555556,0.00024523952127777774,2.1766915683333335e-05,0.0015499503,6.918099933333334,0.00024523952127777774,2.1766915683333335e-05,0.005028133988888888,6.125279777777778e-06,3.0621077222222225e-05,0.15896071431111114,100.37736067777777,0.03848855068888889,-0.0017289282333333334,-0.0025831362888888887,5.863950611111111e-06,6.357934733333334e-05
355,1703336400,0.7204495449999999,0.720473642,0.0026534235400000003,-1.62847477,1.56728533,0.78334997,1.11659657,1.0456069639999999,0.0501297188,0.405981406,2.5501701200000003e-05,1.659934092e-06,1.6890129905000001e-06,2.064137119e-06,3.0123419740000004e-06,5.14554084e-06,7.404908950000001e-06,3.44042161e-05,0.35372625,0.0063575408,8.412092059999999e-05,67.7656795,51.825474799999995,2.39476736e-05,6.22002629,0.013743699849999999,8.003442189999998,0.0002858940146,2.5559296598999993e-05,0.027357812500000002,31.1455935,0.0002858940146,2.5559296598999993e-05,0.0058399746200000005,9.820720116,0.0002858940146,2.5559296598999993e-05,0.001671275147,9.0512252408,0.0002858940146,2.5559296598999993e-05,0.0049660931900000005,4.69243769e-06,2.8794394699999995e-05,0.015897328600000003,35.913390039999996,0.029261487999999995,-0.0018532012699999996,-0.00259471131,3.3300441e-06,3.783537715e-05
355,1703337000,0.784604539,0.7846290669999999,-0.0002556291240000001,-1.6405044,1.49625819,0.8171940299999999,1.1516976500000002,1.095520952,0.0349004427,0.4002565450000001,2.7359712700000002e-05,3.178230552e-06,3.320015967e-06,3.90573034e-06,5.299937689999999e-06,8.65344622e-06,1.188622818e-05,4.33920573e-05,0.385240959,0.0068898425,8.901199380000001e-05,65.7634725,51.8289948,2.60650809e-05,6.47174673,0.014193706300000001,8.56151044,0.000997096069,9.0431658e-05,0.028511612000000002,33.593680299999995,0.000997096069,9.0431658e-05,0.006436038539999999,18.82366045,0.000997096069,9.0431658e-05,0.0023066437899999996,18.523001600000004,0.000997096069,9.0431658e-05,0.00501592027,5.58197327e-06,3.008919e-05,0.023529598339999996,20.744459940000002,0.023307644349999997,-0.0014101753900000002,-0.00229286399,2.6817007099999995e-06,2.8624150499999994e-05
355,1703337600,0.74364499,0.74366972,-0.0040100957,-1.54303816,1.5499223199999999,0.786669574,1.18199857,1.112959,0.0352702163,0.385752011,2.5885325e-05,1.368308326e-06,1.4010654329999999e-06,1.7519213239999998e-06,2.54689185e-06,4.6715715100000005e-06,6.49701776e-06,3.0314124800000004e-05,0.365810161,0.0058862177,7.63835851e-05,67.6391451,51.6496186,2.47291394e-05,6.31535922,0.013601480099999999,8.06611919,0.0007188378485,6.5017566135e-05,0.027798073999999996,31.9504278,0.0007188378485,6.5017566135e-05,0.00621337398,14.40322123,0.0007188378485,6.5017566135e-05,0.00203357671,13.953064673,0.0007188378485,6.5017566135e-05,0.005023581300000001,4.79937912e-06,2.9485933799999998e-05,-0.022440251899999986,20.796380239999998,0.02183419225,-0.0017529952200000005,-0.0025406008399999997,2.39475973e-06,2.62110837e-05
355,1703338200,0.7753903360000001,0.7754150120000001,-0.011277299059999999,-1.4328007,1.47949517,0.7872634749999999,1.25512584,1.1835361409999998,0.023989158099999998,0.38361101,2.6306162900000003e-05,1.8327462950000004e-06,1.8874036403999999e-06,2.245027167e-06,3.1464183329999995e-06,5.8263293900000005e-06,7.66929237e-06,3.53277786e-05,0.381231216,0.00632512161,7.92335727e-05,66.3580479,51.69962339999999,2.57787445e-05,6.08042011,0.013774666599999999,8.44287014,0.0008721084624999998,7.89720684e-05,0.028441324400000002,33.3892645,0.0008721084624999998,7.89720684e-05,0.00639072012,16.55034534,0.0008721084624999998,7.89720684e-05,0.0022255080300000005,16.187589510000002,0.0008721084624999998,7.89720684e-05,0.00502879962,5.00507003e-06,2.98185982e-05,-0.014437415320000003,5.15009376,0.01531719565,-0.00148766511,-0.00233364605,1.75709329e-06,1.97959926e-05
355,1703338800,0.687554555,0.687579225,-0.00717419834,-1.3143612199999999,1.58971102,0.729595689,1.2170996500000002,1.1360971899999999,0.029246161700000006,0.374339667,2.62993478e-05,1.865476018e-06,1.9570701456e-06,2.3856506540000002e-06,3.43887058e-06,6.0065948700000005e-06,8.668364719999999e-06,2.9123596e-05,0.33723360299999994,0.00640839198,8.02381428e-05,68.3017953,51.9541925,2.28468087e-05,6.53454024,0.01268969505,7.29826125,0.0008706548220000001,7.884511340000001e-05,0.026573283000000003,29.1459449,0.0008706548220000001,7.884511340000001e-05,0.006427908929999999,16.600833799999997,0.0008706548220000001,7.884511340000001e-05,0.00225314946,16.211799600000003,0.0008706548220000001,7.884511340000001e-05,0.00502481444,4.67783759e-06,2.9335079099999997e-05,0.26052746428500007,37.85637165,0.0199918972,-0.0017615069400000003,-0.0026168324199999995,3.0766691299999993e-06,3.40493136e-05
355,1703339400,0.5747715510000001,0.57479605,-0.00422856957,-1.2900839199999998,1.2943520400000001,0.6643077789999999,1.13819721,1.04121928,0.025282866100000002,0.27621075800000006,2.58633483e-05,1.5288508370000004e-06,1.5780161255000003e-06,1.939159346e-06,2.692164264e-06,4.350051618e-06,6.2894826170000005e-06,2.42112683e-05,0.28247457900000006,0.004807597050000001,5.9612420799999986e-05,66.4827475,51.7128785,1.9103041099999997e-05,6.23171788,0.0117998937,6.244655079999999,0.000431532593,3.8680194409999996e-05,0.024505059500000002,24.8319549,0.000431532593,3.8680194409999996e-05,0.006000705730000001,9.236754020000001,0.000431532593,3.8680194409999996e-05,0.00175238876,8.671622209999999,0.000431532593,3.8680194409999996e-05,0.00498314123,2.97974942e-06,2.7417882599999998e-05,-0.03312830142999999,23.13054473,0.015431473499999997,-0.002526626186,-0.0031152063499999996,1.80011409e-06,2.12298567e-05
355,1703340000,0.510415338,0.510439914,-0.0052415831,-1.24740532,1.228575,0.619412204,1.0711452,0.998955492,0.019919860569999996,0.25020764,2.62008299e-05,1.798696336e-06,1.8877963575e-06,2.2304472925e-06,3.02777236e-06,3.989065601e-06,6.177361065999999e-06,1.2524205919999999e-05,0.250750178,0.00437990559,4.42760066e-05,65.830399,51.7707634,1.69633655e-05,6.29625694,0.010909398399999999,5.308840330000001,0.0005353764300000002,4.8135503399999995e-05,0.0230193974,21.8269372,0.0005353764300000002,4.8135503399999995e-05,0.006212202750000001,11.4503171,0.0005353764300000002,4.8135503399999995e-05,0.0019126773099999998,10.8972212,0.0005353764300000002,4.8135503399999995e-05,0.004993053569999999,1.8332964099999998e-06,2.6413840599999997e-05,-0.07572926020000001,44.5988139,0.014609614400000002,-0.0032040019099999996,-0.0037323350800000004,1.56069912e-06,1.79003825e-05
355,1703340600,0.46188917200000007,0.46191371600000003,-0.00526878187,-1.26448509,1.1449099299999999,0.5906904900000001,1.02460627,0.9511790550000001,0.00924647012,0.20747252,2.54655224e-05,1.0400002159999997e-06,1.0886809030000001e-06,1.3228995976e-06,1.91718476e-06,2.5210672580000003e-06,4.067335956e-06,8.56240822e-06,0.22686979300000001,0.00401208312,4.0989532100000004e-05,68.528308,51.775279,1.53554546e-05,6.183479799999999,0.01048887265,4.90658823,0.0003537748910000001,3.1501516299999995e-05,0.022048251300000002,19.9780719,0.0003537748910000001,3.1501516299999995e-05,0.00598103443,8.08344928,0.0003537748910000001,3.1501516299999995e-05,0.0016356445,7.41097972,0.0003537748910000001,3.1501516299999995e-05,0.0049984127000000005,1.8971077199999999e-06,2.6494386599999996e-05,0.03562380099999997,81.80409800000001,0.019364736599999998,-0.0032827739099999995,-0.0037826171899999995,2.21104192e-06,2.7022825699999998e-05
355,1703341200,0.44681738299999996,0.4468421719999999,-0.0039018075,-1.2924148299999998,1.10358371,0.583016969,0.979942419,0.916940488,0.01290793875,0.205804863,2.5573594000000002e-05,9.195084850000001e-07,9.64725493e-07,1.200565594e-06,1.854457133e-06,2.52492083e-06,4.2056171600000004e-06,9.355894629999999e-06,0.219972197,0.00336661282,4.7727488100000006e-05,68.2643681,51.59284,1.4852392299999998e-05,6.539396810000001,0.01038738225,4.819216409999999,0.0003385171057,3.013252355e-05,0.0217003788,19.5711308,0.0003385171057,3.013252355e-05,0.006007699680000001,8.30517821,0.0003385171057,3.013252355e-05,0.0016219505259999999,7.6571052139999995,0.0003385171057,3.013252355e-05,0.00501593319,1.6826926699999999e-06,2.6496002300000002e-05,0.09947239050000001,60.2753603,0.0161150291,-0.00335652818,-0.00384347046,1.5146074699999999e-06,1.8950362100000002e-05
355,1703341800,0.43291863500000005,0.43294345300000003,-0.00482703947,-1.2863193499999999,1.0798079699999998,0.574084544,0.9829800040000001,0.915102939,0.00983338932,0.194784582,2.5567478e-05,8.656153319999999e-07,9.066050466999999e-07,1.1420591038999998e-06,1.6367746200000002e-06,2.125922576e-06,3.5975011100000003e-06,7.66020012e-06,0.212782134,0.003624686,3.37651467e-05,68.755504,51.7102416,1.4395585399999997e-05,6.180136709999999,0.01015496985,4.59241501,0.00030543151040000004,2.7128671286e-05,0.0213318147,18.718287550000003,0.00030543151040000004,2.7128671286e-05,0.005851492670000001,6.902966879999999,0.00030543151040000004,2.7128671286e-05,0.0014739964,6.252444049999999,0.00030543151040000004,2.7128671286e-05,0.00501279862,1.6853542800000002e-06,2.65125518e-05,-0.08147107569999999,43.1441354,0.013669874200000001,-0.0032748917200000004,-0.00376343431,1.4093111600000002e-06,1.74104144e-05
355,1703342400,0.42330286800000005,0.423327688,-0.0106154672,-1.30420774,1.03266901,0.569304787,0.9710171500000001,0.9073777,0.00440293665,0.18040342399999998,2.5316212600000002e-05,5.936045893999999e-07,5.94279131e-07,9.329306074999999e-07,1.1569510070000002e-06,1.485221787e-06,2.7987316500000002e-06,5.68464159e-06,0.208347156,0.0032614597599999995,2.8963992400000007e-05,68.5460874,51.57175500000001,1.4079812100000001e-05,5.96706331,0.01005926345,4.48900493,0.00041165995600000007,3.6798728600000004e-05,0.021106174300000002,18.2804425,0.00041165995600000007,3.6798728600000004e-05,0.005998870910000001,8.5008663,0.00041165995600000007,3.6798728600000004e-05,0.0016165803399999998,7.901283259999998,0.00041165995600000007,3.6798728600000004e-05,0.0050148114,2.03253852e-06,2.68521973e-05,0.04035526500000001,42.192340800000004,0.015924741649999997,-0.0030741084999999996,-0.0035875937500000005,1.49327993e-06,1.8763665350000003e-05
355,1703343000,0.3408408988888889,0.3408655211111111,-0.007832424588888888,-1.4002462333333332,0.9980304644444445,0.52005216,0.8452341255555557,0.7851489566666667,0.01008751711111111,0.1626516611111111,2.5458998444444445e-05,9.556236833333333e-07,1.0122351933333334e-06,1.4317215555555555e-06,1.7712330722222223e-06,2.468806394444444e-06,4.527387855555555e-06,8.498030055555555e-06,0.16710356666666668,0.003257096911111111,3.8073010222222225e-05,68.50439488888888,51.96385511111111,1.1324479833333333e-05,6.5539558,0.009066792444444444,3.6479910555555555,0.00035052844722222227,3.121963677777778e-05,0.018883089,14.714896666666668,0.00035052844722222227,3.121963677777778e-05,0.005969708577777778,7.891840088888888,0.00035052844722222227,3.121963677777778e-05,0.0015598311222222222,7.268894844444445,0.00035052844722222227,3.121963677777778e-05,0.0049898423333333344,1.962114888888889e-06,2.652089944444444e-05,-0.042788111444444464,59.65948244444444,0.016591377944444444,-0.0032035741777777776,-0.0036611424111111113,1.7250269222222223e-06,2.0408031333333333e-05
355,1703343600,0.300965859,0.300990831,-0.00723363246,-1.51771259,0.8311003640000001,0.4996575770000001,0.768435956,0.72035949,0.00351995482,0.12882312810000002,2.5548402000000003e-05,6.39230234e-07,6.966920670000001e-07,1.079474492e-06,1.306932937e-06,1.85416399e-06,3.6098427900000006e-06,6.83210774e-06,0.147203013,0.0032264819,3.66988128e-05,68.69198990000001,52.1975489,1.0001135550000001e-05,6.5919411199999995,0.0085539104,3.1725694499999997,0.00020105163220000003,1.7567455980000004e-05,0.0176823778,12.85238465,0.00020105163220000003,1.7567455980000004e-05,0.005716916859999999,5.01644447,0.00020105163220000003,1.7567455980000004e-05,0.0012431636559999998,4.326572502,0.00020105163220000003,1.7567455980000004e-05,0.005026863019999999,1.8740877099999997e-06,2.68369155e-05,-0.1800602677,52.661782,0.016052269299999998,-0.0032854803,-0.00371208358,1.55004088e-06,1.9131788599999995e-05
355,1703344200,0.284714677,0.284739795,-0.00750551072,-1.5133776,0.8486133929999999,0.48515992399999996,0.7435351800000001,0.701871421,0.005394110160000001,0.13123571139999998,2.5713493100000003e-05,6.54915193e-07,7.088901555e-07,1.069070641e-06,1.264805177e-06,1.7221622529999996e-06,3.2246394650000008e-06,5.97539162e-06,0.1392590616,0.0030522123799999997,3.08020973e-05,68.03352880000001,52.187214700000006,9.463452099999999e-06,6.30757946,0.0083330733,3.0181836200000003,0.0001895400227,1.647546428e-05,0.017232080099999998,12.2126984,0.0001895400227,1.647546428e-05,0.0057689017499999995,5.13482553,0.0001895400227,1.647546428e-05,0.0012600596600000002,4.43609426,0.0001895400227,1.647546428e-05,0.00504384561,1.8543173300000004e-06,2.69759787e-05,-0.1871882862,45.079566400000004,0.013012475,-0.0033181748300000003,-0.0037478523900000005,1.47690705e-06,1.74963193e-05
355,1703344800,0.23111935899999997,0.231144713,0.0015934031200000001,-1.65848535,0.79719934,0.44591464,0.611268655,0.5896680059999999,0.00428829521,0.1095326114,2.5573916700000004e-05,2.651918886e-07,2.807029934e-07,5.926700200000002e-07,5.71373073e-07,7.12808095e-07,1.822155493e-06,2.9028832700000003e-06,0.1130586827,0.0024726261699999997,2.09564808e-05,70.687588,52.1809888,7.6879156e-06,6.046947510000001,0.00778200901,2.50512702,0.00022787894489999998,2.0117509782e-05,0.015532406999999998,9.9346596,0.00022787894489999998,2.0117509782e-05,0.005700921789999999,5.25654768,0.00022787894489999998,2.0117509782e-05,0.0011163643359999999,4.602425272,0.00022787894489999998,2.0117509782e-05,0.005069965419999999,1.8640837800000001e-06,2.72549678e-05,-0.04263198935000001,47.3190441,0.013903004800000002,-0.0033518132299999994,-0.00378221692,1.41805869e-06,1.75819456e-05
355,1703345400,0.23632235499999998,0.23634742200000006,-0.00673218498,-1.56659092,0.7610857360000001,0.44469119400000007,0.6569450459999999,0.624656565,0.00550002759,0.10680300200000001,2.5432403099999997e-05,3.9785536099999994e-07,4.4602750080000003e-07,7.063143890000001e-07,9.01252861e-07,1.268890116e-06,2.49011588e-06,4.88650075e-06,0.1160411442,0.00207669783,3.1829125000000005e-05,69.6878298,51.810515499999994,7.854195529999999e-06,6.37877115,0.0077215999600000005,2.53510859,0.00018829416870000002,1.642349431e-05,0.01576678915,10.2342456,0.00018829416870000002,1.642349431e-05,0.00571763678,4.95739629,0.00018829416870000002,1.642349431e-05,0.00117706163,4.2249981100000005,0.00018829416870000002,1.642349431e-05,0.00503035691,1.7309882600000002e-06,2.67268987e-05,-0.17647108668400002,62.508994699999995,0.015856259600000002,-0.0034345873899999995,-0.0038225268799999997,1.6158664600000004e-06,1.9258512199999998e-05
355,1703346000,0.2578934620000001,0.257918655,-0.00767397246,-1.60540612,0.790936649,0.46498621399999995,0.668757902,0.6415695789999999,0.005126146329999999,0.11620410109999998,2.6023615e-05,8.65854105e-07,9.438374549999999e-07,1.286565182e-06,1.56983412e-06,2.105662626e-06,3.8026683099999996e-06,6.949963520000001e-06,0.127373109,0.00152264871,3.2616034100000005e-05,65.5053439,51.25471689999999,8.57027075e-06,6.513109869999999,0.00805851634,2.7453832300000003,0.0001580028382,1.3707290104e-05,0.0164143785,11.1439368,0.0001580028382,1.3707290104e-05,0.00565430203,4.32188033,0.0001580028382,1.3707290104e-05,0.0011266831719999998,3.5844813700000002,0.0001580028382,1.3707290104e-05,0.00504941387,1.9012031000000001e-06,2.70412324e-05,-0.066364173,50.4413175,0.01388686435,-0.0033616252300000004,-0.00377769944,1.56232301e-06,1.7812571699999998e-05
355,1703346600,0.34749576000000004,0.347520891,-0.0034262958099999996,-1.6420796899999999,0.87040158,0.543733581,0.755273047,0.740535121,0.0031179616729999997,0.14886818500000001,2.5818265700000002e-05,7.43163078e-07,8.049731065e-07,1.114595687e-06,1.542359528e-06,2.142569301e-06,3.75831322e-06,7.83851e-06,0.17225076300000003,0.0014395893000000001,3.8894975899999995e-05,64.80448240000001,50.888154,1.1552597e-05,6.47258434,0.009297317099999999,3.5627491300000003,0.00022625252129999997,1.9990233229999997e-05,0.019067782,14.898962299999999,0.00022625252129999997,1.9990233229999997e-05,0.0057624945499999995,6.02414686,0.00022625252129999997,1.9990233229999997e-05,0.00132596812,5.31583967,0.00022625252129999997,1.9990233229999997e-05,0.0050434893299999995,1.8867952099999997e-06,2.7001483600000002e-05,-0.152235802,39.218664700000005,0.01406120245,-0.0032639575,-0.00373323571,1.52411085e-06,1.83514249e-05
