StationID,TimeStamp,sound@var,sound@power,sound@skew,sound@kurt,sound@abs_max,sound@abs_mean,sound@abs_max_top5p,sound@abs_max_top10p,sound@energy_sstd,sound@energy_smax,sound@s_zero_rate,sound@s_zero_rate_max,sound@power_0_5,sound@power_5_10,sound@power_10_15,sound@power_15_20,sound@power_20_25,sound@power_25_30,sound@power_30_35,sound@power_35_40,sound@power_40_60,sound@power_140_160,sound@power_other,sound@frequency_center,sound@mean_square_frequency,sound@variance_frequency,sound@frequency_entropy,sound@level4d_abs_mean,sound@level4d_energy,sound@level4d_energy_smax,sound@level4d_energy_sstd,sound@level5d_abs_mean,sound@level5d_energy,sound@level5d_energy_smax,sound@level5d_energy_sstd,sound@level6a_abs_mean,sound@level6a_energy,sound@level6a_energy_smax,sound@level6a_energy_sstd,sound@level6d_abs_mean,sound@level6d_energy,sound@level6d_energy_smax,sound@level6d_energy_sstd,sound@mean
155,1661616000,5.4813137100000005e-05,5.48131652e-05,0.26594933540000004,4.603106767999999,0.0512473933,0.005794904389999999,0.01205650705,0.009279661,1.560406067e-05,0.0001361710029,41.505243899999996,101.0,1.3191495600000002e-05,5.55870044e-06,1.65350556e-06,9.575920480000001e-07,7.05328509e-07,5.375070110000001e-07,4.439304689999999e-07,3.91184399e-07,8.5073731e-07,2.0106589400000002e-07,2.9153049e-06,73.2881035,22.1512721,1.3775371700000002e-09,8.985210900000002,0.0015908423300000003,0.12579082739999997,5.153823040000001e-05,7.54683956e-06,0.00199046648,0.19744144500000002,5.153823040000001e-05,7.54683956e-06,0.00318450716,0.511931521,5.153823040000001e-05,7.54683956e-06,0.00296958753,0.44892807800000006,5.153823040000001e-05,7.54683956e-06,2.502655529975891
155,1661616600,6.330096360000001e-05,6.33009994e-05,0.017767393,1.3191173569999999,0.044099645,0.00618880294,0.012803976350000001,0.00986101095,1.82110052e-05,0.0001388303265,47.9999998,116.9,1.5079878099999999e-05,5.802650310000001e-06,1.67678965e-06,1.0289750710000001e-06,9.401694070000001e-07,1.129379139e-06,7.839131969999999e-07,5.713119580000001e-07,1.4553488840000002e-06,2.0040123900000002e-07,2.9816357e-06,70.9526478,21.651699599999997,1.60334606e-09,8.959644700000002,0.0017362106,0.176102788,4.6192584e-05,7.75823108e-06,0.0020707553,0.212174626,4.6192584e-05,7.75823108e-06,0.0033729951200000005,0.565155221,4.6192584e-05,7.75823108e-06,0.00315358845,0.5054141320000001,4.6192584e-05,7.75823108e-06,2.5026451587677
155,1661617200,4.80261016e-05,4.80261573e-05,0.034392571090000004,0.28996383130000003,0.0309179549,0.005473012899999999,0.01140480885,0.0087489218,8.7560781e-06,5.79156748e-05,36.11014010000001,89.4,1.1090900599999999e-05,4.65728383e-06,1.50180856e-06,8.940901639999999e-07,6.367872249999999e-07,5.299292610000002e-07,4.31404659e-07,3.7085095099999997e-07,8.25074721e-07,2.0114868600000002e-07,2.8737884999999997e-06,75.00742259999998,24.150059799999998,1.17345616e-09,9.017516200000001,0.0015641907900000001,0.1184297685,3.8704213399999996e-05,5.98167547e-06,0.00189027061,0.176673405,3.8704213399999996e-05,5.98167547e-06,0.00291438731,0.42378684499999997,3.8704213399999996e-05,5.98167547e-06,0.00276495415,0.380813965,3.8704213399999996e-05,5.98167547e-06,2.5026193857192993
155,1661617800,5.5106115400000005e-05,5.51061604e-05,0.05500826774999999,0.2721042734,0.0342976911,0.00585057894,0.012155158199999998,0.0093611777,1.0493183910000001e-05,7.522150809999998e-05,42.763986800000005,97.6,1.34350951e-05,5.6168070300000005e-06,1.6382551699999999e-06,9.380617109999999e-07,6.650587270000001e-07,5.199252349999999e-07,4.47228151e-07,3.6836759900000003e-07,8.2015797e-07,1.97664117e-07,2.90629558e-06,73.21652850000001,22.094938499999998,1.39160198e-09,8.9843805,0.00158821697,0.1226609224,3.710398469999999e-05,6.70823011e-06,0.0019987273,0.19923444699999998,3.710398469999999e-05,6.70823011e-06,0.00320295149,0.5132589879999999,3.710398469999999e-05,6.70823011e-06,0.0030348988800000002,0.46272261600000003,3.710398469999999e-05,6.70823011e-06,2.5025420427322387
155,1661618400,5.7886289899999996e-05,5.78863182e-05,0.018608501290000003,0.18892875740000004,0.0335531822,0.0060235188000000005,0.01257076795,0.0097070953,1.1015291e-05,7.24861034e-05,45.9178318,101.0,1.446796865e-05,5.927722110000001e-06,1.6762685099999999e-06,9.71893661e-07,6.601553399999999e-07,5.167575419999999e-07,4.2381129e-07,3.74672398e-07,8.204438739999998e-07,1.9987282800000002e-07,2.9035029699999998e-06,72.69642,20.9715095,1.4818397599999999e-09,8.9683294,0.00159653504,0.12334442949999999,4.8217051399999995e-05,7.5691121099999985e-06,0.00204364809,0.202630036,4.8217051399999995e-05,7.5691121099999985e-06,0.00334980945,0.5575436140000001,4.8217051399999995e-05,7.5691121099999985e-06,0.00315491877,0.49574192300000003,4.8217051399999995e-05,7.5691121099999985e-06,2.5026390075683596
155,1661619000,5.32799083e-05,5.32799388e-05,0.18474926409999998,3.5725427524999995,0.0463022956,0.005715292360000001,0.011730646550000001,0.0090877349,1.3564161099999998e-05,0.00010712453609999998,40.8758738,101.2,1.22074362e-05,5.59188725e-06,1.74106198e-06,1.0206441840000002e-06,7.140434460000001e-07,5.38752725e-07,4.5684613800000004e-07,3.8559328799999996e-07,8.53947663e-07,1.9879114600000002e-07,2.9306928799999997e-06,73.46044200000001,22.7611387,1.32330865e-09,8.99450685,0.0016148142900000001,0.130176318,5.01316524e-05,7.21180642e-06,0.00199315381,0.20745732600000003,5.01316524e-05,7.21180642e-06,0.0031171837900000002,0.48677149399999997,5.01316524e-05,7.21180642e-06,0.0028713992199999997,0.41454596299999996,5.01316524e-05,7.21180642e-06,2.5026586294174193
155,1661619600,5.3416112400000004e-05,5.3416175e-05,0.018099525600000003,0.14700385519999998,0.0295199131,0.00579016732,0.012005838750000001,0.009296740549999998,9.710220900000001e-06,6.77730053e-05,41.917832,107.4,1.3011814550000002e-05,5.17582557e-06,1.64374989e-06,9.306632580000001e-07,6.774967419999999e-07,5.151591960000001e-07,4.35444343e-07,3.86433789e-07,8.18481604e-07,1.97389418e-07,2.9155739799999997e-06,73.6540688,22.3145104,1.3384133300000003e-09,8.992676099999999,0.0015915616600000002,0.1232687308,5.0739032800000004e-05,7.202145820000001e-06,0.00198632544,0.19437116100000001,5.0739032800000004e-05,7.202145820000001e-06,0.0031443319400000004,0.49245235099999995,5.0739032800000004e-05,7.202145820000001e-06,0.0029688745999999996,0.43916504100000003,5.0739032800000004e-05,7.202145820000001e-06,2.5025890111923217
155,1661620200,0.0016941016523999998,0.0016941017935,-0.1319748868,93.745853565,0.47479268769999994,0.012399656630000002,0.019724913399999995,0.01298441725,0.0028651671858,0.0220343772023,72.3479019,192.2,0.0006418300563,0.00017542266081999999,1.6081436539999997e-05,4.976456737000001e-06,2.3106297610000002e-06,1.117224719e-06,7.176344220000001e-07,5.13297189e-07,9.358180260000001e-07,2.01762063e-07,2.9439047399999997e-06,44.2351925,9.06853381,5.607884211e-08,8.120376400000001,0.00198919351,0.666397869,0.012432237971599999,0.0017493772089,0.00339604716,3.274909151,0.012432237971599999,0.0017493772089,0.008829405540000002,26.709596627000003,0.012432237971599999,0.0017493772089,0.0070513808499999995,17.451156222,0.012432237971599999,0.0017493772089,2.502794885635376
155,1661620800,0.0016158539592000005,0.0016158543939999998,0.377324743,48.070444601999995,0.4697186514,0.01254802908,0.020869898749999997,0.0126899236,0.0030941680301,0.026711037713000003,70.2220277,210.4,0.0006334569996,0.000146588148,1.55753643e-05,4.239419743000001e-06,1.80584411e-06,1.0358853250000001e-06,6.31051092e-07,4.889412999999999e-07,9.303824869999998e-07,2.02873897e-07,2.97227874e-06,45.7039803,8.87217332,5.353395580999999e-08,8.18392308,0.0019880648800000003,0.5634916935000001,0.011442479557,0.0014403219241,0.00343041223,3.4213844130000006,0.011442479557,0.0014403219241,0.00879442144,25.99288389,0.011442479557,0.0014403219241,0.007092737759999998,15.842446589999998,0.011442479557,0.0014403219241,2.5024988889694213
155,1661621400,9.05364575e-05,9.05465106e-05,1.45724945561,36.15215682099999,0.1078310659,0.00661510692,0.013549806850000002,0.0103661906,6.77169805e-05,0.0006785903029,53.526223599999994,117.7,2.58312033e-05,9.65019292e-06,2.3305593500000003e-06,1.1869619200000002e-06,7.892820310000002e-07,6.12277744e-07,4.95646068e-07,4.02768924e-07,8.458247640000001e-07,2.0461949700000002e-07,2.92886472e-06,67.5713073,16.8758082,2.4950591899999998e-09,8.869003699999999,0.0016583958400000001,0.148428193,0.00022995648359999996,2.5457518699999995e-05,0.00221899649,0.339998844,0.00022995648359999996,2.5457518699999995e-05,0.00380848482,0.8616740860000001,0.00022995648359999996,2.5457518699999995e-05,0.0034663735699999995,0.732655797,0.00022995648359999996,2.5457518699999995e-05,2.502672576904297
155,1661622000,5.864744809999999e-05,5.864751700000001e-05,0.0432248215,0.3223640774,0.034588335299999995,0.0060379089000000006,0.012583582400000001,0.0096902219,1.11506749e-05,7.24941569e-05,46.190559199999996,104.0,1.46729722e-05,6.116079519999999e-06,1.68060537e-06,9.33341289e-07,6.70539322e-07,5.31331431e-07,4.30188703e-07,3.77291202e-07,8.130037610000001e-07,1.9596175800000001e-07,2.9023528299999997e-06,72.3669376,20.796716000000004,1.5038627300000002e-09,8.963458,0.00159877309,0.12427279659999999,4.9819631099999996e-05,7.978899539999999e-06,0.0020951818,0.21507161400000002,4.9819631099999996e-05,7.978899539999999e-06,0.00330011522,0.549768855,4.9819631099999996e-05,7.978899539999999e-06,0.00317548274,0.5105809130000001,4.9819631099999996e-05,7.978899539999999e-06,2.502625322341919
155,1661622600,9.14382863e-05,9.1438332e-05,-0.3626966053000001,20.648497985900004,0.061739951599999995,0.006113212639999999,0.01251897455,0.00959821955,0.00015707898305000002,0.0016396307022000002,44.93181799999999,123.5,3.0059992899999996e-05,6.81150544e-06,1.9395770399999998e-06,9.6359304e-07,6.55699096e-07,5.33415731e-07,4.43201855e-07,3.7551201000000004e-07,8.364827159999999e-07,1.97280174e-07,2.90283262e-06,70.4229644,19.5970264,2.58565377e-09,8.9067653,0.00160157116,0.1266151265,0.0005321684947000001,6.809867813e-05,0.0020569319099999995,0.227881125,0.0005321684947000001,6.809867813e-05,0.0034666102099999998,1.132502749,0.0005321684947000001,6.809867813e-05,0.00319544747,0.850261779,0.0005321684947000001,6.809867813e-05,2.5025221824646
155,1661623200,5.6172888999999995e-05,5.6172935100000006e-05,0.019138551807,0.36937718199999997,0.033535055700000004,0.00589735373,0.012227155449999999,0.0093982034,1.2182952150000001e-05,9.00606256e-05,43.6048954,111.1,1.4306552149999997e-05,5.288226540000001e-06,1.6524557800000004e-06,9.0295633e-07,6.725577740000001e-07,5.30482797e-07,4.3982699599999994e-07,3.69560212e-07,8.270534809999999e-07,1.98781656e-07,2.8978581e-06,73.1356825,21.5409943,1.42832045e-09,8.9805605,0.00159381128,0.1230855524,5.7275253399999995e-05,8.590123850000001e-06,0.00200390563,0.196284408,5.7275253399999995e-05,8.590123850000001e-06,0.00331227285,0.5657251509999999,5.7275253399999995e-05,8.590123850000001e-06,0.00297397616,0.44552684099999995,5.7275253399999995e-05,8.590123850000001e-06,2.502750062942505
155,1661623800,0.0004431241112999999,0.0004431241435,-0.04079292750499999,25.57552043965,0.16242217080000002,0.006477934490000001,0.0123770749,0.009537008600000002,0.0016635078789,0.017688972212599997,44.480769300000006,112.6,0.00019324770074999998,1.6345829619999997e-05,4.5874827799999995e-06,1.172253704e-06,8.95966917e-07,5.506015109999999e-07,4.4023255200000006e-07,3.7166550700000005e-07,8.213855139999998e-07,1.9650771e-07,2.9323138599999997e-06,68.2881937,19.67296308,1.443119742e-08,8.8219445,0.00161379171,0.1713696309,0.013961315224300002,0.0013273014573599998,0.00210626007,0.403137242,0.013961315224300002,0.0013273014573599998,0.00375499293,10.292624085,0.013961315224300002,0.0013273014573599998,0.00326857593,1.525748341,0.013961315224300002,0.0013273014573599998,2.5024754285812376
155,1661624400,6.8362174e-05,6.836224860000001e-05,0.012096263290000001,0.2181710335,0.0373915784,0.00652820774,0.013524285049999998,0.0104598426,1.3998437849999998e-05,9.548300589999999e-05,55.003496399999996,120.1,1.8530273700000002e-05,6.82611706e-06,1.8507649999999998e-06,9.976105979999999e-07,6.87367185e-07,5.51678056e-07,4.4038921200000004e-07,3.8460285400000007e-07,8.26686641e-07,2.01433523e-07,2.88398589e-06,70.676271,18.5783372,1.81197181e-09,8.92564225,0.00164992835,0.13176934559999998,5.80627816e-05,9.455860779999999e-06,0.0021890671900000004,0.23578331699999996,5.80627816e-05,9.455860779999999e-06,0.0037674170199999994,0.702595543,5.80627816e-05,9.455860779999999e-06,0.00348307225,0.60322304,5.80627816e-05,9.455860779999999e-06,2.502733826637268
155,1661625000,6.09870223e-05,6.09870806e-05,0.01782190806,0.246598102,0.033724536799999996,0.00615964484,0.012776265649999998,0.009829228150000001,1.18914106e-05,8.02772491e-05,48.4562936,107.5,1.53790373e-05,6.43874114e-06,1.72304276e-06,9.73125441e-07,6.79001019e-07,5.38010351e-07,4.45230617e-07,3.89807929e-07,8.25099304e-07,1.98654168e-07,2.90374793e-06,71.79483450000001,20.3135109,1.5729322999999998e-09,8.9554276,0.0016253888600000002,0.128715876,5.6035654099999995e-05,8.511226369999999e-06,0.00212757905,0.222065717,5.6035654099999995e-05,8.511226369999999e-06,0.0034616268,0.6000830560000001,5.6035654099999995e-05,8.511226369999999e-06,0.0032187329499999994,0.5156770940000001,5.6035654099999995e-05,8.511226369999999e-06,2.5025132417678835
155,1661625600,0.0001853044979,0.0001853045924,0.355129212034,24.264179582900002,0.12364568969999998,0.006672904910000001,0.013177469550000001,0.010172321100000001,0.0004348976358000001,0.0043765726115,51.9860138,122.1,5.210227455000001e-05,2.9068997370000004e-05,3.83055636e-06,1.4393066240000002e-06,7.67567585e-07,5.844008669999999e-07,4.89048841e-07,4.0368095000000003e-07,8.41867574e-07,1.99291947e-07,2.9252956200000004e-06,67.37871449999999,18.236132759999997,5.61438143e-09,8.838863150000002,0.00165764468,0.1647891436,0.0014336858587,0.00015097956931,0.00227843001,0.9735264350000001,0.0014336858587,0.00015097956931,0.0037929464599999996,2.061393221,0.0014336858587,0.00015097956931,0.0035571258800000003,1.8120937160000001,0.0014336858587,0.00015097956931,2.5027723789215086
155,1661626200,5.889447660000001e-05,5.889451430000001e-05,0.10911774209999998,2.8884092455999992,0.0428003054,0.00592063085,0.012159720200000002,0.009404671100000001,2.03216341e-05,0.0001694480768,43.3863634,109.9,1.52315928e-05,5.63994895e-06,1.6594159999999997e-06,9.350556869999999e-07,6.68163385e-07,5.25594368e-07,4.4796437300000003e-07,3.8061364999999997e-07,8.288448810000001e-07,1.98346562e-07,2.93167148e-06,72.7405765,21.497392,1.5116957599999998e-09,8.972142299999998,0.0016047373,0.1257541296,6.861028470000002e-05,1.033297054e-05,0.0020172727500000005,0.202152917,6.861028470000002e-05,1.033297054e-05,0.0032668670099999996,0.5689085809999999,6.861028470000002e-05,1.033297054e-05,0.00305547154,0.510810709,6.861028470000002e-05,1.033297054e-05,2.502567911148071
155,1661626800,6.13532546e-05,6.13532923e-05,0.23497765313,13.911047032800003,0.0521314371,0.00583090673,0.0119677333,0.0092708049,4.2341857839999996e-05,0.00041953329790000006,41.548951100000004,93.4,1.46439409e-05,6.74015281e-06,2.05365585e-06,1.086734665e-06,7.442985159999999e-07,5.661981290000001e-07,4.77855714e-07,4.0451244399999993e-07,8.623103280000001e-07,2.0099572e-07,2.8959631000000003e-06,72.2492217,21.9055946,1.5772011200000001e-09,8.97019315,0.0015942741099999997,0.1268274794,7.960756569999999e-05,1.035149712e-05,0.00203295511,0.230657886,7.960756569999999e-05,1.035149712e-05,0.0031757222700000004,0.533530056,7.960756569999999e-05,1.035149712e-05,0.00296468497,0.582133543,7.960756569999999e-05,1.035149712e-05,2.5025474071502685
155,1661627400,6.91271085e-05,6.91271146e-05,0.6344449239500001,16.244646401,0.0756919014,0.00603199786,0.0123359612,0.009509193,5.960594459999999e-05,0.0006068932554999999,44.548951599999995,116.8,1.8757579900000002e-05,6.97406814e-06,1.8211989099999997e-06,9.97284197e-07,6.95115972e-07,5.46786042e-07,4.39358458e-07,3.75146061e-07,8.37362204e-07,1.98537207e-07,2.92109682e-06,71.14882080000001,19.768198,1.8369358200000003e-09,8.932356000000002,0.0016097804100000002,0.13069784150000002,0.00018410975330000002,2.1764551469999996e-05,0.00208279419,0.241933101,0.00018410975330000002,2.1764551469999996e-05,0.00335252147,0.683714531,0.00018410975330000002,2.1764551469999996e-05,0.0031212160000000004,0.642096298,0.00018410975330000002,2.1764551469999996e-05,2.502627396583557
155,1661628000,0.00023792360739999994,0.00023792362219999998,0.12309312240000003,22.346141413999998,0.12139538669999998,0.0061828473100000005,0.012111132549999999,0.009312508399999999,0.00064272638368,0.006627644482999999,42.00524420000001,101.4,9.987807260000001e-05,1.0085993469999999e-05,2.02011455e-06,1.015989488e-06,6.89068455e-07,5.41910674e-07,4.3675467100000005e-07,3.8122931e-07,8.222849279999999e-07,1.97759195e-07,2.8924121099999997e-06,69.8945876,20.79605514,7.55796915e-09,8.86118495,0.00161543692,0.13900140900000002,0.005094207154599999,0.00050865324147,0.00202065405,0.344032244,0.005094207154599999,0.00050865324147,0.00357953477,5.11010291,0.005094207154599999,0.00050865324147,0.00308833296,0.9344499300000001,0.005094207154599999,0.00050865324147,2.5026331186294555
155,1661628600,9.058313520000001e-05,9.058317330000001e-05,0.0884256591,2.0447142650000005,0.05778584290000001,0.00665947781,0.014011759549999999,0.01034754145,4.321316980000001e-05,0.0003139010374,50.9510488,125.6,2.68228996e-05,9.124501970000001e-06,2.18738047e-06,1.127253406e-06,7.01380218e-07,5.64064968e-07,4.57107433e-07,3.85196485e-07,8.256264629999999e-07,1.9597632499999997e-07,2.9001449099999996e-06,69.9662301,19.19522368,2.5423229500000005e-09,8.9000265,0.0016458658800000002,0.1377482251,0.000205545678,2.665846689e-05,0.00220339853,0.30335028,0.000205545678,2.665846689e-05,0.00388127314,1.0784337529999999,0.000205545678,2.665846689e-05,0.0034755651600000006,0.7938452399999999,0.000205545678,2.665846689e-05,2.5026341915130614
155,1661629200,0.00013757408529999998,0.0001375741168,0.45976355442999994,33.99738053310001,0.1042872225,0.00606137722,0.01217968825,0.00939532785,0.00035240362166,0.0037178912810999993,43.0856652,100.1,4.092045320000001e-05,1.730136183e-05,2.76143682e-06,1.0824375609999998e-06,8.19029063e-07,7.78726467e-07,5.326648079999999e-07,4.631023970000001e-07,1.007183733e-06,1.9744431199999997e-07,2.9231046200000003e-06,69.3020269,20.936698749999998,4.06926574e-09,8.8881686,0.0016736809700000001,0.160527723,0.0013389717351999998,0.00015375718619,0.00200791905,0.623627626,0.0013389717351999998,0.00015375718619,0.0034233514800000005,2.025147938,0.0013389717351999998,0.00015375718619,0.0030199771800000002,0.8222966389999998,0.0013389717351999998,0.00015375718619,2.502642107009888
155,1661629800,6.196677e-05,6.19667907e-05,0.0056024284759999985,2.6360396569000004,0.0389183455,0.006128638779999999,0.012699332500000002,0.009764032,2.3477486650000004e-05,0.00021517547709999995,47.8409097,112.0,1.630523945e-05,6.07291247e-06,1.6761355e-06,9.515362060000002e-07,6.83753951e-07,5.262376459999999e-07,4.44806595e-07,3.9993129699999995e-07,8.10888347e-07,1.97241825e-07,2.91460543e-06,71.89297390000002,20.1002837,1.6077482800000002e-09,8.9532809,0.0016116956299999999,0.1275107129,0.00011202621539999999,1.334330415e-05,0.0020627217900000003,0.211399281,0.00011202621539999999,1.334330415e-05,0.0034296082699999996,0.616349414,0.00011202621539999999,1.334330415e-05,0.00325369162,0.5395923519999999,0.00011202621539999999,1.334330415e-05,2.5026230335235597
155,1661630400,7.42700608e-05,7.427014230000001e-05,0.14038566619999998,1.8680020540000002,0.0467682715,0.006709458660000001,0.01398152775,0.01072620135,2.2710353650000002e-05,0.000190341438,56.59965029999999,134.3,2.06930807e-05,7.605367359999999e-06,1.8708583100000001e-06,9.519680699999997e-07,6.899236620000001e-07,5.410223379999999e-07,4.5663397400000005e-07,3.78113951e-07,8.300926330000001e-07,1.9903833e-07,2.91898094e-06,69.7975496,17.606595899999995,1.99978071e-09,8.90513785,0.0016183328199999999,0.1274914445,9.059732540000001e-05,1.3299935599999998e-05,0.0022081614299999997,0.24609423599999997,9.059732540000001e-05,1.3299935599999998e-05,0.0039000083899999997,0.791532162,9.059732540000001e-05,1.3299935599999998e-05,0.00360967451,0.6705761610000001,9.059732540000001e-05,1.3299935599999998e-05,2.5026741504669188
155,1661631000,5.92648385e-05,5.9264895200000005e-05,0.0008345657199999978,0.7656730740999999,0.0368554107,0.00604647034,0.012414171800000002,0.009614136749999998,1.41464921e-05,0.0001095405534,46.0314689,108.1,1.5168771299999998e-05,5.84166123e-06,1.74801613e-06,9.62417141e-07,6.681548640000001e-07,5.08355956e-07,4.34040117e-07,3.8166735899999995e-07,8.216128320000001e-07,1.9612475799999999e-07,2.9015604400000004e-06,72.3227646,20.669291899999997,1.52296461e-09,8.9642657,0.0015965132899999999,0.12414370040000003,7.97588625e-05,1.0622574620000002e-05,0.0020614329,0.208959977,7.97588625e-05,1.0622574620000002e-05,0.0033451286600000006,0.584424772,7.97588625e-05,1.0622574620000002e-05,0.00315747885,0.500076109,7.97588625e-05,1.0622574620000002e-05,2.502624773979187
155,1661631600,7.70919014e-05,7.70919741e-05,0.11339938521,4.207367205000001,0.05936907680000001,0.00647633209,0.01327394455,0.010144084099999999,4.0360975549999994e-05,0.0003402685524,51.797202500000004,126.3,2.25537893e-05,7.116730260000001e-06,1.88248824e-06,1.0148173960000002e-06,6.958549150000001e-07,5.35972053e-07,4.2891353600000006e-07,3.8285379000000005e-07,8.35043905e-07,1.98414454e-07,2.90102147e-06,70.0450218,18.298300899999997,2.09858554e-09,8.906640049999998,0.00163941045,0.13115749840000002,0.0001580580406,2.319369939e-05,0.00215212793,0.23329014499999995,0.0001580580406,2.319369939e-05,0.0037388190799999997,0.8683672899999999,0.0001580580406,2.319369939e-05,0.0034398192800000004,0.69321779,0.0001580580406,2.319369939e-05,2.5026836156845094
155,1661632200,5.0699620900000004e-05,5.06996438e-05,0.018925103519999997,0.2129893522,0.0299981104,0.0056211071799999995,0.011680664949999999,0.009016142349999999,9.110160849999999e-06,6.1241676e-05,39.0017485,97.7,1.169639189e-05,5.17235945e-06,1.64273176e-06,8.91649421e-07,6.690289449999999e-07,5.30548612e-07,4.37929546e-07,3.8149731900000004e-07,8.27314363e-07,1.99430307e-07,2.9008277e-06,74.11928329999999,23.5048028,1.25114528e-09,9.005569349999998,0.00158101818,0.1221284494,3.0034216500000003e-05,5.57307552e-06,0.00196513667,0.18969863199999998,3.0034216500000003e-05,5.57307552e-06,0.0029104701000000005,0.423062104,3.0034216500000003e-05,5.57307552e-06,0.0029762580299999997,0.43984992199999995,3.0034216500000003e-05,5.57307552e-06,2.5027355432510374
155,1661632800,5.67391242e-05,5.67391559e-05,0.023922915099999997,0.342830186,0.03460515530000001,0.005931578680000001,0.0123342227,0.009502589300000001,1.154915305e-05,8.5782362e-05,43.8688815,113.1,1.409260215e-05,5.6316255800000005e-06,1.74238427e-06,9.377432199999998e-07,6.629943079999999e-07,5.31273853e-07,4.5070625399999995e-07,3.78208513e-07,8.22770323e-07,1.9424656299999996e-07,2.9249525300000003e-06,73.00066149999999,21.681416300000002,1.4428707899999998e-09,8.9778397,0.0015911178499999998,0.12370951099999998,5.20799614e-05,8.12269306e-06,0.00206001715,0.208884111,5.20799614e-05,8.12269306e-06,0.00328890843,0.555971987,5.20799614e-05,8.12269306e-06,0.0030204377800000003,0.45483815200000005,5.20799614e-05,8.12269306e-06,2.502581334114075
155,1661633400,6.587085270000001e-05,6.58708731e-05,-0.09620989724999998,8.299525890000002,0.046688646699999996,0.006174049629999999,0.012745586800000003,0.0098517631,2.9111564550000003e-05,0.0002585399869,48.4108391,110.2,1.8146059100000002e-05,6.104428830000001e-06,1.81472206e-06,9.724471839999998e-07,6.73670489e-07,5.26888467e-07,4.37825877e-07,3.66909999e-07,8.16400681e-07,1.96766917e-07,2.8792479700000005e-06,71.19657839999999,19.2702765,1.73793073e-09,8.9363304,0.00161362384,0.12692712099999998,0.00017485508549999995,1.999466785e-05,0.0021034154199999996,0.225439576,0.00017485508549999995,1.999466785e-05,0.003476740960000001,0.685645923,0.00017485508549999995,1.999466785e-05,0.00323207457,0.5721145200000001,0.00017485508549999995,1.999466785e-05,2.5026089906692506
155,1661634000,7.239116370000001e-05,7.239124000000001e-05,-0.0156747496,6.129047369,0.0464207725,0.006520748379999999,0.013506621600000001,0.01038291115,2.364068315e-05,0.0001667198708,54.239510499999994,118.4,1.9730407649999998e-05,7.531518620000001e-06,1.89166803e-06,1.004826754e-06,7.08481587e-07,5.579551059999999e-07,4.39720757e-07,3.88415613e-07,8.26397362e-07,1.97714401e-07,2.91846379e-06,70.25152150000001,18.2929363,1.93655103e-09,8.916480200000002,0.0016142185,0.1346028974,7.855652470000001e-05,1.1367674e-05,0.00214212287,0.22720378099999997,7.855652470000001e-05,1.1367674e-05,0.0037678952000000003,0.725063183,7.855652470000001e-05,1.1367674e-05,0.0034926622600000004,0.7019009110000001,7.855652470000001e-05,1.1367674e-05,2.502690243721008
155,1661634600,6.0864047900000005e-05,6.08641199e-05,0.04962892674000001,0.49098162500000003,0.0428266186,0.00616316739,0.0127474792,0.0098174466,1.185969495e-05,7.9387049e-05,48.223776099999995,108.0,1.5593933850000002e-05,6.11187357e-06,1.7345058e-06,9.65254226e-07,7.002112379999999e-07,5.53972163e-07,4.45485057e-07,3.72556545e-07,8.383799299999999e-07,1.9456955799999999e-07,2.9212951200000004e-06,71.8759229,20.263371900000003,1.5687047200000001e-09,8.958814700000001,0.0016222171300000001,0.12801769300000002,5.611532599999999e-05,8.2636629e-06,0.0020688000900000005,0.21311158,5.611532599999999e-05,8.2636629e-06,0.0034792452700000004,0.598889335,5.611532599999999e-05,8.2636629e-06,0.0032279542,0.5201821929999999,5.611532599999999e-05,8.2636629e-06,2.50252366065979
155,1661635200,6.948548569999998e-05,6.94855573e-05,0.04926772827,0.526327342,0.03933848869999999,0.00649885967,0.013658920299999999,0.010350462299999998,1.565752045e-05,0.00010288997429999998,53.3496496,115.7,1.896732575e-05,7.039143930000001e-06,1.8154767500000002e-06,9.6262379e-07,6.80677463e-07,5.537716460000001e-07,4.3076570599999997e-07,3.74286089e-07,8.200031480000001e-07,1.9729812200000002e-07,2.9013472900000003e-06,70.53549690000001,18.410074399999996,1.8497781099999996e-09,8.9205163,0.0016217665200000003,0.1282324515,6.86884617e-05,1.12259204e-05,0.0021797756499999997,0.2347,6.86884617e-05,1.12259204e-05,0.00383444268,0.754509992,6.86884617e-05,1.12259204e-05,0.0034025673899999997,0.5926705699999999,6.86884617e-05,1.12259204e-05,2.502689552307129
155,1661635800,7.128094440000001e-05,7.1280957e-05,0.54664992046,26.892071539999996,0.07500652560000001,0.00581551933,0.0118446935,0.009101537849999999,9.337779654e-05,0.0009683543364000001,39.7727276,113.1,2.0484846149999997e-05,6.63315316e-06,1.70992435e-06,9.22701487e-07,6.46577987e-07,5.19062767e-07,4.3869518899999994e-07,3.7012743900000007e-07,8.30248787e-07,2.02081196e-07,2.8829502800000002e-06,71.5214833,20.3731194,1.92055443e-09,8.9324258,0.0015790698200000002,0.12288188969999998,0.0004112217747999999,4.4990693570000004e-05,0.00197624767,0.24065111199999997,0.0004112217747999999,4.4990693570000004e-05,0.00322335308,0.8704752250000001,0.0004112217747999999,4.4990693570000004e-05,0.00293996488,0.532183912,0.0004112217747999999,4.4990693570000004e-05,2.5026543140411377
155,1661636400,5.8332837000000006e-05,5.833287789999999e-05,0.25245359300000003,13.8650637773,0.0539205888,0.00566104953,0.0116619727,0.0089452143,4.648587305e-05,0.0004675576701,38.611887800000005,104.5,1.4771248200000001e-05,5.9855515099999996e-06,1.6109508699999998e-06,8.993976429999999e-07,6.74538208e-07,5.194859239999999e-07,4.30832832e-07,3.7394994200000004e-07,8.23248242e-07,1.9675959e-07,2.88043764e-06,73.0098225,21.924130899999998,1.4981835999999998e-09,8.975471200000001,0.00157877711,0.12366625900000001,0.00017860740589999998,2.188868471e-05,0.0019349991600000002,0.186232018,0.00017860740589999998,2.188868471e-05,0.00306774044,0.6261017919999999,0.00017860740589999998,2.188868471e-05,0.00283870402,0.457534767,0.00017860740589999998,2.188868471e-05,2.5026989698410036
155,1661637000,7.13342393e-05,7.133430789999999e-05,-0.169798298,5.9571974459999995,0.0441293453,0.0062809429,0.0130956755,0.009811303799999999,3.82953551e-05,0.0003475031941,47.881118900000004,127.7,2.0528011700000002e-05,6.52382463e-06,1.75012792e-06,9.39364726e-07,6.836769159999999e-07,5.18415041e-07,4.2930995099999995e-07,3.6651171800000006e-07,8.226430060000001e-07,1.9957506300000003e-07,2.9054493299999998e-06,70.8003502,18.742888999999998,1.91452139e-09,8.922977849999999,0.0015968513199999998,0.12415419010000002,0.00016721123379999999,2.141218064e-05,0.00208926421,0.227027534,0.00016721123379999999,2.141218064e-05,0.00363013158,0.816091179,0.00016721123379999999,2.141218064e-05,0.00324157633,0.595096308,0.00016721123379999999,2.141218064e-05,2.5025728940963745
155,1661637600,5.8965710599999994e-05,5.896574729999999e-05,0.0818129833,0.67775142,0.0391606676,0.00596052033,0.0124939998,0.00949239589,1.340093088e-05,8.708311960000001e-05,44.9423076,108.2,1.52582706e-05,5.7147327300000005e-06,1.66169371e-06,9.20532867e-07,6.67735647e-07,5.47968198e-07,4.3353097199999997e-07,3.7290223899999993e-07,8.26087053e-07,1.94097696e-07,2.88519719e-06,72.6287936,21.1280141,1.5182254959999999e-09,8.9659834,0.0015965665,0.1239742724,5.917200840000001e-05,9.084270049999999e-06,0.00202343852,0.205745332,5.917200840000001e-05,9.084270049999999e-06,0.0032865822,0.573996259,5.917200840000001e-05,9.084270049999999e-06,0.0031158904800000003,0.505728421,5.917200840000001e-05,9.084270049999999e-06,2.50270733833313
155,1661638200,6.416390830000002e-05,6.41639719e-05,0.0236915891,0.4173505524,0.03644037260000001,0.00625831175,0.012996670999999998,0.009946078399999999,1.42111447e-05,9.34168449e-05,49.3583919,121.2,1.738529475e-05,6.12391009e-06,1.70477564e-06,9.37558568e-07,6.694671490000001e-07,5.33042423e-07,4.2906820299999996e-07,3.8117565200000003e-07,8.23475696e-07,1.9474395800000002e-07,2.89945293e-06,71.5890771,19.6114151,1.68264636e-09,8.944081350000001,0.00159269696,0.12360806210000001,5.6830318500000004e-05,9.57408939e-06,0.00208103102,0.214640451,5.6830318500000004e-05,9.57408939e-06,0.0035928474199999998,0.664197289,5.6830318500000004e-05,9.57408939e-06,0.00328262077,0.553282647,5.6830318500000004e-05,9.57408939e-06,2.5027220249176025
155,1661638800,0.000131855389,0.0001318554278,-0.4309050166,15.740715180999995,0.08123111340000001,0.00768781653,0.015963724399999997,0.01189119205,0.00010014111905000002,0.0008942736668000002,64.8566438,159.6,4.48682545e-05,1.149272219e-05,2.42798389e-06,1.1145879160000003e-06,7.098297120000001e-07,5.54522867e-07,4.5993600700000005e-07,3.8269998699999996e-07,8.19581173e-07,2.0123552900000003e-07,2.8962436e-06,65.7430051,15.104390320000002,3.8918207800000005e-09,8.7923844,0.00167555707,0.1431432225,0.0006324289897,6.851451819999999e-05,0.0023923636500000002,0.34475114,0.0006324289897,6.851451819999999e-05,0.00481496276,1.77148217,0.0006324289897,6.851451819999999e-05,0.00411303496,1.218503171,0.0006324289897,6.851451819999999e-05,2.502553033828735
155,1661639400,6.170097050000001e-05,6.17010264e-05,0.06536285283000001,0.690428428,0.039436126599999996,0.00609789322,0.012796772449999999,0.009731183100000002,1.51384924e-05,9.569860019999999e-05,46.910839499999994,120.1,1.6099182250000003e-05,6.207731689999999e-06,1.65199726e-06,9.41613917e-07,6.63383105e-07,5.34838057e-07,4.41767374e-07,3.8609520399999996e-07,8.126435679999999e-07,1.9851926e-07,2.91263115e-06,72.1533351,20.2072053,1.6011677499999999e-09,8.955452599999997,0.00159360188,0.1242282366,6.12187506e-05,1.020028376e-05,0.00203468321,0.208177679,6.12187506e-05,1.020028376e-05,0.00342530029,0.622716309,6.12187506e-05,1.020028376e-05,0.0031770947700000005,0.531978211,6.12187506e-05,1.020028376e-05,2.5026530981063844
155,1661640000,6.48717159e-05,6.487177190000001e-05,0.012028684059999998,0.5790281420000001,0.0398028183,0.00630621975,0.013054916499999996,0.010038329549999999,1.47371076e-05,0.0001039304429,50.3846155,112.8,1.717367195e-05,6.47453551e-06,1.7987280300000003e-06,9.729592639999999e-07,6.79072349e-07,5.404926349999999e-07,4.4068466899999994e-07,3.84788674e-07,8.33343326e-07,1.9899136399999998e-07,2.93859866e-06,71.36312050000001,19.4964435,1.6972503700000001e-09,8.942155699999997,0.0016152045299999997,0.128261501,6.07349921e-05,9.9841889e-06,0.00209246257,0.21989212399999997,6.07349921e-05,9.9841889e-06,0.0036412328099999997,0.6675561589999999,6.07349921e-05,9.9841889e-06,0.0033165628500000004,0.5605804350000001,6.07349921e-05,9.9841889e-06,2.502619767189026
155,1661640600,0.0001060734819,0.00010607352950000001,0.8101919084,34.47539492200001,0.10873757790000001,0.006164647059999999,0.012580186499999998,0.0096034412,0.00013689548840000002,0.0012612382127,45.5979026,107.1,3.403901617e-05,1.003774687e-05,1.8362755700000002e-06,1.0729516930000001e-06,7.18092515e-07,5.57189418e-07,4.5097406799999995e-07,3.7173611e-07,8.29123271e-07,1.9645436199999998e-07,2.9271683099999997e-06,69.5907494,19.342553149999997,3.055334333e-09,8.8869909,0.0016042684700000001,0.13141281779999997,0.0016816444779999998,0.00016184208948,0.0020820035400000002,0.27896438100000004,0.0016816444779999998,0.00016184208948,0.00351208368,1.613561201,0.0016816444779999998,0.00016184208948,0.00315696102,0.724958812,0.0016816444779999998,0.00016184208948,2.5024911880493166
155,1661641200,6.616370589999999e-05,6.61637954e-05,0.04210645440000001,0.21407057140000002,0.0362765401,0.00641369423,0.013360165400000002,0.01030215445,1.2928567550000002e-05,8.20359367e-05,52.935315100000004,118.3,1.7482239899999998e-05,6.848887710000001e-06,1.81289501e-06,9.345783329999999e-07,6.733529980000001e-07,5.32678653e-07,4.47407538e-07,3.87941929e-07,8.424553340000002e-07,2.02088204e-07,2.91734892e-06,71.1152477,19.3427785,1.7382418500000002e-09,8.939205099999999,0.00162470771,0.12741332760000001,5.1472752399999995e-05,8.863499449999999e-06,0.0021581571599999998,0.23108597200000003,5.1472752399999995e-05,8.863499449999999e-06,0.0036827773500000003,0.6748707890000001,5.1472752399999995e-05,8.863499449999999e-06,0.0033685672099999994,0.577310864,5.1472752399999995e-05,8.863499449999999e-06,2.5026256322860716
155,1661641800,0.0001475934853,0.0001475980479,-0.77444401604,23.700306962000006,0.070332295,0.00677555388,0.01372168,0.0105150586,0.0003149176655,0.003052638662,55.2379878,125.9,5.2613231099999996e-05,1.036595158e-05,2.3892204100000005e-06,1.328412017e-06,7.77396887e-07,6.603802730000001e-07,5.02024908e-07,4.371941210000001e-07,9.312750120000001e-07,2.55846815e-07,3.5401566900000002e-06,69.2640286,17.21794304,4.28415496e-09,8.88400985,0.0016475778200000003,0.1585425616,0.0012505058078,0.00015686937712000001,0.00217036578,0.265810925,0.0012505058078,0.00015686937712000001,0.0041227257199999996,2.6961192069999997,0.0012505058078,0.00015686937712000001,0.0035281089300000005,0.760354098,0.0012505058078,0.00015686937712000001,2.502669429779053
155,1661642400,8.11830616e-05,8.11831768e-05,0.0533934917,0.6633585679999999,0.0495004698,0.0070341185,0.014700658299999999,0.01122741115,2.0058008700000003e-05,0.0001359620095,62.428320199999995,139.3,2.32311237e-05,8.26195592e-06,1.9829485500000003e-06,9.99540311e-07,7.005208670000001e-07,5.40933984e-07,4.6018713000000006e-07,3.9509742799999997e-07,8.511391139999999e-07,2.0303531899999998e-07,2.96506837e-06,68.7795715,16.5178309,2.21218885e-09,8.8820891,0.0016439754300000002,0.1323695824,8.69326002e-05,1.39904047e-05,0.00229093489,0.262439371,8.69326002e-05,1.39904047e-05,0.004257694439999999,0.9239724469999999,8.69326002e-05,1.39904047e-05,0.00373243796,0.710188219,8.69326002e-05,1.39904047e-05,2.502481150627136
155,1661643000,0.0003038414873,0.0003038417822000001,0.0891716046178,4.5410276083,0.0862938905,0.00943342143,0.02117336755,0.015180882400000002,0.0001592250448,0.0010252964626000002,69.475524,152.4,9.66259101e-05,3.701533964e-05,7.72469627e-06,2.748398316e-06,1.5088909610000002e-06,9.01132491e-07,6.7769923e-07,5.27695721e-07,9.726121659999999e-07,2.00675274e-07,3.0177708199999997e-06,63.92969900000001,15.257216750000001,9.47438243e-09,8.7573237,0.0020487709599999997,0.33340822400000003,0.0007411861981,9.833203725e-05,0.00321164227,1.136829335,0.0007411861981,9.833203725e-05,0.00564500446,3.6243066010000007,0.0007411861981,9.833203725e-05,0.00530677813,3.244585066,0.0007411861981,9.833203725e-05,2.502642059326172
155,1661643600,0.00022473313639999993,0.0002247335541,0.09658377100000001,14.852751418,0.10849532560000001,0.007120958280000001,0.01415369005,0.010584399400000001,0.00042430120290000005,0.0043246780605,54.699301500000004,135.6,8.963614390000001e-05,1.3264738770000001e-05,2.34859245e-06,1.10102891e-06,7.25288738e-07,5.4409117e-07,4.38884587e-07,3.77607748e-07,8.317410560000001e-07,1.9490353099999998e-07,2.9038168800000003e-06,66.8941684,17.163158,7.072125209999999e-09,8.80352015,0.0016566313900000002,0.13975994,0.001544890992,0.00018615461503000005,0.0022604560899999997,0.363312038,0.001544890992,0.00018615461503000005,0.00422146459,3.014140848,0.001544890992,0.00018615461503000005,0.0039066753400000005,2.6146583170000004,0.001544890992,0.00018615461503000005,2.5027220964431764
155,1661644200,8.27191664e-05,8.271921650000001e-05,0.046404075880000006,0.4356640204000001,0.041181306,0.00715321006,0.014902114349999999,0.01143729035,1.879860325e-05,0.0001287374114,64.5541966,131.3,2.3932753800000003e-05,8.32656001e-06,2.0437267e-06,1.0490811800000002e-06,6.941400389999999e-07,5.46098476e-07,4.5067477499999996e-07,3.9053989100000003e-07,8.33181852e-07,1.97299425e-07,2.89553102e-06,68.354304,16.016235,2.2698160700000004e-09,8.8683447,0.00166141234,0.135380434,7.10025383e-05,1.24973966e-05,0.00233554033,0.273958082,7.10025383e-05,1.24973966e-05,0.00426718827,0.9031189850000001,7.10025383e-05,1.24973966e-05,0.00391902895,0.770131541,7.10025383e-05,1.24973966e-05,2.5027398586273195
155,1661644800,8.60982365e-05,8.609831940000001e-05,0.02261784306,0.500715928,0.044784867,0.0072719215,0.015054180749999998,0.011553973300000001,2.1465646849999998e-05,0.0001518406527,66.2430079,141.5,2.5162954499999995e-05,8.79720278e-06,2.07012235e-06,1.025151423e-06,6.87374987e-07,5.52306958e-07,4.56202368e-07,3.79830445e-07,8.142856899999998e-07,1.97998203e-07,2.9057271399999998e-06,67.8843376,15.68137815,2.37925044e-09,8.8589392,0.00166801242,0.135103239,8.70678433e-05,1.426924905e-05,0.0023451859899999996,0.273513733,8.70678433e-05,1.426924905e-05,0.004409017100000001,0.9837559629999999,8.70678433e-05,1.426924905e-05,0.00392243113,0.79100185,8.70678433e-05,1.426924905e-05,2.502576756477356
155,1661645400,0.00010433320449999999,0.00010433324810000001,0.53154460628,15.214130047220001,0.07858940499999999,0.00715403315,0.0146475411,0.011236160999999998,9.217491e-05,0.0008970798507999999,62.711538,133.0,3.29508238e-05,9.85447196e-06,2.25414043e-06,1.085956767e-06,6.912701829999999e-07,5.3736289e-07,4.4547357299999997e-07,3.79506649e-07,8.51877492e-07,1.9718789699999998e-07,2.91850034e-06,67.22300600000001,15.923910800000002,2.97890554e-09,8.8380751,0.0016597538200000001,0.137756963,0.0007422048801,7.623068730000001e-05,0.0023107114700000003,0.313444287,0.0007422048801,7.623068730000001e-05,0.00429362018,1.3870223899999998,0.0007422048801,7.623068730000001e-05,0.0038608227,0.8659936550000001,0.0007422048801,7.623068730000001e-05,2.5026074409484864
155,1661646000,0.0003589536947,0.0003589544998,0.16085949816000006,54.4813989964,0.2036987833,0.008677655829999999,0.0171628301,0.012209558149999999,0.0008355241053,0.008495146813,67.7290212,162.6,0.0001284556939,3.8667166500000007e-05,4.6252346900000005e-06,1.3873646359999999e-06,9.024290780000001e-07,6.173376329999999e-07,4.75839001e-07,3.96635181e-07,8.495263639999999e-07,1.9633668299999998e-07,2.90390696e-06,57.9090377,12.36903067,1.1377715879999998e-08,8.563992460000001,0.0017506403100000002,0.201586519,0.002345680775,0.0002591739484,0.0026056430300000002,0.9065776999999999,0.002345680775,0.0002591739484,0.0055116390000000005,4.189590560000001,0.002345680775,0.0002591739484,0.004799902600000001,4.643190469,0.002345680775,0.0002591739484,2.5027117013931273
155,1661646600,5.97608191e-05,5.9760899499999994e-05,0.051974406529999996,0.784505126,0.041849831299999994,0.00603179608,0.0125163205,0.009560395199999999,1.51121473e-05,0.0001113484138,45.0629378,104.6,1.547698095e-05,5.7820479400000006e-06,1.69103297e-06,9.495538129999999e-07,6.66658262e-07,5.297300719999999e-07,4.48577656e-07,3.80017047e-07,8.4506922e-07,1.99442372e-07,2.9113059999999997e-06,72.4319367,20.873578000000002,1.53939969e-09,8.96442835,0.0015894322200000002,0.12386495900000001,6.16841031e-05,9.155744939999999e-06,0.00207853411,0.216230077,6.16841031e-05,9.155744939999999e-06,0.0033667398699999997,0.5849865139999999,6.16841031e-05,9.155744939999999e-06,0.0031127586699999997,0.503508237,6.16841031e-05,9.155744939999999e-06,2.502733063697815
155,1661647200,6.61217966e-05,6.61218304e-05,-0.17678773898000005,7.138051081,0.0593167595,0.00618044633,0.0128136537,0.009816227050000001,3.3675833400000004e-05,0.00032053805930000006,47.2115383,112.9,1.7408926e-05,6.702645689999999e-06,1.85374021e-06,1.00765513e-06,7.155050079999999e-07,5.36351412e-07,4.5666686800000005e-07,3.90499977e-07,8.417053790000001e-07,1.9783192299999998e-07,2.94935303e-06,71.33538730000001,20.134929300000003,1.7360246799999997e-09,8.943333399999998,0.0016373783,0.13418376150000003,9.15403557e-05,1.305938074e-05,0.00208856248,0.233583945,9.15403557e-05,1.305938074e-05,0.00344669446,0.642365547,9.15403557e-05,1.305938074e-05,0.00325651889,0.600277952,9.15403557e-05,1.305938074e-05,2.5026036500930786
155,1661647800,6.58539485e-05,6.58540236e-05,-0.05349677256,0.6914168139999999,0.0363488929,0.00629400116,0.013133635199999999,0.010003642,1.649915825e-05,0.0001057390778,49.30069830000001,127.2,1.73998916e-05,6.61740024e-06,1.8746638499999995e-06,1.017953764e-06,7.156487100000001e-07,5.48810621e-07,4.41777955e-07,3.7717880600000006e-07,8.219414400000001e-07,1.98865741e-07,2.9128715e-06,71.0662325,19.533923500000004,1.7277310800000002e-09,8.939533,0.0016523090100000002,0.133245291,6.01907943e-05,1.0296503290000002e-05,0.00212164115,0.23066720700000004,6.01907943e-05,1.0296503290000002e-05,0.0035261123399999996,0.658514322,6.01907943e-05,1.0296503290000002e-05,0.00332752248,0.582276433,6.01907943e-05,1.0296503290000002e-05,2.5026543855667116
155,1661648400,6.55112787e-05,6.55113659e-05,0.0265470365,0.5079230133999999,0.0387188012,0.00633650788,0.0132912959,0.010118094,1.501735985e-05,9.94364599e-05,50.4650349,124.6,1.7265648149999995e-05,6.4353780799999995e-06,1.8393571e-06,9.662666149999999e-07,7.29279016e-07,5.84295304e-07,4.83215072e-07,4.0364484900000005e-07,9.389066329999999e-07,1.96362843e-07,2.9132577100000002e-06,70.8885583,19.438378699999998,1.7117867500000001e-09,8.939435399999999,0.0016340790800000002,0.1320168752,6.0253421e-05,9.89359475e-06,0.0021176369900000004,0.221638449,6.0253421e-05,9.89359475e-06,0.0035691472,0.651443191,6.0253421e-05,9.89359475e-06,0.00334591885,0.5718038809999999,6.0253421e-05,9.89359475e-06,2.502644181251526
155,1661649000,6.332833689999999e-05,6.33283569e-05,0.04549476028,0.28534747,0.0383665041,0.006219680640000001,0.01296948625,0.009982705599999999,1.349449637e-05,9.435701060000001e-05,48.8146851,106.6,1.656086655e-05,6.39075684e-06,1.7595767799999997e-06,9.79487116e-07,6.89332548e-07,5.289245260000001e-07,4.4724836099999997e-07,3.88261816e-07,8.185695040000001e-07,1.9727087300000004e-07,2.9037481099999992e-06,71.9159639,20.559393900000003,1.6542726299999998e-09,8.9528947,0.00162936092,0.1292300705,5.430579099999999e-05,9.32889787e-06,0.0020941752299999997,0.22071153699999999,5.430579099999999e-05,9.32889787e-06,0.0035622678100000007,0.656491384,5.430579099999999e-05,9.32889787e-06,0.0032141897000000003,0.527122188,5.430579099999999e-05,9.32889787e-06,2.50253541469574
155,1661649600,0.0004790031771,0.0004790033404,-0.4258591556999999,20.29700986,0.18894639280000003,0.01182862963,0.025015279999999994,0.017136730600000004,0.0006793126973,0.006676509128000001,94.52447430000001,197.2,0.00018702847169999997,3.833174420000001e-05,5.27636452e-06,2.07332636e-06,1.086063559e-06,7.31371944e-07,5.09849135e-07,4.51981615e-07,8.69186896e-07,1.9931370700000006e-07,2.9439736e-06,53.739725799999995,9.74564962,1.539274164e-08,8.45232198,0.00198936489,0.235026103,0.003754130459,0.0004032210409,0.0033900602100000003,0.9864468350000001,0.003754130459,0.0004032210409,0.00815102749,7.5897971900000005,0.003754130459,0.0004032210409,0.00651349903,4.578683111,0.003754130459,0.0004032210409,2.5032218217849733
155,1661650200,0.0002170005598,0.00021700061459999998,0.20133815670000005,53.65646574,0.16982803449999997,0.007343893289999999,0.0140105676,0.0105315364,0.00048688234575000003,0.0049043705036,54.5017485,146.3,8.303304410000001e-05,1.581434978e-05,2.4218127699999998e-06,1.1299557470000003e-06,7.313050199999999e-07,5.7168438e-07,4.44202361e-07,4.0507641799999995e-07,8.383741010000001e-07,1.97866318e-07,2.9125901299999994e-06,62.78438630000001,14.335987650000002,6.739978960000001e-09,8.6888443,0.00166103038,0.143810196,0.0027016467313,0.00028642061573,0.0022959157599999995,0.373756115,0.0027016467313,0.00028642061573,0.00444566984,3.603147734,0.0027016467313,0.00028642061573,0.00392070232,1.8012389159999997,0.0027016467313,0.00028642061573,2.502130651473999
155,1661650800,7.253176590000001e-05,7.25318125e-05,0.02731600090000001,3.072195356,0.0490037489,0.006595379949999999,0.0136528027,0.01050843795,2.44336303e-05,0.0002129313421,55.41258710000001,126.7,2.00511283e-05,7.367587860000001e-06,1.8630520500000003e-06,1.0156870879999998e-06,6.99597797e-07,5.38814325e-07,4.39139595e-07,3.8153764599999995e-07,8.19196799e-07,1.95138217e-07,2.89495666e-06,69.88570100000001,17.7186248,1.94518226e-09,8.9085219,0.0016456509299999998,0.13405059000000003,0.0001311460012,1.642598566e-05,0.0021790653300000004,0.23517919700000003,0.0001311460012,1.642598566e-05,0.0038810628199999996,0.8058553530000001,0.0001311460012,1.642598566e-05,0.00347555061,0.621222672,0.0001311460012,1.642598566e-05,2.502626061439514
155,1661651400,7.7703844e-05,7.77039314e-05,0.05335536834000001,0.5144022030000001,0.0522018439,0.00692495739,0.014474299000000001,0.0111616636,1.6919790199999996e-05,0.00011554055990000002,61.40384610000001,128.9,2.19985408e-05,7.80817175e-06,1.9521941599999997e-06,1.00737258e-06,7.24461278e-07,5.552165059999999e-07,4.64230262e-07,3.80362902e-07,8.330534000000001e-07,2.00543728e-07,2.9277796999999998e-06,69.1008748,17.026698599999996,2.10400053e-09,8.893202899999999,0.00167247506,0.135777202,6.51455888e-05,1.1136923350000002e-05,0.0022520188200000004,0.251693454,6.51455888e-05,1.1136923350000002e-05,0.00413912123,0.8450357420000001,6.51455888e-05,1.1136923350000002e-05,0.0037041389499999993,0.7044861290000001,6.51455888e-05,1.1136923350000002e-05,2.5026513576507567
155,1661652000,7.165148939999999e-05,7.16515994e-05,0.04790538983,0.4421785830000001,0.0398018086,0.00663549378,0.013877966799999999,0.010621634949999998,1.57417203e-05,0.000105951824,56.6835669,113.1,1.96020441e-05,7.3432721000000005e-06,1.8683019700000001e-06,1.03237203e-06,6.85374109e-07,5.36709629e-07,4.46358875e-07,3.75047312e-07,8.29474159e-07,1.9768133100000002e-07,2.90907042e-06,70.04322299999998,18.0036904,1.91454841e-09,8.9116196,0.00163981621,0.131634199,5.67780042e-05,1.0026645049999999e-05,0.00220638239,0.242754368,5.67780042e-05,1.0026645049999999e-05,0.00382142174,0.737904848,5.67780042e-05,1.0026645049999999e-05,0.0035750676900000006,0.654272682,5.67780042e-05,1.0026645049999999e-05,2.50262188911438
155,1661652600,0.00045202383719999994,0.0004520238894,-1.2194666899000002,46.596585018,0.1510147481,0.007751200410000001,0.014564850699999998,0.01099530815,0.0013339591192000001,0.0139674126565,59.291957899999986,149.2,0.00019034212140000003,2.508097232e-05,3.0270502599999998e-06,1.302829309e-06,7.724740670000001e-07,5.930671419999999e-07,4.7232946500000007e-07,3.97229204e-07,8.64109863e-07,2.01100404e-07,2.95861875e-06,62.7999905,15.632158279999999,1.465849276e-08,8.671501889999998,0.0016879539799999998,0.1721129515,0.0073392556658,0.00077717944867,0.00242859726,0.746873777,0.0073392556658,0.00077717944867,0.00489157376,8.37674252,0.0073392556658,0.00077717944867,0.0041243500200000005,3.3417644960000006,0.0073392556658,0.00077717944867,2.5027156591415407
155,1661653200,9.66058899e-05,9.66059765e-05,-0.0667441587,5.8904039390000005,0.06230338750000001,0.0069449816299999995,0.014201960300000002,0.0107794421,6.18591336e-05,0.0004640694691000001,57.4755249,137.9,2.92652087e-05,9.549627390000001e-06,2.2802623100000003e-06,1.1568384399999998e-06,7.32121983e-07,5.51385583e-07,4.31837093e-07,3.9372084299999994e-07,8.246391419999999e-07,1.9733223200000003e-07,2.91999642e-06,67.9811695,16.62946245,2.72526056e-09,8.857419799999999,0.0016663291300000002,0.145808735,0.00020610262940000003,3.083964688e-05,0.0022452049400000004,0.292971076,0.00020610262940000003,3.083964688e-05,0.00412921487,1.179858367,0.00020610262940000003,3.083964688e-05,0.00373740111,0.863565519,0.00020610262940000003,3.083964688e-05,2.5027339458465576
155,1661653800,7.134730749999998e-05,7.13473826e-05,0.12368360847999997,3.0000559446999997,0.0497464913,0.006492275590000001,0.013467211400000002,0.0103245353,2.204035742e-05,0.00015360227,53.0559447,122.2,1.97978271e-05,7.031743729999999e-06,1.89584677e-06,9.63758833e-07,7.0387982e-07,5.351609339999999e-07,4.32255617e-07,3.763539910000001e-07,8.379926600000001e-07,1.96377013e-07,2.90237729e-06,70.4279205,18.518136700000003,1.9093751100000002e-09,8.9188846,0.0016438508900000002,0.1319156201,0.00016854994980000003,1.984037808e-05,0.0021463736700000004,0.23456604200000003,0.00016854994980000003,1.984037808e-05,0.0037876159999999997,0.7984194840000001,0.00016854994980000003,1.984037808e-05,0.0033940243299999994,0.5964815050000001,0.00016854994980000003,1.984037808e-05,2.502729034423828
155,1661654400,0.0001524911686,0.0001524912101,0.1359896619,30.33494116,0.1027969414,0.00639715265,0.01297875155,0.0098749455,0.00041915596550000004,0.004426737759499999,48.874125199999995,113.0,4.7156206749999994e-05,1.852631207e-05,3.3814010099999996e-06,1.202762124e-06,7.291803350000001e-07,5.266660939999999e-07,4.4799028300000005e-07,3.66210324e-07,8.275056730000001e-07,1.9854001e-07,2.8827676300000003e-06,68.3297805,18.43466954,4.5591773e-09,8.853238629999998,0.0016281446700000001,0.17553803360000003,0.0016557328489000002,0.00018636257474,0.0021272775899999997,0.3593342650000001,0.0016557328489000002,0.00018636257474,0.0037371033499999998,2.44206333,0.0016557328489000002,0.00018636257474,0.00335514009,1.1064848929999997,0.0016557328489000002,0.00018636257474,2.5026440143585207
155,1661655000,9.07480793e-05,9.074811089999999e-05,0.042923540999999996,19.626873390999997,0.08039441420000001,0.0065287771800000005,0.013533779749999999,0.010207944299999999,0.00010761906369999999,0.0011002887155000002,51.2272727,134.8,2.7459852999999996e-05,9.195743589999998e-06,1.78371108e-06,9.667530930000002e-07,6.84805783e-07,5.324436000000001e-07,4.36849931e-07,3.8225540400000004e-07,8.264209759999999e-07,1.9957644e-07,2.90555055e-06,68.8923397,17.197619179999997,2.5444127899999997e-09,8.8713867,0.0016147656099999997,0.128400084,0.0004275872987,4.3969163700000006e-05,0.0021549109300000005,0.243825617,0.0004275872987,4.3969163700000006e-05,0.0037951688999999997,0.9736392720000001,0.0004275872987,4.3969163700000006e-05,0.0034463490900000005,0.9699893540000002,0.0004275872987,4.3969163700000006e-05,2.502640199661255
155,1661655600,9.489797609999999e-05,9.489799259999999e-05,0.03271789553,30.799101658999994,0.08654985000000001,0.00639087153,0.013046602299999998,0.009887446800000001,0.0001436879427,0.0014949699941,48.8531465,124.5,3.0848690600000004e-05,7.87419008e-06,1.8197041100000002e-06,9.56070901e-07,6.514645449999998e-07,5.45351807e-07,4.4399132899999994e-07,3.82660851e-07,8.228305309999999e-07,1.96477054e-07,2.9074134299999997e-06,68.5152757,17.12565847,2.6873179599999998e-09,8.8585721,0.0016055428,0.1262394335,0.0005758884579000001,6.0745824560000006e-05,0.00209932065,0.23072320400000002,0.0005758884579000001,6.0745824560000006e-05,0.0036802239700000003,1.092869009,0.0005758884579000001,6.0745824560000006e-05,0.0033694920400000002,0.981091058,0.0005758884579000001,6.0745824560000006e-05,2.5026345014572144
155,1661656200,0.0003895541317,0.00038955416230000006,-0.5954489411999999,48.8035025864,0.1663810892,0.00750401436,0.0140117461,0.0103712818,0.0008732360670000002,0.0082251868868,52.617132100000006,127.6,0.00012844806805,4.723025693000001e-05,8.82192255e-06,3.07332214e-06,1.325317867e-06,7.822065459999999e-07,5.94223451e-07,4.37910536e-07,9.1373276e-07,1.95890121e-07,2.95417226e-06,62.0978042,15.812736580000001,1.235522584e-08,8.68517805,0.0017239338,0.349960988,0.004008411190499999,0.00045355675096,0.0023637996599999997,1.071112727,0.004008411190499999,0.00045355675096,0.004697395210000001,6.373629035,0.004008411190499999,0.00045355675096,0.0038686023699999995,3.0367673910000006,0.004008411190499999,0.00045355675096,2.502578854560852
155,1661656800,0.00010089627329999999,0.0001008963135,-0.27144473443,20.833043528,0.0683057691,0.00677340935,0.013892901150000001,0.01064973745,0.0001103226453,0.0011026545635000004,56.71153840000001,123.0,3.17569282e-05,9.674320539999999e-06,2.00573944e-06,1.0243896140000001e-06,6.91594154e-07,5.4995027e-07,4.42501245e-07,3.74445768e-07,8.268366489999999e-07,1.9764803699999997e-07,2.90374788e-06,68.0515421,16.73532505,2.87333424e-09,8.854557349999999,0.0016518184299999998,0.13519172699999998,0.0005700780849,6.341983105e-05,0.0021953330100000002,0.258988328,0.0005700780849,6.341983105e-05,0.003949108329999999,1.2794266560000003,0.0005700780849,6.341983105e-05,0.00371293544,0.93205074,0.0005700780849,6.341983105e-05,2.5027135610580444
155,1661657400,0.0003068745846,0.00030687460990000003,-0.0541040897,65.898072286,0.17989576280000003,0.007324795569999999,0.013940388500000001,0.01052455495,0.0008146075355000001,0.0082163139434,54.2150345,153.8,0.00010880002449999999,3.0074428649999997e-05,5.842751499999999e-06,2.04945027e-06,1.095635563e-06,7.0767142e-07,5.100941849999999e-07,4.0956707199999995e-07,8.469620500000001e-07,1.98607149e-07,2.9020941099999997e-06,61.2964659,14.54113495,9.619043589999999e-09,8.6796552,0.00168222889,0.21653423700000002,0.0038231930604,0.00040102287443000004,0.0023490648300000003,0.6763497600000001,0.0038231930604,0.00040102287443000004,0.004478786510000001,4.752878430000001,0.0038231930604,0.00040102287443000004,0.0038901088599999994,2.8351939830000004,0.0038231930604,0.00040102287443000004,2.502622437477112
155,1661658000,8.181748180000001e-05,8.18175796e-05,-0.3040977362,8.233031883970002,0.048413126400000006,0.006920556709999999,0.01441698705,0.01101727055,3.8767280700000004e-05,0.0003620081725,60.323426,136.6,2.33152025e-05,8.4661915e-06,2.0460865e-06,1.035720245e-06,7.22306491e-07,5.473181099999999e-07,4.39861535e-07,3.8490439299999996e-07,8.42152261e-07,2.0183985199999998e-07,2.90724466e-06,68.4486388,16.4757797,2.2355812500000002e-09,8.878776049999999,0.0016653131000000001,0.134787906,0.000120792394,1.614084877e-05,0.0023004148100000004,0.27200115,0.000120792394,1.614084877e-05,0.0040854922299999995,0.868401304,0.000120792394,1.614084877e-05,0.0037078112900000002,0.7783557990000001,0.000120792394,1.614084877e-05,2.5026735782623293
155,1661658600,0.0001585242801,0.0001585244204,-1.42484036614,65.96086319749999,0.1189747834,0.0071359651899999986,0.014196315300000002,0.0108636017,0.0003043945294,0.0030967759528,58.610140200000004,156.4,5.165729069999999e-05,1.7199119619999997e-05,2.81031916e-06,1.24461283e-06,8.77811126e-07,6.51699449e-07,4.7558897099999996e-07,4.00263236e-07,8.47389947e-07,2.0139006200000004e-07,2.8967753499999997e-06,63.098995,13.83711046,4.725578820000001e-09,8.73914825,0.00165708327,0.1571146075,0.001958611477,0.00019192686579999998,0.0022896338200000003,0.400083508,0.001958611477,0.00019192686579999998,0.0042784133000000005,2.1049348599999997,0.001958611477,0.00019192686579999998,0.00384726244,1.582054024,0.001958611477,0.00019192686579999998,2.502644181251526
155,1661659200,0.000129019349,0.0001290194775,-1.29834447156,43.9674269996,0.08644438489999999,0.0068596616599999995,0.013827680249999998,0.010517735600000001,0.00018797321570000001,0.0018464599913999998,55.041958199999996,138.9,4.36912235e-05,1.0560135010000001e-05,2.53440923e-06,1.171956443e-06,8.290796790000001e-07,6.667879430000001e-07,5.24794204e-07,4.3230830600000003e-07,9.34254243e-07,2.0278052999999996e-07,2.9619578699999996e-06,65.83652090000001,15.963391470000001,3.76650908e-09,8.8136106,0.00166913786,0.14682195850000002,0.0014921238801,0.0001489540095,0.0022298100600000002,0.339012636,0.0014921238801,0.0001489540095,0.004021921249999999,1.856670582,0.0014921238801,0.0001489540095,0.0036459409399999996,1.0460957130000001,0.0014921238801,0.0001489540095,2.5025604486465456
155,1661659800,5.998468030000001e-05,5.9984871e-05,-0.035877498599999995,1.150220147,0.0391576767,0.00599970894,0.0124165837,0.00951993045,1.627321265e-05,0.00012597153699999997,44.2202786,105.7,1.53776728e-05,5.8067881599999994e-06,1.7688541499999998e-06,9.5896066e-07,7.065016430000001e-07,5.740709000000001e-07,4.3304443399999996e-07,3.98482469e-07,8.48755821e-07,1.9886162900000003e-07,2.9205059399999998e-06,72.2075164,21.079959799999997,1.54049805e-09,8.966608249999998,0.00161393276,0.1279889766,7.56745647e-05,1.0434631500000001e-05,0.0020294475199999994,0.207970986,7.56745647e-05,1.0434631500000001e-05,0.0033836632500000006,0.6153905669999999,7.56745647e-05,1.0434631500000001e-05,0.00301499675,0.47902192800000004,7.56745647e-05,1.0434631500000001e-05,2.502616620063782
155,1661660400,5.979184830000001e-05,5.97918894e-05,0.05863345360000001,0.8111535836000001,0.0500729148,0.00607255958,0.012650695100000001,0.009721712050000001,1.225520745e-05,8.07599404e-05,46.7797196,108.7,1.5068613399999999e-05,5.94522376e-06,1.6726805899999998e-06,9.96038026e-07,7.323667620000001e-07,5.772222900000001e-07,4.571312590000001e-07,4.1313286e-07,8.98730242e-07,1.9735772500000002e-07,2.9373221800000002e-06,72.2231804,20.9205625,1.5300204e-09,8.96507325,0.0016291987000000001,0.13138757399999998,5.5499600299999994e-05,8.301662999999998e-06,0.00204667381,0.20973918400000002,5.5499600299999994e-05,8.301662999999998e-06,0.00340498652,0.5799870800000001,5.5499600299999994e-05,8.301662999999998e-06,0.00313811582,0.4999418060000001,5.5499600299999994e-05,8.301662999999998e-06,2.5026366472244264
155,1661661000,6.941423020000001e-05,6.94143353e-05,0.007216817200000006,1.657354798,0.0427752245,0.00646315178,0.013523861449999999,0.010331076149999998,2.0628415199999998e-05,0.0001732451382,52.861888,123.2,1.88347234e-05,7.043477829999999e-06,1.8354381100000002e-06,9.895490300000002e-07,6.91621226e-07,5.64206969e-07,4.4901246200000006e-07,3.60696105e-07,8.30583769e-07,1.9836303599999999e-07,2.9094975699999997e-06,70.6524591,18.7690495,1.8456970700000003e-09,8.9258919,0.00163852637,0.130746115,0.00010571566829999999,1.347204969e-05,0.00216250398,0.23673825499999998,0.00010571566829999999,1.347204969e-05,0.00369856714,0.7210371689999999,0.00010571566829999999,1.347204969e-05,0.0034176868300000002,0.6153923149999999,0.00010571566829999999,1.347204969e-05,2.5026907444000246
155,1661661600,8.345109580000001e-05,8.3451159e-05,0.051809895360000004,0.5540822824999999,0.0438127886,0.00714348231,0.014961956450000003,0.01144565925,1.965717675e-05,0.0001316708676,64.291958,132.8,2.44784506e-05,8.19153504e-06,1.99167426e-06,1.037860844e-06,7.107246159999999e-07,5.44895955e-07,4.443511079999999e-07,3.96434092e-07,8.269924879999999e-07,1.9861027100000003e-07,2.90393317e-06,68.29811299999999,16.0235034,2.2943261300000002e-09,8.868746999999999,0.0016741393900000002,0.13604418100000001,9.866214089999999e-05,1.5246221799999998e-05,0.00233059207,0.265694883,9.866214089999999e-05,1.5246221799999998e-05,0.004327072560000001,0.960810685,9.866214089999999e-05,1.5246221799999998e-05,0.0038127865299999995,0.741970091,9.866214089999999e-05,1.5246221799999998e-05,2.5027570962905883
155,1661662200,8.399388549999999e-05,8.39940018e-05,0.1050826899,2.3308225430000005,0.052136048000000004,0.00705647477,0.014663143950000002,0.011204068950000002,2.5776938000000004e-05,0.00018881547099999996,61.6730772,130.5,2.444884505e-05,8.55227975e-06,1.92901103e-06,1.03653984e-06,6.986404149999999e-07,5.41896538e-07,4.60919309e-07,3.8403947899999995e-07,8.47074161e-07,1.98906754e-07,2.8988088200000003e-06,68.36228059999999,16.294722599999997,2.31164411e-09,8.8703268,0.00165882543,0.13380299550000002,0.00019958144479999997,2.2965164190000003e-05,0.00229510845,0.26564283,0.00019958144479999997,2.2965164190000003e-05,0.004216189439999999,0.964056934,0.00019958144479999997,2.2965164190000003e-05,0.00382768734,0.7585241110000001,0.00019958144479999997,2.2965164190000003e-05,2.5025712490081786
155,1661662800,8.680609210000001e-05,8.68061485e-05,0.04076808155000003,12.116043401,0.0770315169,0.00665000382,0.0136837604,0.01039653,6.404709486999999e-05,0.0006233550667,53.3076922,133.8,2.4845979099999996e-05,8.97844994e-06,2.2669819e-06,1.152042422e-06,7.500818620000001e-07,5.859454440000001e-07,4.6390710699999996e-07,4.0036376e-07,8.47335321e-07,1.92988715e-07,2.91889189e-06,68.5585938,17.6733588,2.3968767700000004e-09,8.88106225,0.0016408516499999998,0.13635480360000002,0.0002264081791,2.8959592269999996e-05,0.00220205033,0.317248004,0.0002264081791,2.8959592269999996e-05,0.0038759914400000005,0.994453974,0.0002264081791,2.8959592269999996e-05,0.0035494527799999993,0.745107015,0.0002264081791,2.8959592269999996e-05,2.5026678800582887
155,1661663400,8.55343444e-05,8.55343876e-05,-0.04400842397,3.016824932,0.053089703,0.006948761709999999,0.014408273650000001,0.01095958115,3.72413703e-05,0.0003256571364,58.72727249999999,132.1,2.55750869e-05,8.149875759999998e-06,1.9743479000000004e-06,1.04521502e-06,6.92099132e-07,5.39026426e-07,4.40265204e-07,3.9562960199999994e-07,8.548637289999998e-07,2.0049969599999998e-07,2.90023225e-06,68.4776415,16.5428732,2.36670338e-09,8.86981515,0.00167073219,0.13580646300000004,0.0001790329483,2.21489696e-05,0.0022361319799999997,0.256792031,0.0001790329483,2.21489696e-05,0.0041126389900000004,0.9751080990000001,0.0001790329483,2.21489696e-05,0.0037830045999999993,0.798633157,0.0001790329483,2.21489696e-05,2.502585244178772
155,1661664000,0.0002429387576,0.00024293881339999997,-0.5794786339000001,28.544035091,0.10803644160000003,0.00714789017,0.01418693185,0.0107432267,0.0005621641317000001,0.005864615847500001,57.2797196,139.7,9.420278470000001e-05,1.7497088790000002e-05,2.54783238e-06,1.1188203520000001e-06,7.36034828e-07,5.849042239999999e-07,4.42970555e-07,3.879193519999999e-07,8.34451086e-07,2.0107891200000002e-07,2.9154850699999997e-06,65.92842350000001,16.21800335,7.63305576e-09,8.782352229999999,0.0016636322700000002,0.14343328160000002,0.004823279293499999,0.0004583519080699998,0.0022709311499999997,0.33570129800000004,0.004823279293499999,0.0004583519080699998,0.0043384220200000006,3.937152358000001,0.004823279293499999,0.0004583519080699998,0.0037971044500000003,2.2471034639999994,0.004823279293499999,0.0004583519080699998,2.5027824878692626
155,1661664600,7.39840889e-05,7.3984162e-05,-0.03548479539,4.8768077339,0.0499781531,0.006495934810000001,0.013353811500000002,0.0102477887,3.853573515e-05,0.0003633786395,52.9458041,129.9,2.1221195499999997e-05,7.048364480000001e-06,1.7450463899999997e-06,9.905144169999998e-07,7.07905698e-07,5.334009670000001e-07,4.44192658e-07,3.8958318599999994e-07,8.424868829999999e-07,1.91968079e-07,2.87731828e-06,69.95323359999999,18.0343644,1.99629251e-09,8.9100132,0.0016215707500000002,0.1284088814,0.00019993910710000004,2.3123792590000002e-05,0.00211822469,0.22551240900000002,0.00019993910710000004,2.3123792590000002e-05,0.00376317794,0.828792086,0.00019993910710000004,2.3123792590000002e-05,0.0034410860000000003,0.65175753,0.00019993910710000004,2.3123792590000002e-05,2.50252788066864
155,1661665200,0.00012111535819999998,0.0001211163777,0.3530920192000001,30.529425075400002,0.11937792579999999,0.007254922400000001,0.014519142200000001,0.01099801075,0.00013833073279999997,0.0013654745189999999,59.129370400000006,156.7,3.9700120199999994e-05,1.152440948e-05,2.2292129100000002e-06,1.066349785e-06,7.295344730000001e-07,5.45399018e-07,4.5570999199999997e-07,3.8385511599999996e-07,8.26040569e-07,1.9754929199999997e-07,2.9004381500000003e-06,64.65193090000001,13.564810399999999,3.5191417699999997e-09,8.771506300000002,0.00167030977,0.14274537,0.0006947219151,7.40875835e-05,0.0022807987699999996,0.29960021000000003,0.0006947219151,7.40875835e-05,0.00438674558,1.534169465,0.0006947219151,7.40875835e-05,0.00392465521,1.063805173,0.0006947219151,7.40875835e-05,2.5027111768722534
155,1661665800,0.0006935310338000001,0.0006935340363000001,-0.028626798549999992,22.900998663999996,0.2188768292,0.00829313255,0.015465457299999999,0.0117650653,0.0015433005740000001,0.0159111898459,68.63286680000002,160.3,0.00025152579509999995,7.261547879999998e-05,1.2942832879999998e-05,3.002347959e-06,1.0355889669999998e-06,6.95905654e-07,5.605699269999999e-07,4.0555251999999996e-07,8.52427309e-07,1.9751737400000001e-07,2.93449144e-06,62.30347429999999,13.839022199999999,2.2539403560000004e-08,8.698602249999999,0.0017281875,0.4964505420000001,0.0081636454833,0.0007857145434,0.0025288504,1.516894847,0.0081636454833,0.0007857145434,0.00536633012,11.77545757,0.0081636454833,0.0007857145434,0.00438818914,5.3502067449999995,0.0081636454833,0.0007857145434,2.502568316459656
155,1661666400,0.00018547055820000003,0.000185525347,0.9385819107,55.470524243,0.1504253612,0.00714414017,0.014352620800000002,0.0108995183,0.00045013627580000004,0.0046768061421999995,58.547430500000004,132.0,6.317210189999999e-05,1.592176737e-05,3.6616827399999997e-06,1.6480891670000001e-06,8.54975951e-07,9.2196755e-07,5.55796905e-07,6.108375089999999e-07,1.1521881159999998e-06,3.25847323e-07,3.964648560000001e-06,65.9719243,15.212890150000002,5.373312150000001e-09,8.8110856,0.00167432052,0.22767071100000003,0.0024276789053999997,0.0002514868272,0.00233529838,0.49711887200000004,0.0024276789053999997,0.0002514868272,0.0043585082599999995,2.989360488,0.0024276789053999997,0.0002514868272,0.00383172553,1.219344244,0.0024276789053999997,0.0002514868272,2.5026143074035643
155,1661667000,7.472446399999999e-05,7.47245021e-05,-0.0181932268,0.864144367,0.040802505600000004,0.006737573920000001,0.014014267050000001,0.01072640525,1.88044859e-05,0.0001405891829,57.9160836,128.5,2.09702213e-05,7.468893650000001e-06,1.92085373e-06,1.01622774e-06,7.076807389999999e-07,5.343163659999999e-07,4.3070815299999994e-07,3.71329817e-07,8.424814580000001e-07,1.90528265e-07,2.90894594e-06,69.5713611,17.334971700000004,2.01336947e-09,8.900473600000002,0.0016474882600000002,0.13258964499999998,7.1831146e-05,1.1528850569999999e-05,0.00221949006,0.24870165099999997,7.1831146e-05,1.1528850569999999e-05,0.0039545100299999995,0.799465415,7.1831146e-05,1.1528850569999999e-05,0.00362781992,0.677109771,7.1831146e-05,1.1528850569999999e-05,2.5027249097824096
155,1661667600,5.751143819999999e-05,5.7511507e-05,0.08089955209,1.4693069464000001,0.0428355877,0.005874110940000001,0.012232200500000002,0.0093613423,1.5417906860000002e-05,0.0001235011792,42.353146499999994,101.8,1.4640954400000002e-05,5.599075560000001e-06,1.62558585e-06,9.296111210000001e-07,6.90989227e-07,5.36642371e-07,4.26025476e-07,3.78521389e-07,8.25609034e-07,1.96428508e-07,2.9062377799999996e-06,72.8497795,21.6830253,1.46856964e-09,8.975387899999998,0.00159697925,0.12361455799999999,8.13297331e-05,1.0368909759999998e-05,0.00200711422,0.19987437000000002,8.13297331e-05,1.0368909759999998e-05,0.00322799613,0.558293612,8.13297331e-05,1.0368909759999998e-05,0.00300827942,0.48443967299999996,8.13297331e-05,1.0368909759999998e-05,2.5026415824890136
155,1661668200,5.6912026800000004e-05,5.6912053099999996e-05,0.11246102120000001,1.1784114040000002,0.049088537,0.005860940019999999,0.0122131113,0.0093174464,1.47437851e-05,0.00011432000439999998,42.024475900000006,101.7,1.4471982050000003e-05,5.4792945899999994e-06,1.5946125000000002e-06,9.332668439999999e-07,6.706863079999999e-07,5.25772587e-07,4.5047016699999995e-07,3.8871864400000006e-07,8.10752579e-07,1.95391128e-07,2.93500119e-06,73.2550739,21.8588505,1.4504236100000002e-09,8.979797199999998,0.00159797329,0.12413192540000002,5.109869490000001e-05,8.19481266e-06,0.00198194724,0.196036546,5.109869490000001e-05,8.19481266e-06,0.0032005804,0.532267344,5.109869490000001e-05,8.19481266e-06,0.00306210719,0.49931705299999996,5.109869490000001e-05,8.19481266e-06,2.5026610851287843
155,1661668800,6.4905678e-05,6.490575955555555e-05,-0.11996268255555556,5.305984412222222,0.05305539066666667,0.006016920066666666,0.012313215277777779,0.009385230555555556,3.334681144444444e-05,0.00031902250633333336,43.308081111111115,117.0,1.722675311111111e-05,6.528982477777777e-06,1.7403196555555557e-06,9.599520077777776e-07,6.975001522222223e-07,5.524135266666666e-07,4.4711902666666666e-07,3.8086361111111114e-07,8.209349655555555e-07,1.9900421555555555e-07,2.8990379111111113e-06,71.19754488888888,19.832611444444446,1.7001976555555556e-09,8.941437555555556,0.0016128275111111112,0.12717258766666664,0.0001272356591111111,1.569019791111111e-05,0.0020114125555555553,0.21526773777777777,0.0001272356591111111,1.569019791111111e-05,0.003332612188888889,0.6474660722222222,0.0001272356591111111,1.569019791111111e-05,0.0031461271,0.58940069,0.0001272356591111111,1.569019791111111e-05,2.5026734670003257
155,1661669400,6.87351192e-05,6.87351847e-05,-0.042563850939999995,1.370703952,0.04182390939999999,0.00633841573,0.013153183999999998,0.010033329249999999,2.1255967850000003e-05,0.0001596108704,49.4895104,126.2,1.8884313500000002e-05,6.52432019e-06,1.7965476700000002e-06,9.541610709999998e-07,7.571342780000001e-07,6.078275640000001e-07,4.66543979e-07,3.86699017e-07,8.827243200000002e-07,1.98705569e-07,2.90857872e-06,70.9082796,19.381482799999997,1.8222991999999997e-09,8.9328033,0.00163723068,0.13459819300000003,9.114091920000002e-05,1.352045939e-05,0.00208994678,0.22615145200000003,9.114091920000002e-05,1.352045939e-05,0.0036684097899999995,0.742265242,9.114091920000002e-05,1.352045939e-05,0.0032735398900000006,0.5756309719999999,9.114091920000002e-05,1.352045939e-05,2.5029908180236817
155,1661670000,0.00013133639450000001,0.0001313364911,-0.18025744039999997,3.2069214811999998,0.05924810400000001,0.00804118875,0.016769857549999996,0.012495052349999999,6.0157892800000007e-05,0.0004404978314,70.48601319999999,144.0,4.33376533e-05,1.2500006930000001e-05,2.5268350300000003e-06,1.171469987e-06,7.6031699e-07,5.62623546e-07,4.67503046e-07,3.8673358899999997e-07,8.431367829999999e-07,1.9903228499999998e-07,2.91293332e-06,65.22893239999999,14.954678939999999,3.86064092e-09,8.781925600000001,0.00171039551,0.147256481,0.0002496676506,3.830165853000001e-05,0.0025133883800000003,0.35761046499999993,0.0002496676506,3.830165853000001e-05,0.00500174293,1.65152711,0.0002496676506,3.830165853000001e-05,0.0044455206,1.311135251,0.0002496676506,3.830165853000001e-05,2.502098298072815
155,1661670600,0.0001025753892,0.00010257549609999999,-0.06238763989000001,2.5974029799999996,0.052277547300000005,0.007600420599999999,0.015622968249999999,0.011990997399999998,4.540752580000001e-05,0.0003788500554,69.9020969,154.0,3.24422943e-05,9.380251520000001e-06,2.2867571200000006e-06,1.09310078e-06,7.24052904e-07,5.56480776e-07,4.5438694500000007e-07,3.87325563e-07,8.53197108e-07,1.9780431799999998e-07,2.9120989500000003e-06,66.3256451,14.617077799999999,2.91366382e-09,8.8216067,0.00170587422,0.142087725,0.000285498787,3.7094731500000005e-05,0.00242265088,0.298008292,0.000285498787,3.7094731500000005e-05,0.0046852125,1.3440447919999998,0.000285498787,3.7094731500000005e-05,0.00407516386,0.8632549240000001,0.000285498787,3.7094731500000005e-05,2.5027909755706785
155,1661671200,6.53282933e-05,6.532838160000001e-05,0.01732457231,0.894737961,0.039758887500000006,0.0063438624200000005,0.013179346249999998,0.010134637800000002,1.2421089849999999e-05,7.887836520000001e-05,51.258741,111.6,1.69386046e-05,6.8795835200000005e-06,1.87567674e-06,9.64283391e-07,6.95069997e-07,5.371290119999999e-07,4.44862577e-07,3.76434509e-07,8.34077923e-07,1.9717151299999997e-07,2.92129286e-06,71.1195673,19.4540585,1.71142327e-09,8.94002265,0.00161987325,0.1271717174,5.11410906e-05,8.52391011e-06,0.00216444221,0.231800008,5.11410906e-05,8.52391011e-06,0.0036148568899999995,0.651407734,5.11410906e-05,8.52391011e-06,0.0033164663600000004,0.548621251,5.11410906e-05,8.52391011e-06,2.5026048898696898
155,1661671800,7.46133214e-05,7.46133787e-05,0.187165973,3.7318138770000004,0.0519688336,0.00645282495,0.01333488055,0.0101140867,3.459980175e-05,0.0002601715439,51.1958041,121.7,2.01672667e-05,8.09657947e-06,1.95498951e-06,1.046719624e-06,7.09836849e-07,5.402952760000001e-07,4.6109524999999994e-07,3.98716396e-07,8.342809570000001e-07,1.9643681500000002e-07,2.90042123e-06,69.8275132,18.250553500000002,2.0079094599999996e-09,8.908862099999999,0.00163759736,0.13187986100000001,9.161865969999999e-05,1.3510569960000001e-05,0.0021611284999999997,0.25618007,9.161865969999999e-05,1.3510569960000001e-05,0.0036757215200000004,0.7499636569999999,9.161865969999999e-05,1.3510569960000001e-05,0.00342172751,0.715412862,9.161865969999999e-05,1.3510569960000001e-05,2.5027592420578
155,1661672400,8.40123692e-05,8.40125012e-05,0.09051625719999999,4.253279198,0.0572939623,0.00675483476,0.014045500549999998,0.0105131178,4.068056285e-05,0.00030868329549999993,55.375875099999995,135.3,2.46233472e-05,8.46628505e-06,1.8593729299999998e-06,1.034848871e-06,7.151605959999999e-07,5.474350870000001e-07,4.5112121400000004e-07,3.7554957599999994e-07,8.237552390000001e-07,2.0224416700000002e-07,2.9070799999999995e-06,68.85564600000001,17.0938173,2.31674301e-09,8.87924025,0.00165792905,0.135099217,0.0001401165474,2.259968665e-05,0.00218328153,0.259415211,0.0001401165474,2.259968665e-05,0.004010836620000001,0.9884472049999999,0.0001401165474,2.259968665e-05,0.0035989502999999997,0.7390694879999999,0.0001401165474,2.259968665e-05,2.502608561515808
155,1661673000,0.00011087063479999997,0.000110870652,0.19966538,13.432853030499999,0.07253944920000001,0.0063719215,0.012777352749999998,0.00982085385,0.00017642975674999999,0.0015185594675000001,47.9370625,112.0,3.186162715e-05,1.303407352e-05,3.02127649e-06,1.3692205349999998e-06,7.946212820000001e-07,5.8185846e-07,4.4276994399999994e-07,3.82869132e-07,8.177667170000001e-07,1.97786231e-07,2.9314046900000003e-06,69.1382516,19.20652305,3.18374986e-09,8.88430575,0.0016467836,0.174610577,0.00033969496589999993,4.3359215e-05,0.00218617523,0.603521721,0.00033969496589999993,4.3359215e-05,0.003569431890000001,1.0430022180000003,0.00033969496589999993,4.3359215e-05,0.00344467371,1.069688036,0.00033969496589999993,4.3359215e-05,2.5025028467178343
155,1661673600,8.728483989999999e-05,8.728489149999999e-05,0.11909603440000001,3.164305171,0.0564417326,0.006876865200000001,0.0142266053,0.01077983625,4.38432018e-05,0.00036176123000000005,57.59790179999999,137.4,2.49430065e-05,9.285603400000001e-06,2.0836407400000002e-06,1.0856117000000001e-06,7.62910344e-07,6.2628545e-07,4.86957848e-07,3.9883852e-07,8.57467555e-07,1.9841906199999998e-07,2.91362239e-06,68.1355405,16.7991878,2.41144898e-09,8.8708661,0.00168514973,0.148579135,0.000164906386,2.314879556e-05,0.0022534738999999996,0.28756711500000004,0.000164906386,2.314879556e-05,0.00400773324,0.9799609690000001,0.000164906386,2.314879556e-05,0.00368748488,0.790254288,0.000164906386,2.314879556e-05,2.5026483058929445
155,1661674200,6.8085102e-05,6.80851865e-05,0.0011952626259999987,0.34099763699999996,0.0352602049,0.00650790074,0.013554942649999999,0.010422165599999998,1.360960305e-05,9.277117799999999e-05,54.248251499999995,116.8,1.7650189000000002e-05,7.038123709999999e-06,1.8943441399999998e-06,1.0812883300000002e-06,7.61240152e-07,6.897035760000001e-07,4.95334997e-07,4.2084619700000003e-07,9.009320150000001e-07,1.96413714e-07,2.9141327300000005e-06,70.17490649999999,18.897329199999998,1.7848078900000003e-09,8.929186999999999,0.0017038109600000001,0.147257735,5.358289400000001e-05,8.90868781e-06,0.00219823456,0.24164429899999998,5.358289400000001e-05,8.90868781e-06,0.00371272264,0.671629781,5.358289400000001e-05,8.90868781e-06,0.00343682098,0.592744979,5.358289400000001e-05,8.90868781e-06,2.5027004957199095
155,1661674800,9.264235609999999e-05,9.26424476e-05,0.0078804858,1.1681532978,0.046245474700000004,0.00722540741,0.015137550400000001,0.01148037665,2.88267617e-05,0.0001901823085,62.9475518,134.3,2.7777978799999997e-05,9.22518734e-06,2.2365017099999997e-06,1.0709000730000001e-06,7.1525552e-07,5.5954647e-07,4.43368222e-07,3.87173502e-07,8.14225282e-07,1.97513145e-07,2.89350808e-06,67.971565,16.296509800000003,2.59776252e-09,8.8581366,0.00167928158,0.13945517899999998,0.00014453651220000004,2.1828068749999998e-05,0.00235156971,0.298340995,0.00014453651220000004,2.1828068749999998e-05,0.00429772189,1.0971380750000002,0.00014453651220000004,2.1828068749999998e-05,0.003964678399999999,0.833383645,0.00014453651220000004,2.1828068749999998e-05,2.5026148319244386
155,1661675400,8.29168292e-05,8.29168638e-05,0.29292256291999996,5.7257247636,0.0556139289,0.006869834359999999,0.0141945463,0.010858733700000001,4.345597339999999e-05,0.00040295517800000003,59.08741260000001,136.3,2.4238534700000003e-05,8.036435940000001e-06,2.0091831799999997e-06,1.0540667249999999e-06,7.51179195e-07,5.649633789999999e-07,4.6851087e-07,3.92574124e-07,8.498727190000001e-07,1.97643219e-07,2.8954012500000004e-06,68.3848715,16.8093772,2.27379613e-09,8.877252299999999,0.00169226079,0.141054659,0.0002172490006,2.7499209e-05,0.0022690375899999996,0.267341531,0.0002172490006,2.7499209e-05,0.00404404052,0.9879873189999999,0.0002172490006,2.7499209e-05,0.00364255369,0.691438851,0.0002172490006,2.7499209e-05,2.5026136875152587
155,1661676000,7.1689169e-05,7.16892105e-05,0.027438674320000002,0.37645916329999995,0.0393658175,0.006667860709999999,0.013886616200000002,0.0106404842,1.54495885e-05,0.0001017448346,56.6048948,125.1,1.95143841e-05,7.380871309999999e-06,1.90962965e-06,9.923852600000001e-07,7.00176607e-07,5.42340583e-07,4.66074923e-07,3.9307037600000005e-07,8.36964425e-07,1.9967298299999998e-07,2.9089266900000003e-06,69.935146,17.8218888,1.9126581099999995e-09,8.911707199999999,0.0016546356500000002,0.13430200400000003,6.16132467e-05,1.0389774050000001e-05,0.0022230951600000002,0.24430658899999996,6.16132467e-05,1.0389774050000001e-05,0.0038691413799999998,0.742282728,6.16132467e-05,1.0389774050000001e-05,0.00356103664,0.646830206,6.16132467e-05,1.0389774050000001e-05,2.502667546272278
155,1661676600,6.0175266699999994e-05,6.017529380000001e-05,0.2325968418,7.092035766999999,0.051185365100000005,0.005937864060000001,0.0123424964,0.00946291945,2.437315905e-05,0.00022125380540000003,44.2692314,109.6,1.5407820349999997e-05,6.06246742e-06,1.69805136e-06,9.55121106e-07,6.88126357e-07,5.358794380000001e-07,4.59087838e-07,3.7026870500000006e-07,8.281213329999999e-07,1.9494730400000002e-07,2.88769334e-06,72.335406,20.774723599999998,1.5540595100000002e-09,8.9615729,0.0016123136600000002,0.12792782600000002,0.0001281047427,1.535862215e-05,0.00202187523,0.211005083,0.0001281047427,1.535862215e-05,0.00331148967,0.610362398,0.0001281047427,1.535862215e-05,0.0030303486499999996,0.495281175,0.0001281047427,1.535862215e-05,2.5027448892593385
155,1661677200,0.0001229765853,0.00012297670020000001,0.075571837,14.643506462,0.08861197180000001,0.00736651176,0.014788610349999998,0.011243883399999998,0.00011779891575000001,0.0011104177489999999,62.592656999999996,155.0,4.0665024799999996e-05,1.1046103049999998e-05,2.5291632799999996e-06,1.171098446e-06,7.35934884e-07,5.50797634e-07,4.58998012e-07,3.945827719999999e-07,8.261781669999999e-07,1.97898786e-07,2.91253429e-06,65.4373451,14.76496621,3.58867035e-09,8.7986756,0.00169223601,0.14627967300000003,0.0004867354025999999,5.8231777449999986e-05,0.0024433430700000003,0.354129226,0.0004867354025999999,5.8231777449999986e-05,0.00442772433,1.4713475569999999,0.0004867354025999999,5.8231777449999986e-05,0.00397396979,1.261253979,0.0004867354025999999,5.8231777449999986e-05,2.502463722229004
155,1661677800,8.956724920000001e-05,8.95673152e-05,0.03727911813,2.5378015396999993,0.0534777611,0.007190727230000001,0.014871473700000002,0.011391700799999998,3.5328332449999995e-05,0.00029874364489999996,64.23076950000001,140.8,2.64162155e-05,8.869552749999998e-06,2.1308058799999997e-06,1.101893396e-06,7.68596802e-07,6.25427719e-07,4.87260996e-07,4.0539602799999996e-07,8.690595959999999e-07,1.986127e-07,2.910817e-06,67.5637445,16.07145935,2.4852393200000003e-09,8.858429899999999,0.00170326421,0.14631579600000003,0.000243454332,2.78389502e-05,0.00235184137,0.28513838599999997,0.000243454332,2.78389502e-05,0.004342434019999999,1.083819771,0.000243454332,2.78389502e-05,0.0038025164799999995,0.755537886,0.000243454332,2.78389502e-05,2.502595901489258
155,1661678400,0.000359901613,0.00035990165360000006,0.316951106482,38.5500546177,0.1781551556,0.007029213849999999,0.013660253749999999,0.0104204073,0.00115422340985,0.0121596714501,53.145104399999994,139.5,0.00011438982329999998,4.956961537e-05,7.57329781e-06,1.8775561940000002e-06,9.02260576e-07,7.01541599e-07,5.2921222e-07,4.3303106699999996e-07,8.69695727e-07,1.94179924e-07,2.9104185299999998e-06,64.9176252,16.69871263,1.135787016e-08,8.765163300000001,0.00168365749,0.314622867,0.0037638330524,0.00037508051831000003,0.0023209082,1.8085674960000002,0.0037638330524,0.00037508051831000003,0.0041671473,4.051219493,0.0037638330524,0.00037508051831000003,0.0037515724900000005,3.833309832,0.0037638330524,0.00037508051831000003,2.502808165550232
155,1661679000,7.979362129999999e-05,7.979364839999999e-05,-0.10634492199999993,8.2915932932,0.0606512147,0.006475514809999999,0.013486401750000002,0.0101668618,5.71638343e-05,0.0005677989219,51.036713,118.3,2.2697762900000002e-05,8.009484929999999e-06,2.02147135e-06,9.98392867e-07,7.281461919999999e-07,5.7924445e-07,4.6492806e-07,3.9828543699999997e-07,8.831274080000001e-07,1.9643684899999996e-07,2.91946084e-06,69.6974998,18.8504519,2.17597103e-09,8.9055605,0.0016364152300000004,0.1381277712,0.0002508196732,2.7784991080000003e-05,0.002157481,0.257210874,0.0002508196732,2.7784991080000003e-05,0.0036957587199999997,0.8917470489999999,0.0002508196732,2.7784991080000003e-05,0.0034155457700000003,0.7071449590000001,0.0002508196732,2.7784991080000003e-05,2.502634882926941
155,1661679600,0.0001312988359,0.0001312993423,0.22105324862,30.887014891,0.0989636159,0.006699991329999999,0.01356645075,0.010218177549999999,5.8351754899999984e-05,0.0005156317468,51.9370634,132.8,4.06285035e-05,1.4714511569999998e-05,3.00099999e-06,1.227232035e-06,7.464428840000001e-07,5.527374269999999e-07,4.6258525799999997e-07,3.7427314099999993e-07,8.3106722e-07,1.96998548e-07,2.9145000099999996e-06,66.9360526,17.065481490000003,3.84255718e-09,8.830353599999999,0.0016530167200000001,0.1755696169,0.00017753282790000001,2.562777654e-05,0.00217634569,0.5163542120000001,0.00017753282790000001,2.562777654e-05,0.0038739357799999997,1.2987795629999996,0.00017753282790000001,2.562777654e-05,0.00356143243,1.202583214,0.00017753282790000001,2.562777654e-05,2.502678322792053
155,1661680200,6.972585600000001e-05,6.972591e-05,0.03379471299999999,4.164883717,0.0535213747,0.006315994570000001,0.01302899335,0.009945853349999999,2.8786660680000002e-05,0.00024283091649999997,48.966782599999995,129.1,1.9262262950000003e-05,6.889931320000001e-06,1.7030801700000001e-06,9.998968740000003e-07,6.75940259e-07,5.528393769999999e-07,4.4501777e-07,3.9081788000000004e-07,8.378529379999999e-07,1.9832457899999998e-07,2.90697027e-06,70.6840688,18.588505499999997,1.8574129299999997e-09,8.922247099999998,0.0016350931700000002,0.13067267800000001,0.00019181861330000002,2.1295677150000005e-05,0.0020891619700000004,0.22811835,0.00019181861330000002,2.1295677150000005e-05,0.00364865079,0.7712737040000001,0.00019181861330000002,2.1295677150000005e-05,0.00328221722,0.584845708,0.00019181861330000002,2.1295677150000005e-05,2.5025752067565916
155,1661680800,5.30009023e-05,5.30009408e-05,0.04957678179999999,0.27637545205,0.0344515483,0.00574608711,0.011978483500000001,0.009210331050000001,9.583290310000001e-06,6.10807649e-05,41.14335679999999,100.4,1.3122299749999999e-05,5.069763910000001e-06,1.5002456399999998e-06,9.282309049999999e-07,6.44186157e-07,5.233649970000001e-07,4.467219409999999e-07,3.77212692e-07,8.22754452e-07,1.98799424e-07,2.8668674099999998e-06,73.8475005,22.5117229,1.3312134600000001e-09,8.993599,0.00157496045,0.12058119330000001,3.527269715e-05,6.65126957e-06,0.0019398667499999998,0.18360066600000002,3.527269715e-05,6.65126957e-06,0.0031979093599999995,0.512502711,3.527269715e-05,6.65126957e-06,0.00291388518,0.426328846,3.527269715e-05,6.65126957e-06,2.502600169181824
155,1661681400,6.27618433e-05,6.27618747e-05,0.10026427093000001,6.135685842,0.051989717199999994,0.00590553245,0.012201336100000001,0.009339628900000002,3.53335419e-05,0.0003018329953,42.2325167,114.4,1.67369916e-05,5.96887892e-06,1.70924943e-06,9.800039649999998e-07,7.06088226e-07,5.382554750000001e-07,4.518078e-07,3.82595573e-07,8.18728435e-07,1.9383437199999999e-07,2.89442415e-06,72.40009459999999,21.042394549999997,1.6394331700000003e-09,8.960016799999998,0.0015986644200000001,0.1270473684,0.0001042322758,1.4765762559999998e-05,0.00196956988,0.19751732299999997,0.0001042322758,1.4765762559999998e-05,0.00327907894,0.629393746,0.0001042322758,1.4765762559999998e-05,0.00304564815,0.565773603,0.0001042322758,1.4765762559999998e-05,2.502656602859497
155,1661682000,7.523441890000002e-05,7.52344866e-05,0.10142804000000001,3.276661317,0.0488476793,0.00633574007,0.0132231035,0.009942283399999998,3.767815855e-05,0.0002863925827,48.5944057,117.2,2.15673656e-05,7.23744644e-06,1.78746611e-06,9.670132e-07,7.070090799999999e-07,5.57633749e-07,4.4718711099999997e-07,3.74432245e-07,8.53376403e-07,2.0382345e-07,2.9142252e-06,70.6319281,19.359630399999997,2.0394835e-09,8.921279100000001,0.00162764574,0.12944320059999997,0.00012327521049999997,2.0491905749999997e-05,0.0021195351899999998,0.232446898,0.00012327521049999997,2.0491905749999997e-05,0.00361375018,0.828031895,0.00012327521049999997,2.0491905749999997e-05,0.00333463026,0.6807713269999999,0.00012327521049999997,2.0491905749999997e-05,2.5026119232177733
155,1661682600,7.38518603e-05,7.385188770000001e-05,0.10816554732999999,3.0944315960000006,0.0495558304,0.0061695343100000005,0.0127688541,0.0096077016,4.238929059999999e-05,0.0002879288834,45.4020969,126.8,2.14141137e-05,6.8902074e-06,1.7438377100000001e-06,9.218343339999999e-07,6.684830470000001e-07,5.191197789999999e-07,4.46970866e-07,3.77415318e-07,8.30097792e-07,1.9729405399999998e-07,2.9164341799999996e-06,71.32089719999999,19.7691673,2.0058370699999997e-09,8.928242599999999,0.00158619877,0.1230600186,0.00019186893290000002,2.4507895050000002e-05,0.00206312004,0.22027441799999997,0.00019186893290000002,2.4507895050000002e-05,0.0034916587900000002,0.8392698559999999,0.00019186893290000002,2.4507895050000002e-05,0.00318986931,0.65417806,0.00019186893290000002,2.4507895050000002e-05,2.502619814872742
155,1661683200,5.73944156e-05,5.73944516e-05,0.08343278009999999,0.4019892945,0.0364374763,0.00595442277,0.012474250199999998,0.009529770699999999,1.187646095e-05,7.593305440000001e-05,44.4790209,105.5,1.44124225e-05,5.566989920000001e-06,1.5708675600000001e-06,9.319652990000002e-07,7.097163639999998e-07,6.04415029e-07,4.77321616e-07,3.97568942e-07,9.44859147e-07,1.9579583099999998e-07,2.88523586e-06,72.6435331,21.4907096,1.4587208e-09,8.9762904,0.0016184661699999998,0.128947263,4.83714137e-05,7.772346080000001e-06,0.0019836815,0.195089214,4.83714137e-05,7.772346080000001e-06,0.0032777765199999997,0.5429655340000001,4.83714137e-05,7.772346080000001e-06,0.00310810506,0.48996035299999996,4.83714137e-05,7.772346080000001e-06,2.502598786354065
155,1661683800,0.0001392488721,0.000139248943,0.39955245580000004,51.298923468,0.15047898040000002,0.006370078709999999,0.0127545301,0.009677947000000001,0.0002515553869,0.0025336091268999997,46.3356634,137.0,4.02990421e-05,1.721393439e-05,3.95890658e-06,1.5964308900000001e-06,8.77437096e-07,6.145394920000001e-07,4.85854617e-07,4.13928116e-07,9.085680670000001e-07,2.0471666799999998e-07,3.05109723e-06,67.0374051,17.4604454,4.0583171700000005e-09,8.839345300000002,0.0016343830699999998,0.226783402,0.0010687403124,0.00011011302398000003,0.00211764059,0.5899982589999999,0.0010687403124,0.00011011302398000003,0.00370430708,1.5769984650000002,0.0010687403124,0.00011011302398000003,0.003253537829999999,1.2884996679999998,0.0010687403124,0.00011011302398000003,2.5026718854904173
155,1661684400,7.16884829e-05,7.168853429999999e-05,0.028295359040000002,1.5358985779999998,0.0524551899,0.0064655129199999994,0.013575332800000001,0.0102365015,2.18416574e-05,0.00016352098260000002,52.08566520000001,121.4,2.01580942e-05,6.8677867e-06,1.8667084800000001e-06,9.89099388e-07,6.677441160000001e-07,5.218465179999999e-07,4.3874089800000005e-07,3.8323116799999997e-07,8.25639516e-07,2.0394408699999996e-07,2.92134486e-06,70.5372378,18.5989798,1.91937318e-09,8.920122000000001,0.00162596172,0.129119704,0.0001078593527,1.4957025160000002e-05,0.00213707781,0.23311812299999998,0.0001078593527,1.4957025160000002e-05,0.00374781195,0.7840195390000001,0.0001078593527,1.4957025160000002e-05,0.0033966366499999998,0.623552617,0.0001078593527,1.4957025160000002e-05,2.5026141881942747
155,1661685000,7.05333475e-05,7.053340499999999e-05,-0.274172723,23.1742125874,0.0727887458,0.00620470791,0.0128854423,0.009834451700000002,3.98750568e-05,0.0003835345291,47.9720291,121.3,1.92133987e-05,6.797605e-06,1.89844126e-06,1.013643087e-06,7.23600912e-07,5.87042146e-07,4.70669274e-07,4.2601325100000003e-07,8.887179240000001e-07,2.0078911800000002e-07,3.0465879399999996e-06,70.9276146,19.442306700000003,1.8612283100000001e-09,8.9373019,0.0016033007499999998,0.13406495280000003,0.00028522080529999995,2.96728221e-05,0.0020662186400000004,0.23172012999999997,0.00028522080529999995,2.96728221e-05,0.0035272629899999997,0.7608082549999999,0.00028522080529999995,2.96728221e-05,0.00324651014,0.598566358,0.00028522080529999995,2.96728221e-05,2.5026630401611327
155,1661685600,9.569091639999999e-05,9.569096340000001e-05,1.20375475806,47.748602964999996,0.1214934791,0.00704862815,0.0145288411,0.0110672085,8.801092360000001e-05,0.0008766620775,60.91958029999999,141.6,2.71126067e-05,1.0088870890000002e-05,2.3992856900000004e-06,1.27057947e-06,9.122800039999999e-07,7.21887355e-07,5.98565743e-07,4.97818455e-07,1.002181009e-06,1.98444873e-07,3.04288901e-06,66.7446568,16.18807445,2.64558328e-09,8.852452,0.0016880965200000001,0.16977299699999998,0.00036320614180000005,3.91791815e-05,0.00231392755,0.337531866,0.00036320614180000005,3.91791815e-05,0.00417300003,1.095028803,0.00036320614180000005,3.91791815e-05,0.0038150952700000003,0.8118280349999999,0.00036320614180000005,3.91791815e-05,2.5024274349212647
155,1661686200,6.73988609e-05,6.739896429999999e-05,0.21009217948,2.8916188222000003,0.0653351193,0.00640311331,0.013194831200000002,0.0101600607,1.7009292599999998e-05,0.0001338387462,51.84965029999999,115.6,1.74271703e-05,6.9414464699999995e-06,1.9144348e-06,1.0515047900000002e-06,7.737071039999999e-07,6.14258398e-07,5.02260089e-07,4.2616498999999994e-07,9.096752300000001e-07,2.00390471e-07,2.93847114e-06,70.4197916,19.2540861,1.76110231e-09,8.9356578,0.00165962411,0.14243974899999998,7.89465351e-05,1.09967506e-05,0.00216963017,0.23945378,7.89465351e-05,1.09967506e-05,0.00362762217,0.6762330750000001,7.89465351e-05,1.09967506e-05,0.0033625112900000005,0.575698548,7.89465351e-05,1.09967506e-05,2.5026444673538206
155,1661686800,7.633533059999999e-05,7.633542730000001e-05,0.08743758881,0.5174597006000001,0.045792750199999996,0.0068454126599999995,0.0143042098,0.010913482149999999,1.79671443e-05,0.0001337237791,59.5681816,132.2,2.16881422e-05,7.460355630000001e-06,1.8981022499999998e-06,1.0393271639999998e-06,6.978622530000001e-07,5.74940458e-07,4.563318920000001e-07,3.8514338600000007e-07,8.2247936e-07,1.9673144999999998e-07,2.94812907e-06,69.48281959999998,17.291126299999995,2.0650993499999996e-09,8.897740199999998,0.00168193151,0.137529336,8.69313131e-05,1.2576403250000001e-05,0.0022083456000000002,0.243128235,8.69313131e-05,1.2576403250000001e-05,0.0040501225,0.836860752,8.69313131e-05,1.2576403250000001e-05,0.0036560240800000005,0.680298096,8.69313131e-05,1.2576403250000001e-05,2.5025920629501344
155,1661687400,0.000359963728,0.00035996385199999994,0.0914240189,16.231679382,0.1751624214,0.00819672416,0.01576076945,0.01179621135,0.0007922652129,0.007644666182600001,66.97727260000002,154.1,0.000136554866,3.1585125130000006e-05,3.49318926e-06,1.48604901e-06,9.55083676e-07,6.6684117e-07,5.08935032e-07,4.62532741e-07,9.435093879999998e-07,2.0333359300000002e-07,3.1223716000000003e-06,62.564501500000006,14.092226399999998,1.1509749220000001e-08,8.71258141,0.00177272409,0.21614121099999997,0.004093381297200001,0.00041010930385000004,0.0025521859800000006,0.497474508,0.004093381297200001,0.00041010930385000004,0.00509564135,5.1426193300000005,0.004093381297200001,0.00041010930385000004,0.00448797473,4.129875885999999,0.004093381297200001,0.00041010930385000004,2.5026715993881226
155,1661688000,9.210564780000002e-05,9.21057668e-05,0.07183433809999999,2.081149954,0.053089537500000006,0.00739440414,0.015413087200000003,0.0117355195,3.1778985100000006e-05,0.000253061368,67.7639861,142.1,2.74894761e-05,9.285789399999998e-06,2.1165103400000002e-06,1.0884516e-06,7.26205953e-07,5.60826341e-07,4.4739063199999995e-07,3.8193565100000004e-07,8.296032e-07,2.0004508100000002e-07,2.92656388e-06,67.0576256,14.949827299999999,2.56797957e-09,8.8412346,0.0016800319500000001,0.13961351100000002,0.0001462934861,1.9510427000000003e-05,0.00238057912,0.30075865999999996,0.0001462934861,1.9510427000000003e-05,0.004482788529999999,1.05880455,0.0001462934861,1.9510427000000003e-05,0.004056016559999999,0.8490855410000002,0.0001462934861,1.9510427000000003e-05,2.5026912927627563
155,1661688600,7.885250440000001e-05,7.885259039999999e-05,-0.00633107975,0.3507344112,0.03615815370000001,0.00699730075,0.0145676307,0.011213062050000002,1.6380649900000002e-05,0.0001085658776,61.954545599999996,127.6,2.24132918e-05,7.91749689e-06,1.98229082e-06,1.0226946999999998e-06,7.046916779999999e-07,5.50000823e-07,4.6364476599999997e-07,3.82356395e-07,8.78102207e-07,1.96872982e-07,2.9146858599999998e-06,68.9088275,16.7502975,2.1409390799999995e-09,8.887281400000003,0.00166873084,0.13602148500000003,7.49117025e-05,1.1773331499999999e-05,0.0022855097400000003,0.257994438,7.49117025e-05,1.1773331499999999e-05,0.004197388220000001,0.87417727,7.49117025e-05,1.1773331499999999e-05,0.0037262808199999995,0.697772712,7.49117025e-05,1.1773331499999999e-05,2.502447772026062
155,1661689200,9.61589393e-05,9.61589804e-05,-0.04359890437999999,6.851254977560001,0.058165040300000005,0.007225178949999999,0.014854296999999999,0.011335473100000002,6.29133767e-05,0.000592013022,64.34615339999999,139.7,2.9780316700000002e-05,9.09626136e-06,2.12038754e-06,1.037315756e-06,7.26398465e-07,5.57471086e-07,4.3169065400000007e-07,3.88758676e-07,8.428502770000002e-07,2.0090152700000004e-07,2.8970669000000004e-06,67.2073674,15.3750395,2.7090944e-09,8.839485999999999,0.00167402273,0.137339484,0.0004357932302,4.677385036e-05,0.0023477185600000003,0.27863329600000003,0.0004357932302,4.677385036e-05,0.00434789683,1.240235888,0.0004357932302,4.677385036e-05,0.0039051411799999997,0.80539621,0.0004357932302,4.677385036e-05,2.502664804458618
155,1661689800,0.000188425063,0.0001884251522,-0.9935164215000001,37.200767259500005,0.0891968756,0.00756951112,0.015057966550000001,0.0113996886,0.00041321410839999993,0.004252130829100001,64.493008,140.1,6.67721002e-05,1.6471275969999997e-05,3.2298014100000006e-06,1.4387970550000001e-06,8.556848769999999e-07,6.26363075e-07,4.6948582899999996e-07,4.12358543e-07,8.448196500000001e-07,1.96299115e-07,2.8954007200000003e-06,63.8762518,14.202749359999999,5.731168909999999e-09,8.75084805,0.00169805206,0.20030975199999998,0.0020303766593000004,0.00022837456575,0.00239163979,0.5423799010000001,0.0020303766593000004,0.00022837456575,0.004728527589999999,3.226019076,0.0020303766593000004,0.00022837456575,0.004022490429999999,1.1296115219999998,0.0020303766593000004,0.00022837456575,2.502619433403015
155,1661690400,8.773969599999999e-05,8.77397758e-05,-0.08601326540000001,5.304379598,0.05465200330000001,0.00708412549,0.0148118803,0.0112403923,4.146610775e-05,0.0003438260164,62.620629099999995,140.1,2.5779180399999997e-05,8.94963141e-06,2.05238312e-06,1.0712809839999999e-06,7.39785439e-07,5.41030592e-07,4.44163655e-07,3.7382033299999993e-07,8.23955462e-07,1.9764532000000002e-07,2.8967060300000002e-06,67.6996809,15.718816249999998,2.43161994e-09,8.8562566,0.0016457580799999999,0.13664355900000003,0.00021583804149999999,2.5059211649999998e-05,0.00230469909,0.29268272100000003,0.00021583804149999999,2.5059211649999998e-05,0.0042515189,1.007889896,0.00021583804149999999,2.5059211649999998e-05,0.0038169070199999995,0.7894242969999999,0.00021583804149999999,2.5059211649999998e-05,2.502614068984985
155,1661691000,9.84428453e-05,9.84429594e-05,-0.03433146870000001,13.015576565999998,0.07458093219999999,0.00703920054,0.014490946000000001,0.011040935999999998,0.00010205595590000001,0.0010393979544999997,60.304194900000006,134.6,2.9761178999999998e-05,1.0180395460000002e-05,2.18465785e-06,1.043981731e-06,7.241827369999999e-07,5.49006254e-07,4.44709446e-07,3.76641876e-07,8.31416593e-07,1.9785827200000003e-07,2.92732152e-06,67.6060419,16.201906049999998,2.78104145e-09,8.84885905,0.0016514230299999998,0.13803362849999995,0.0002708517112,3.132029086e-05,0.00224160128,0.2801552319999999,0.0002708517112,3.132029086e-05,0.004156631589999999,1.031304043,0.0002708517112,3.132029086e-05,0.0038482988299999993,1.0830067549999998,0.0002708517112,3.132029086e-05,2.5027709722518923
155,1661691600,9.267194200000001e-05,9.2671989e-05,-0.0737776807,3.4041958290000003,0.0517781217,0.0074062687099999995,0.0154381828,0.0117752868,3.9470241e-05,0.000358347468,67.5122376,145.8,2.77567972e-05,9.363640180000001e-06,2.15680588e-06,1.0468269599999998e-06,7.04080376e-07,5.37824212e-07,4.3329916199999997e-07,3.7525876400000006e-07,8.46024665e-07,1.96641707e-07,2.91849177e-06,67.43945769999999,15.245322400000001,2.59106113e-09,8.8433655,0.0016756323,0.136394221,0.0001350492899,1.81960301e-05,0.00240068736,0.292371308,0.0001350492899,1.81960301e-05,0.00448619114,1.0429276189999999,0.0001350492899,1.81960301e-05,0.00403343671,0.8951078169999999,0.0001350492899,1.81960301e-05,2.502337670326233
155,1661692200,0.00010078955750000001,0.00010078976,-0.21854900789999993,9.826183113999999,0.061069674100000006,0.00754980578,0.0156603497,0.0120177158,4.41579424e-05,0.0003458425100000001,70.23776180000002,148.7,3.06929176e-05,1.0362087700000001e-05,2.2169460500000003e-06,1.04863976e-06,7.09735787e-07,5.62669768e-07,4.5609826300000007e-07,3.84199004e-07,8.51372623e-07,1.9715685500000003e-07,2.9129718899999998e-06,66.3372653,14.4716264,2.8517744900000003e-09,8.820740749999999,0.0016718369,0.142136255,0.00038469973610000003,4.168792829999999e-05,0.00240327174,0.321067726,0.00038469973610000003,4.168792829999999e-05,0.004614591109999999,1.245137986,0.00038469973610000003,4.168792829999999e-05,0.004116003499999999,0.8839101149999999,0.00038469973610000003,4.168792829999999e-05,2.5026660919189454
155,1661692800,8.72204593e-05,8.722048830000001e-05,0.02156019723,0.22868263926000001,0.0411552127,0.007373189550000001,0.015307044700000003,0.01180454705,1.87481828e-05,0.00012466763709999997,69.17482700000001,138.0,2.52174618e-05,9.192085350000001e-06,2.0814720999999995e-06,1.07870642e-06,7.07289806e-07,5.352028670000001e-07,4.3179458700000005e-07,3.9221501300000007e-07,8.492385099999999e-07,1.97365136e-07,2.9271348500000003e-06,67.63391299999999,15.550331000000003,2.4080264e-09,8.853785900000002,0.00168028068,0.13725421399999999,7.23355835e-05,1.2517342799999999e-05,0.00237396496,0.28098770400000006,7.23355835e-05,1.2517342799999999e-05,0.004398938230000001,0.9529360600000001,7.23355835e-05,1.2517342799999999e-05,0.00410322595,0.838862715,7.23355835e-05,1.2517342799999999e-05,2.5026424646377565
155,1661693400,0.00011007184940000001,0.0001100719398,-0.29318388070000007,7.2915122310000005,0.06180303300000001,0.007565480490000001,0.015534685499999997,0.0117663509,7.5083383e-05,0.0006793795206,67.2132867,152.0,3.35608896e-05,1.186839057e-05,2.45708191e-06,1.0976877e-06,7.40744901e-07,5.56216436e-07,4.5224285100000005e-07,3.83496759e-07,8.22703084e-07,1.9328537200000005e-07,2.90320353e-06,65.7705933,14.499867600000002,3.1547233299999994e-09,8.80335105,0.00168572458,0.14183411299999998,0.00023594691169999998,3.041392915e-05,0.00247118612,0.355831833,0.00023594691169999998,3.041392915e-05,0.0046502476899999996,1.263497578,0.00023594691169999998,3.041392915e-05,0.00401941759,1.1000512930000002,0.00023594691169999998,3.041392915e-05,2.5026669025421144
155,1661694000,0.0011457521919999998,0.0011457522608,-0.9949130827999999,30.715885816999997,0.1453131224,0.00782831053,0.014353159800000001,0.01091287325,0.0039185344273000005,0.039686208782,59.253496000000005,135.0,0.0004588880813,9.340202625e-05,1.1143608549999999e-05,2.130726431e-06,1.290121679e-06,9.402901480000001e-07,6.121212270000001e-07,4.58360728e-07,8.82650836e-07,1.9928136599999997e-07,2.92880078e-06,64.46040939999999,15.9727776,3.788021883999999e-08,8.73435122,0.00170469694,0.34596985900000005,0.030258995566900003,0.002876089306,0.00252706193,2.901946151,0.030258995566900003,0.002876089306,0.004942603649999999,23.056504753,0.030258995566900003,0.002876089306,0.00405750393,6.173980423000001,0.030258995566900003,0.002876089306,2.5026389837265013
155,1661694600,8.863298020000001e-05,8.86330803e-05,0.06201533385000001,9.307743449499998,0.060900664400000006,0.007054322889999999,0.01460567495,0.0111353278,5.065942445e-05,0.0004464208934,61.0769239,137.9,2.65872516e-05,8.6892893e-06,1.98507107e-06,1.0535355899999999e-06,7.1388561e-07,5.275762109999999e-07,4.4665249400000004e-07,3.7149513100000003e-07,8.29277263e-07,1.96805027e-07,2.9151613799999997e-06,67.8320378,15.664139800000001,2.4624086000000004e-09,8.855234800000002,0.0016623689500000001,0.137392243,0.00018270302499999997,2.2972369900000004e-05,0.00226996428,0.28600748700000006,0.00018270302499999997,2.2972369900000004e-05,0.004288985590000001,1.0051504599999999,0.00018270302499999997,2.2972369900000004e-05,0.00376364162,0.820541307,0.00018270302499999997,2.2972369900000004e-05,2.5025991678237913
155,1661695200,7.916648659999999e-05,7.91665765e-05,-0.016222182050000006,1.2898555194999999,0.0461621408,0.00692834363,0.01443095375,0.011079457000000003,2.21262186e-05,0.0001724319431,60.428322,132.5,2.21982941e-05,7.926729779999999e-06,1.92433582e-06,1.05245043e-06,7.5488285e-07,6.88291803e-07,5.092431850000001e-07,4.3544045700000006e-07,9.69922584e-07,2.0018018199999998e-07,2.9234233599999994e-06,68.70210260000002,17.1078174,2.14048446e-09,8.8904557,0.0016789632799999999,0.1439499254,8.636598299999999e-05,1.3418447799999998e-05,0.0022474181500000004,0.252631873,8.636598299999999e-05,1.3418447799999998e-05,0.00411341797,0.8726976860000001,8.636598299999999e-05,1.3418447799999998e-05,0.0036599204900000003,0.691997784,8.636598299999999e-05,1.3418447799999998e-05,2.502627730369568
155,1661695800,8.517867460000001e-05,8.51787189e-05,0.10947585630000001,0.8964409999999999,0.0521707461,0.007187737400000001,0.01504967635,0.01142421565,2.3016641799999997e-05,0.000162186153,64.71853080000001,135.0,2.48948808e-05,8.17857781e-06,1.99445599e-06,1.0690762400000003e-06,7.544175940000001e-07,6.590210069999999e-07,4.77006263e-07,4.39139797e-07,9.7720904e-07,1.95318156e-07,2.95016002e-06,67.9832555,16.095498600000003,2.3364705900000002e-09,8.868351950000001,0.0016884523599999999,0.14498815800000003,0.0001115815634,1.61240053e-05,0.0023183670000000004,0.26707371399999996,0.0001115815634,1.61240053e-05,0.0043036524999999996,0.96627776,0.0001115815634,1.61240053e-05,0.00384430028,0.7575357309999999,0.0001115815634,1.61240053e-05,2.5026350259780883
155,1661696400,0.0001121608405,0.0001121611582,-0.05090275576000001,2.4823086030000003,0.054648366500000004,0.0076884858,0.0158866177,0.01201578025,5.090761270000001e-05,0.0003837356685,69.79720289999999,144.5,3.5499071100000006e-05,1.062542185e-05,2.3147928499999995e-06,1.1389478799999998e-06,7.538615769999998e-07,6.5241264e-07,5.64196159e-07,4.74175434e-07,9.396391119999999e-07,1.9836218899999998e-07,2.91967655e-06,65.8264451,15.0216136,3.21846308e-09,8.81741535,0.00173506808,0.15195717199999997,0.00027907653660000007,3.6425462900000006e-05,0.0024321226700000005,0.313302747,0.00027907653660000007,3.6425462900000006e-05,0.00469323732,1.4342815949999999,0.00027907653660000007,3.6425462900000006e-05,0.00418571675,1.003970158,0.00027907653660000007,3.6425462900000006e-05,2.502659296989441
155,1661697000,7.77462625e-05,7.774641320000001e-05,0.05287237164999999,0.4232485125,0.0410654061,0.006913407639999999,0.0144680675,0.01103391175,1.742177625e-05,0.00010762759710000001,60.5611886,130.2,2.18544393e-05,8.103323930000001e-06,1.91658316e-06,9.71633075e-07,6.91608102e-07,5.57609998e-07,4.60853544e-07,3.8033603900000006e-07,8.180604240000001e-07,1.9695887800000002e-07,2.92176315e-06,69.2165885,16.931642500000002,2.1106961e-09,8.889795600000001,0.00164282784,0.1313307326,8.112168809999999e-05,1.23809367e-05,0.00224194731,0.24909319000000002,8.112168809999999e-05,1.23809367e-05,0.00401709779,0.824117098,8.112168809999999e-05,1.23809367e-05,0.0037700153699999996,0.7362915560000001,8.112168809999999e-05,1.23809367e-05,2.502616024017334
155,1661697600,9.737801040000001e-05,9.73780764e-05,-0.24086821082999998,5.717649525400001,0.0471020177,0.007131634289999999,0.0149505212,0.011242928499999999,6.155543030000001e-05,0.0005663339261,61.0349651,136.0,3.01273645e-05,9.25419545e-06,2.1319397799999997e-06,1.057259301e-06,7.65737457e-07,5.51471685e-07,4.5003252100000005e-07,3.93638727e-07,8.42058631e-07,1.96517634e-07,2.9186577599999998e-06,67.7945702,16.2200627,2.74925589e-09,8.8523733,0.00166843391,0.139594258,0.00023625623440000002,3.1457060650000003e-05,0.0023288092099999994,0.291467965,0.00023625623440000002,3.1457060650000003e-05,0.00431719247,1.213926174,0.00023625623440000002,3.1457060650000003e-05,0.00376938308,0.8567524829999998,0.00023625623440000002,3.1457060650000003e-05,2.50260329246521
155,1661698200,7.345392619999999e-05,7.345395709999999e-05,0.04035843149999999,0.2873114535,0.0367954055,0.006686254380000001,0.014052351400000001,0.010714614649999999,1.532737575e-05,9.761095089999999e-05,56.68706139999999,112.5,1.9952018300000002e-05,7.82716875e-06,1.92512715e-06,1.032821316e-06,6.937080239999999e-07,5.34963205e-07,4.48003534e-07,3.842169930000001e-07,8.25530601e-07,1.96059635e-07,2.9071254000000003e-06,70.1186603,18.535928900000002,1.9746971700000002e-09,8.9095249,0.00164103484,0.13141673,6.16043046e-05,1.0633358669999999e-05,0.0022493953799999997,0.254701049,6.16043046e-05,1.0633358669999999e-05,0.0038373471199999996,0.7664879919999998,6.16043046e-05,1.0633358669999999e-05,0.0036104233900000004,0.6670924330000001,6.16043046e-05,1.0633358669999999e-05,2.502366232872009
155,1661698800,7.767440690000001e-05,7.767450240000001e-05,-0.4291037706,17.566754862999996,0.054374254600000005,0.00606882176,0.012557341699999999,0.00951790971,7.107517670000002e-05,0.0007058722797,44.0734268,111.2,2.1553652960000002e-05,8.26801142e-06,2.0371255199999998e-06,1.007101534e-06,7.043044539999999e-07,5.346320580000001e-07,4.5122035699999996e-07,3.8161738200000003e-07,8.10997668e-07,1.9610278599999998e-07,2.8922667299999996e-06,70.94135250000001,20.57309386,2.11807658e-09,8.9280082,0.0016165574799999998,0.134128741,0.0002077111596,2.7238163069999997e-05,0.0020736027000000006,0.23887366299999999,0.0002077111596,2.7238163069999997e-05,0.00337289997,0.7790043040000001,0.0002077111596,2.7238163069999997e-05,0.00311757956,0.7930904,0.0002077111596,2.7238163069999997e-05,2.5029736280441286
155,1661699400,0.00014764315959999997,0.00014764322499999998,0.2511551032,37.861502592,0.12457587280000001,0.00685769197,0.01365848955,0.0103231178,0.0002285483789,0.0021171425138,52.5192307,145.0,4.96407934e-05,1.456405707e-05,2.4214641999999998e-06,1.153663587e-06,7.188643550000001e-07,5.307597529999999e-07,4.6911518e-07,3.80440048e-07,8.370614880000001e-07,2.01408892e-07,2.90395788e-06,65.52743039999999,15.261990299999999,4.409990480000001e-09,8.781402350000002,0.00163754939,0.144813146,0.0017534583568999998,0.00017331922204999998,0.00220527317,0.377012542,0.0017534583568999998,0.00017331922204999998,0.00414235718,2.2705922739999997,0.0017534583568999998,0.00017331922204999998,0.0035541613300000005,1.142797404,0.0017534583568999998,0.00017331922204999998,2.5023739099502564
155,1661700000,6.375773009999998e-05,6.375779699999999e-05,0.09121009038,1.6576456072999999,0.0431461156,0.00621017931,0.012918658650000001,0.009889339899999999,1.9552518150000003e-05,0.0001619761301,48.9073419,120.3,1.69489457e-05,6.338108530000001e-06,1.6923980200000001e-06,9.470624599999999e-07,6.64525551e-07,5.29578006e-07,4.38739766e-07,3.77554198e-07,8.18439676e-07,1.94671308e-07,2.92875774e-06,71.73175040000001,19.8029263,1.66853592e-09,8.94504785,0.00159148518,0.1235569074,9.611192970000001e-05,1.2844575469999999e-05,0.0020629225599999995,0.210064109,9.611192970000001e-05,1.2844575469999999e-05,0.0035353341499999996,0.6618774289999999,9.611192970000001e-05,1.2844575469999999e-05,0.0032541697599999995,0.548728429,9.611192970000001e-05,1.2844575469999999e-05,2.502621603012085
155,1661700600,5.9373109999999996e-05,5.937320690000001e-05,-0.0031317907000000004,0.7537911186999999,0.0367437374,0.006058406590000001,0.012537472099999999,0.009679015,1.38456493e-05,0.0001114780898,46.302447400000005,94.8,1.5189761700000001e-05,5.96638295e-06,1.67898566e-06,9.33749508e-07,6.59888474e-07,5.267308829999999e-07,4.5380614500000006e-07,3.7327879999999995e-07,8.05196815e-07,1.9792963200000001e-07,2.90083727e-06,72.3208859,20.5955532,1.5272736500000002e-09,8.963332400000002,0.00160386999,0.125130087,5.45607827e-05,8.49381832e-06,0.0020496867599999998,0.20787642600000003,5.45607827e-05,8.49381832e-06,0.0033870203400000005,0.5751513429999999,5.45607827e-05,8.49381832e-06,0.0031590196099999996,0.509240583,5.45607827e-05,8.49381832e-06,2.5025815963745117
155,1661701200,8.80941388e-05,8.80955273e-05,-0.38278811258,23.35276563,0.0759355845,0.00648475528,0.01312552915,0.010070852550000002,8.751977544999999e-05,0.0009026504019000001,51.08391520000001,114.6,2.7396095199999996e-05,7.796249760000001e-06,1.86768353e-06,9.8737729e-07,6.8711191e-07,5.34338481e-07,4.4065009e-07,3.82129072e-07,8.42901742e-07,1.98993995e-07,2.9146865600000006e-06,68.96587559999999,17.5673277,2.45467278e-09,8.87782535,0.0016287918500000002,0.1311511861,0.0006060640202,5.969831722000001e-05,0.00209946237,0.25373300000000004,0.0006060640202,5.969831722000001e-05,0.00378228414,1.0855197099999998,0.0006060640202,5.969831722000001e-05,0.00334277594,0.629911127,0.0006060640202,5.969831722000001e-05,2.5027489185333254
155,1661701800,0.00010361742700000002,0.00010361744960000002,-0.10003144500000002,10.6361315123,0.07556814129999999,0.00673138459,0.013829160799999999,0.0102752782,7.412557184999998e-05,0.0005837351275000001,50.989511199999995,133.3,3.258550995e-05,9.32624261e-06,2.5470252600000005e-06,1.2178024369999999e-06,7.643627409999999e-07,5.89436515e-07,4.58063125e-07,3.78941017e-07,8.44638178e-07,1.98138925e-07,2.8984733e-06,68.2517303,17.974896769999997,2.96118018e-09,8.863856,0.00165967711,0.161132284,0.00043827665329999996,5.079950015e-05,0.0022032762800000003,0.28426536100000005,0.00043827665329999996,5.079950015e-05,0.00398068564,1.3394005349999998,0.00043827665329999996,5.079950015e-05,0.0035032133100000003,0.8987231510000001,0.00043827665329999996,5.079950015e-05,2.5025619983673097
155,1661702400,8.45050321e-05,8.450515450000001e-05,0.20927766750000001,6.924379801000001,0.06044914779999999,0.00673142439,0.0137523567,0.010568500949999999,5.204556545000001e-05,0.0004320134103999999,55.706293499999994,132.3,2.5040723000000002e-05,8.26556183e-06,1.93034154e-06,1.029886821e-06,6.8566937e-07,5.37034331e-07,4.34692027e-07,3.8628425299999996e-07,8.44254176e-07,1.96639488e-07,2.90148993e-06,68.89932099999999,17.2445059,2.33362834e-09,8.87954905,0.00161865476,0.130289775,0.0002271078986,2.644248944e-05,0.0022300640000000004,0.262895635,0.0002271078986,2.644248944e-05,0.0038764278100000002,0.903931824,0.0002271078986,2.644248944e-05,0.0036277722899999997,0.8367894679999999,0.0002271078986,2.644248944e-05,2.502673292160034
155,1661703000,0.0003097882411,0.00030978836159999997,-0.328078237,17.49081531,0.1221704143,0.008532685520000001,0.0174428208,0.012560126500000001,0.0006674252105000002,0.0067317469416000005,71.0681825,155.6,0.00011910423020000002,2.5277452589999998e-05,2.9379664699999994e-06,1.2301947800000002e-06,8.49497001e-07,6.492335529999999e-07,4.87201434e-07,3.98219719e-07,8.483534030000001e-07,1.9413433999999997e-07,2.9176273499999997e-06,61.806007999999984,13.045284380000002,9.84744287e-09,8.6727221,0.001735023,0.1627649196,0.002614118128,0.00031484703619999996,0.0025931525399999996,0.5831661519999999,0.002614118128,0.00031484703619999996,0.00540736945,4.8832134929999995,0.002614118128,0.00031484703619999996,0.00470287668,2.931293933,0.002614118128,0.00031484703619999996,2.502603793144226
155,1661703600,0.00010307531609999999,0.00010307541640000001,0.0364749565,1.364039155,0.05584440240000001,0.007755916890000001,0.0162530464,0.0122423352,3.17442833e-05,0.000204043552,72.9125861,148.5,3.2104285399999996e-05,1.0065714319999999e-05,2.24854002e-06,1.0907194499999998e-06,7.22387e-07,5.538415850000001e-07,4.47278069e-07,3.72319901e-07,8.209785510000001e-07,1.9696736700000003e-07,2.9146572599999998e-06,66.2232158,14.079218899999997,2.9318107799999998e-09,8.812323600000001,0.00168940332,0.141052139,0.0001564531347,2.43148354e-05,0.0024299432599999998,0.309759347,0.0001564531347,2.43148354e-05,0.00488000079,1.302181816,0.0001564531347,2.43148354e-05,0.00417541055,0.9151794729999999,0.0001564531347,2.43148354e-05,2.502541017532349
155,1661704200,9.919577100000001e-05,9.919580200000002e-05,0.097999265,1.2133150567999997,0.0546305923,0.00776145405,0.0161375594,0.01235478735,2.98527226e-05,0.00023835118590000005,73.7814692,147.7,3.01229956e-05,9.92305765e-06,2.3977432099999998e-06,1.1128090600000002e-06,7.14550454e-07,5.360133979999999e-07,4.5394679400000003e-07,3.80998854e-07,8.436821479999999e-07,1.98511128e-07,2.9132761400000004e-06,66.18987660000002,14.2806208,2.7974744e-09,8.8173126,0.0016879151500000002,0.141002199,0.0001087223306,1.69797614e-05,0.0024959440499999997,0.316339198,0.0001087223306,1.69797614e-05,0.004787596199999999,1.15667678,0.0001087223306,1.69797614e-05,0.00427808073,0.9362470110000001,0.0001087223306,1.69797614e-05,2.5027312517166136
155,1661704800,0.0001260878971,0.0001260879236,-0.06741458096000003,11.1948855395,0.0797829148,0.007816533930000001,0.0160539226,0.01212783305,8.79191227e-05,0.0007141905696,70.4090925,145.7,4.1430782999999997e-05,1.150673486e-05,2.5069718800000004e-06,1.219380417e-06,7.794354860000001e-07,5.8364165e-07,4.81311868e-07,4.2977146300000003e-07,9.09492431e-07,1.98107992e-07,2.99800418e-06,65.417731,14.5539003,3.67303666e-09,8.79419435,0.0017278669699999998,0.155007696,0.0003386094761,4.30338538e-05,0.00248718482,0.36308083700000005,0.0003386094761,4.30338538e-05,0.00478262874,1.501140498,0.0003386094761,4.30338538e-05,0.00428862271,1.287742319,0.0003386094761,4.30338538e-05,2.503192687034607
155,1661705400,0.00017622210659999998,0.0001762221436,0.4228410315000001,27.9870533824,0.1256108127,0.0072654971200000005,0.0146484569,0.0111775567,0.0003304514682499999,0.0034021977606,62.50174870000001,135.1,6.344963750000001e-05,1.4456768709999999e-05,2.26998371e-06,1.181654065e-06,8.047608940000001e-07,6.37583668e-07,5.25441829e-07,4.500202389999999e-07,9.52236976e-07,2.1262183799999998e-07,3.1703415100000004e-06,66.4464152,16.11432423,5.34345217e-09,8.809096900000002,0.0017045860900000002,0.151387482,0.0028669337799000004,0.00027545759794999995,0.0023222422200000004,0.318283334,0.0028669337799000004,0.00027545759794999995,0.0043201262200000005,2.783669421,0.0028669337799000004,0.00027545759794999995,0.0039862714200000005,1.4737599850000003,0.0028669337799000004,0.00027545759794999995,2.501934766769409
155,1661706000,6.87997531e-05,6.87998394e-05,0.015785820984,0.16028311920000002,0.03576203160000001,0.006571000820000001,0.013571232499999999,0.0105111659,1.3531505000000001e-05,9.13493944e-05,55.882866599999986,118.9,1.8464303e-05,7.1374686899999996e-06,1.8492864199999999e-06,9.798114969999998e-07,6.881386999999999e-07,5.35419419e-07,4.4964937300000006e-07,3.73588031e-07,8.22938333e-07,2.0105817599999998e-07,2.8981177e-06,70.518588,18.4819997,1.8234384099999998e-09,8.923764,0.0016378681500000003,0.13029884500000002,5.220529539999999e-05,9.254298059999999e-06,0.00219886028,0.23563961,5.220529539999999e-05,9.254298059999999e-06,0.0037455382900000002,0.6934443170000001,5.220529539999999e-05,9.254298059999999e-06,0.0035365853600000004,0.627937983,5.220529539999999e-05,9.254298059999999e-06,2.502685713768005
155,1661706600,8.76441816e-05,8.76442256e-05,0.5787677491,14.194293532899996,0.0701791037,0.00692372166,0.014313058600000001,0.0109580094,6.0027762049999986e-05,0.0005873463271000001,60.32867110000001,132.8,2.67709466e-05,8.04709373e-06,1.94349785e-06,1.045255214e-06,7.0849489e-07,5.52536e-07,4.2137600699999995e-07,3.85161957e-07,8.279391139999998e-07,1.97615816e-07,2.9221114799999997e-06,68.25125779999999,16.2383648,2.4307735900000004e-09,8.8629936,0.00165448274,0.135191862,0.0004155676145999999,4.31354391e-05,0.0022715518100000004,0.261813214,0.0004155676145999999,4.31354391e-05,0.004168810930000001,1.0563311270000002,0.0004155676145999999,4.31354391e-05,0.00364527405,0.772089435,0.0004155676145999999,4.31354391e-05,2.502763843536377
155,1661707200,0.00012257794960000002,0.00012257808600000004,-0.11120982325000002,5.014150216999999,0.058848322200000004,0.007584525040000001,0.0155955368,0.01170773395,8.208502559999998e-05,0.0006086323013999998,66.94580540000001,145.4,3.9959624699999996e-05,1.2054373539999998e-05,2.10771309e-06,1.1269897299999998e-06,7.18728747e-07,5.524353890000002e-07,4.49802472e-07,3.78037132e-07,8.227149720000001e-07,1.9767421600000002e-07,2.92091569e-06,66.17412110000001,14.856176969999998,3.58840263e-09,8.8072898,0.00168235532,0.139976785,0.0007783622423,8.505542385000001e-05,0.00238042294,0.31727190899999996,0.0007783622423,8.505542385000001e-05,0.00476214101,1.7890762529999997,0.0007783622423,8.505542385000001e-05,0.00403513764,0.9754807589999999,0.0007783622423,8.505542385000001e-05,2.5025702238082888
155,1661707800,9.17144562e-05,9.17146195e-05,0.49089314900000003,11.435374531999997,0.0740183047,0.007361490650000001,0.0153498883,0.0117247144,4.0123259e-05,0.00035829662599999996,66.98776259999998,141.0,2.7354503000000002e-05,8.825824869999998e-06,2.3138430500000003e-06,1.14935227e-06,8.058969560000001e-07,5.693927e-07,4.67853534e-07,3.879946190000001e-07,8.3430217e-07,1.99646538e-07,2.94868961e-06,67.04966769999999,15.11343235,2.54727605e-09,8.84600205,0.0016804020099999996,0.157166043,0.0001309131157,1.8845068269999998e-05,0.00232561405,0.288996908,0.0001309131157,1.8845068269999998e-05,0.00450487933,1.057155289,0.0001309131157,1.8845068269999998e-05,0.00399945087,0.827694846,0.0001309131157,1.8845068269999998e-05,2.50258355140686
155,1661708400,7.38195161e-05,7.38195666e-05,0.00229410307,0.22943411859999996,0.0367155265,0.00679392045,0.0140768116,0.01088033375,1.49144663e-05,9.464639350000001e-05,59.297202799999994,125.6,2.06031571e-05,7.3453128599999994e-06,1.9419515100000003e-06,1.0138312779999999e-06,6.74219956e-07,5.56617012e-07,4.38101612e-07,3.82961135e-07,8.420586469999999e-07,1.96422772e-07,2.9149408600000002e-06,69.679167,17.4628656,1.98330463e-09,8.9025433,0.0016536589800000001,0.132571023,6.786261529999999e-05,1.1285205e-05,0.0022456246899999997,0.248675756,6.786261529999999e-05,1.1285205e-05,0.003982156820000001,0.795909933,6.786261529999999e-05,1.1285205e-05,0.0036117701200000006,0.6467451799999999,6.786261529999999e-05,1.1285205e-05,2.502634882926941
155,1661709000,7.2872699e-05,7.2872835e-05,0.026849618464999996,0.32867183069999995,0.0422104171,0.00671831071,0.014005954299999998,0.0107988002,1.5067865300000001e-05,9.372211550000001e-05,58.0541957,123.8,1.97561069e-05,7.68888436e-06,1.9741628800000005e-06,1.0068620869999998e-06,6.936054170000001e-07,5.52992991e-07,4.4522760800000003e-07,3.79415681e-07,8.343912120000001e-07,2.00104948e-07,2.90442777e-06,69.68576420000001,17.731734449999998,1.9512418599999996e-09,8.905700900000003,0.0016434383,0.13136527339999998,5.3941715500000005e-05,9.547880650000001e-06,0.00223837776,0.24853331299999998,5.3941715500000005e-05,9.547880650000001e-06,0.0039164202199999994,0.7543721650000001,5.3941715500000005e-05,9.547880650000001e-06,0.0036335398899999998,0.6639500519999999,5.3941715500000005e-05,9.547880650000001e-06,2.5026180028915403
155,1661709600,8.75960752e-05,8.75962298e-05,-0.15394917540000003,4.6842327500000005,0.0493941505,0.006949371960000001,0.014321705700000001,0.010997276499999998,4.98713059e-05,0.0003646609365,59.979021599999996,130.8,2.6583452600000002e-05,8.15791004e-06,2.0190624999999998e-06,1.022945384e-06,6.96015902e-07,5.4392772e-07,4.5162574300000004e-07,3.7652438299999995e-07,8.33131531e-07,1.99083355e-07,2.9144331e-06,68.48159869999999,16.6796018,2.42994063e-09,8.872893000000001,0.0016460069300000002,0.13250530800000002,0.00022433723679999998,2.888175195e-05,0.00226485093,0.26174902399999994,0.00022433723679999998,2.888175195e-05,0.0041143632,1.0167992260000003,0.00022433723679999998,2.888175195e-05,0.0037395812499999995,0.8085646069999999,0.00022433723679999998,2.888175195e-05,2.5025907516479493
155,1661710200,0.000132922314,0.00013292234279999997,0.0447615717,4.174336297,0.07015575560000001,0.007286026089999999,0.01540985135,0.011182539549999999,0.00010473339329999999,0.000903652867,59.23251749999999,144.4,4.46858082e-05,1.2298132349999998e-05,2.31880728e-06,1.1186850569999999e-06,7.09448995e-07,5.625277410000001e-07,4.525433789999999e-07,3.84567196e-07,8.21976513e-07,1.99149683e-07,2.9093537299999997e-06,67.24928799999999,16.388886699999997,3.94059774e-09,8.82834715,0.00167247461,0.144010556,0.0010326869855,0.00010548779215,0.00238874862,0.34742475799999994,0.0010326869855,0.00010548779215,0.00445861182,2.056323966,0.0010326869855,0.00010548779215,0.00380132342,0.973265344,0.0010326869855,0.00010548779215,2.502575135231018
155,1661710800,9.708976900000001e-05,9.70898624e-05,0.19360461926,12.884680619760001,0.0665829593,0.0072790052600000005,0.015123467600000001,0.011560474749999999,6.751228979999998e-05,0.0006524112086,66.2342665,142.9,2.9219232e-05,1.011339406e-05,2.1202872100000002e-06,1.04734054e-06,6.96122707e-07,5.54632953e-07,4.5575954999999996e-07,3.89549291e-07,8.35694803e-07,1.9732204499999998e-07,2.91555705e-06,67.0626048,15.147178149999998,2.73630208e-09,8.833982350000001,0.0016524879400000002,0.132901156,0.00030081095840000003,3.35060594e-05,0.00234362416,0.306491676,0.00030081095840000003,3.35060594e-05,0.00442416074,1.087141946,0.00030081095840000003,3.35060594e-05,0.00395072674,0.968249088,0.00030081095840000003,3.35060594e-05,2.5027517318725585
155,1661711400,8.43514568e-05,8.43514893e-05,-0.32998770469000005,16.1132341505,0.0658952939,0.0066947809600000005,0.0136622505,0.010464046099999999,5.5995523400000006e-05,0.000551304886,54.884615499999995,128.6,2.4531324600000002e-05,8.53135028e-06,2.02524277e-06,1.0721770499999998e-06,7.25369413e-07,5.51582458e-07,4.41803961e-07,3.7637384e-07,8.238333380000001e-07,1.9612152699999997e-07,2.90040233e-06,68.5489436,16.809852399999997,2.32455557e-09,8.8745321,0.00165357743,0.136481776,0.00028994434179999997,3.3304664849999997e-05,0.0022143412700000005,0.25320674200000004,0.00028994434179999997,3.3304664849999997e-05,0.00386719838,0.948988959,0.00028994434179999997,3.3304664849999997e-05,0.0036129532200000003,0.797422222,0.00028994434179999997,3.3304664849999997e-05,2.5024760961532593
155,1661712000,6.93698529e-05,6.9369888e-05,0.03606314789,0.2524910503,0.03600290939999999,0.006591963939999999,0.013696714500000002,0.010550214950000001,1.4278794e-05,0.0001034120571,55.615384299999995,114.5,1.86246191e-05,7.12915413e-06,1.9169781200000003e-06,1.0003542700000001e-06,7.11506246e-07,5.318765480000001e-07,4.4875849700000006e-07,3.9158912299999997e-07,8.240586960000001e-07,2.0076781900000002e-07,2.90520841e-06,70.3730634,18.382985400000003,1.83928103e-09,8.9211276,0.0016543238500000002,0.132125617,6.79680184e-05,1.0122575050000001e-05,0.00222527782,0.24416125400000005,6.79680184e-05,1.0122575050000001e-05,0.00373094504,0.6935204620000001,6.79680184e-05,1.0122575050000001e-05,0.0035956013699999997,0.634600614,6.79680184e-05,1.0122575050000001e-05,2.5026495933532713
155,1661712600,8.17161824e-05,8.17162367e-05,0.024439789314000003,0.201581803,0.0390066773,0.00714453485,0.014878851600000001,0.011473239799999998,1.58788523e-05,9.359810580000001e-05,65.4370629,132.4,2.31441049e-05,8.59106095e-06,2.06968541e-06,1.0418710000000002e-06,7.08134681e-07,5.56153541e-07,4.46522964e-07,3.8175143300000005e-07,8.35393704e-07,1.93425679e-07,2.8898837700000003e-06,68.2852845,16.1994513,2.23436045e-09,8.872545,0.0016798653599999999,0.137190411,7.0209353e-05,1.152914e-05,0.0023303827899999996,0.2676503,7.0209353e-05,1.152914e-05,0.004249064950000001,0.8871865700000001,7.0209353e-05,1.152914e-05,0.00389886753,0.76157518,7.0209353e-05,1.152914e-05,2.5026135206222535
155,1661713200,7.08616785e-05,7.08617222e-05,0.026594563999999987,2.8761472306,0.05032819039999999,0.006574512120000001,0.013657534099999999,0.01049742985,2.2194810200000004e-05,0.0001868477637,54.711538899999994,125.0,1.91500794e-05,7.2834046899999994e-06,1.9482128699999997e-06,1.0330622070000001e-06,7.24028196e-07,5.44175878e-07,4.42569725e-07,3.7657501499999997e-07,8.295382110000001e-07,1.9671355899999999e-07,2.90236311e-06,70.0710011,18.1647581,1.8882983900000003e-09,8.91470075,0.00164209386,0.13970186099999998,8.73586808e-05,1.1596102329999999e-05,0.00218003684,0.24715873300000002,8.73586808e-05,1.1596102329999999e-05,0.00376811511,0.722139025,8.73586808e-05,1.1596102329999999e-05,0.00351284055,0.634352905,8.73586808e-05,1.1596102329999999e-05,2.502581810951233
155,1661713800,8.756687889999999e-05,8.7566906e-05,0.03967767866000001,0.2547319387,0.04247477660000001,0.007396337400000001,0.0155066858,0.011875251799999998,1.8280034599999997e-05,0.00010493672159999998,68.942308,135.4,2.5631433000000004e-05,8.906816550000002e-06,2.16174252e-06,1.0779383799999998e-06,7.17945946e-07,5.324059010000001e-07,4.52647251e-07,3.7499706699999996e-07,8.166923020000001e-07,1.989082e-07,2.91182665e-06,67.68833389999999,15.396362499999999,2.42456589e-09,8.85374535,0.00169251185,0.139782679,7.76276549e-05,1.34765641e-05,0.0023810355899999995,0.280485708,7.76276549e-05,1.34765641e-05,0.004524478110000001,1.00707864,7.76276549e-05,1.34765641e-05,0.00400973273,0.795307134,7.76276549e-05,1.34765641e-05,2.502617907524109
155,1661714400,0.0002802431905,0.000280243259,-0.6585196365,41.862702687399995,0.14863015829999998,0.008417472620000001,0.0169529587,0.01238823165,0.00047726296400000005,0.00472652301,68.1241262,160.0,9.9572856e-05,2.7632406849999998e-05,4.79352454e-06,1.7201999700000002e-06,8.95314659e-07,6.2928759e-07,5.045934480000001e-07,3.97295024e-07,8.54741629e-07,2.0017205500000001e-07,2.92117268e-06,60.9738432,13.330975630000001,8.75735551e-09,8.6692829,0.00172168871,0.20961636599999997,0.0024039432405,0.0002467105652,0.00254820381,0.6781020170000001,0.0024039432405,0.0002467105652,0.00536964149,3.7703038899999997,0.0024039432405,0.0002467105652,0.004573875600000001,3.065050555,0.0024039432405,0.0002467105652,2.502738332748413
155,1661715000,8.550293399999999e-05,8.550302880000001e-05,-0.16232275774,8.092000774999999,0.06371724929999999,0.00695125026,0.01419164625,0.01093007835,4.798914620000001e-05,0.00047048221619999995,60.218531000000006,140.7,2.5293729000000004e-05,8.34085472e-06,1.99962388e-06,1.027945363e-06,7.028360049999999e-07,5.54405493e-07,4.4935407699999995e-07,3.88956427e-07,8.41914667e-07,2.0033064999999997e-07,2.95143032e-06,68.35790519999999,16.258860249999998,2.35826085e-09,8.86811175,0.00164337855,0.137032807,0.00029503643269999995,3.1872745149999994e-05,0.0022678842799999993,0.265585863,0.00029503643269999995,3.1872745149999994e-05,0.0040823888199999995,0.9923185199999999,0.00029503643269999995,3.1872745149999994e-05,0.0037471041499999996,0.764754043,0.00029503643269999995,3.1872745149999994e-05,2.502613925933838
155,1661715600,7.44058276e-05,7.44059098e-05,0.0982232014,2.932207855,0.05331283840000001,0.0067511488000000005,0.013978471050000002,0.01075542965,1.98275343e-05,0.0001552664544,58.185314899999995,123.7,2.0598411e-05,7.491203509999999e-06,1.96267698e-06,1.02667206e-06,7.29063971e-07,5.57052832e-07,4.6263177900000005e-07,4.10333415e-07,8.33770144e-07,1.9936828099999998e-07,2.93174741e-06,69.693446,17.5860518,1.9979429399999997e-09,8.9066615,0.00163441072,0.135115453,0.0001005484869,1.3634896020000003e-05,0.00222922329,0.25288045800000003,0.0001005484869,1.3634896020000003e-05,0.00398918356,0.8159344510000001,0.0001005484869,1.3634896020000003e-05,0.00357918562,0.639364508,0.0001005484869,1.3634896020000003e-05,2.50256142616272
155,1661716200,9.465313219999999e-05,9.46531714e-05,0.0003653912000000009,1.510031087,0.0532985847,0.007412262849999999,0.015380800000000003,0.01180027595,3.49728678e-05,0.0003022706846,67.4038467,131.2,2.85314744e-05,9.552473359999999e-06,2.0767669000000004e-06,1.1026081249999998e-06,7.39098182e-07,5.45935444e-07,4.6750004899999994e-07,3.7344052600000004e-07,8.31232859e-07,1.97462616e-07,2.90833749e-06,67.33300490000002,15.7051814,2.65865475e-09,8.8441722,0.00168176349,0.13924467799999998,9.988596670000001e-05,1.7422909840000002e-05,0.0023834943599999998,0.29687633399999996,9.988596670000001e-05,1.7422909840000002e-05,0.00456098231,1.1248391239999997,9.988596670000001e-05,1.7422909840000002e-05,0.00401082231,0.862790689,9.988596670000001e-05,1.7422909840000002e-05,2.5024859428405763
155,1661716800,0.00011838507419999998,0.00011838514419999999,-0.022896599779999992,4.9004305603,0.06654340800000001,0.007357155800000001,0.014847547800000003,0.011308798850000001,9.65268737e-05,0.0008623295466000001,63.7150354,142.1,4.0179732150000006e-05,9.48447912e-06,2.2875410400000003e-06,1.11946552e-06,7.559183289999999e-07,5.67978938e-07,4.5457201099999996e-07,3.96184209e-07,8.258084469999999e-07,1.99810881e-07,2.92107242e-06,66.8297987,15.70839756,3.4525953000000004e-09,8.822525950000001,0.0016839539099999998,0.14752558200000002,0.00045112905509999996,5.9732246450000005e-05,0.0023695166099999996,0.309689017,0.00045112905509999996,5.9732246450000005e-05,0.004523429319999999,1.675644364,0.00045112905509999996,5.9732246450000005e-05,0.0038994421300000007,0.970728784,0.00045112905509999996,5.9732246450000005e-05,2.502740168571472
155,1661717400,7.691757599999998e-05,7.691764030000001e-05,0.02641289296,0.4271328156,0.0399931728,0.00689276218,0.014391510350000001,0.011031572200000003,1.6797777e-05,0.0001031490525,61.23951149999999,126.6,2.1645373299999995e-05,7.86453161e-06,1.93624411e-06,9.869273890000002e-07,6.981638769999999e-07,5.42758715e-07,4.54382121e-07,3.8797245600000007e-07,8.38856038e-07,1.95627289e-07,2.9079167699999998e-06,69.33420299999997,16.93025395,2.08682512e-09,8.8936149,0.00164133504,0.13166693799999998,6.492889760000001e-05,1.1594617699999998e-05,0.00227415176,0.254219047,6.492889760000001e-05,1.1594617699999998e-05,0.004124396830000001,0.8420338230000001,6.492889760000001e-05,1.1594617699999998e-05,0.00370070112,0.6892322940000001,6.492889760000001e-05,1.1594617699999998e-05,2.5027174949645996
155,1661718000,0.00010178761920000001,0.00010178781110000001,1.2028823671,21.775432106000004,0.14099850239999998,0.006897860170000001,0.01401652705,0.01049648835,6.47720746e-05,0.0005615069312,55.92132949999999,137.6,2.527545885e-05,1.020255388e-05,3.50310902e-06,2.13587961e-06,1.517699414e-06,1.0966712409999998e-06,8.701479289999998e-07,6.987405e-07,1.4519982939999998e-06,2.3281108599999997e-07,3.90891062e-06,67.7265879,19.3945807,2.69008537e-09,8.917497999999998,0.0018412300199999998,0.287897074,0.0002006924164,2.320482365e-05,0.00240302271,0.41331533700000006,0.0002006924164,2.320482365e-05,0.00394915827,0.986184918,0.0002006924164,2.320482365e-05,0.0036605823400000003,0.8066389490000001,0.0002006924164,2.320482365e-05,2.5025540590286255
155,1661718600,6.38695482e-05,6.38696058e-05,0.875840572113,14.306583870999997,0.1188786576,0.006124678850000001,0.0125918246,0.00967558775,1.7127135959999996e-05,0.000137203357,47.122378499999996,100.6,1.45537532e-05,6.93488029e-06,2.08291149e-06,1.2431601829999999e-06,8.975168549999999e-07,7.027857810000001e-07,5.832833759999999e-07,4.882764590000001e-07,1.0225198950000002e-06,2.05619422e-07,3.220034e-06,71.08801550000001,21.6149709,1.61099301e-09,8.9668555,0.0016827528600000003,0.169946489,4.25583637e-05,7.27758196e-06,0.00212974559,0.251324544,4.25583637e-05,7.27758196e-06,0.0033260645000000007,0.554687058,4.25583637e-05,7.27758196e-06,0.003236963,0.530626589,4.25583637e-05,7.27758196e-06,2.5025706768035887
155,1661719200,6.633553690000001e-05,6.63355739e-05,0.34347122620000003,5.199401395,0.0827956234,0.006341320490000001,0.013214439800000002,0.01013949565,1.67396897e-05,0.00012861550759999998,51.4230776,115.0,1.6842723000000004e-05,6.8524016e-06,1.97007192e-06,1.0702833939999998e-06,7.69588465e-07,6.227130970000002e-07,5.03974244e-07,4.2324570300000006e-07,8.990279969999998e-07,2.0108588000000002e-07,3.01266404e-06,70.6453002,19.687468399999997,1.72201061e-09,8.940517700000001,0.0016640618100000001,0.150500853,6.4368711e-05,9.521374329999998e-06,0.00215078106,0.23390886799999996,6.4368711e-05,9.521374329999998e-06,0.0035149701899999997,0.627405388,6.4368711e-05,9.521374329999998e-06,0.0034107444800000005,0.5959351479999999,6.4368711e-05,9.521374329999998e-06,2.5026281595230104
155,1661719800,6.82200785e-05,6.822016859999999e-05,0.02053432098,0.43100731999999997,0.0388156624,0.006491257709999999,0.013470034799999999,0.0103290282,1.4324451349999998e-05,9.743121879999999e-05,53.652098699999996,123.0,1.8364874450000002e-05,6.99639407e-06,1.7962446399999998e-06,9.71241324e-07,6.87814851e-07,5.21745852e-07,4.3971603900000005e-07,3.89131446e-07,8.278458750000001e-07,1.9515057099999995e-07,2.9198234200000002e-06,70.71409100000001,18.626485100000004,1.80536373e-09,8.925898400000001,0.0016194104099999998,0.127376774,5.59475922e-05,9.81318813e-06,0.00220682413,0.242480473,5.59475922e-05,9.81318813e-06,0.00376517603,0.709798592,5.59475922e-05,9.81318813e-06,0.00340167939,0.591088563,5.59475922e-05,9.81318813e-06,2.5026206016540526
155,1661720400,9.904988490000002e-05,9.904995350000002e-05,0.13279445689999997,1.923057221,0.0555454024,0.00743484665,0.015422942750000002,0.0116130206,3.65398686e-05,0.000244310552,65.9213288,149.1,3.0339591399999995e-05,9.781705179999999e-06,2.2319370900000003e-06,1.115555084e-06,7.327462589999999e-07,5.46979738e-07,4.39286287e-07,3.8326330099999996e-07,8.377018309999998e-07,1.9845808300000003e-07,2.91764613e-06,66.90460930000002,15.2773219,2.79748001e-09,8.8333999,0.00169774011,0.141886499,0.0001403506934,2.312501984e-05,0.00241016215,0.300865233,0.0001403506934,2.312501984e-05,0.00446026989,1.1782592910000003,0.0001403506934,2.312501984e-05,0.004096249729999999,0.9243196539999999,0.0001403506934,2.312501984e-05,2.502604341506958
155,1661721000,8.80754901e-05,8.80755725e-05,0.025587035199999997,0.554161435,0.043312994,0.007316323129999999,0.015307820950000004,0.0116757821,2.1034348199999997e-05,0.0001458549034,66.60839179999999,137.0,2.5880122600000003e-05,8.964339000000002e-06,2.17278461e-06,1.02952876e-06,7.00294817e-07,5.29307347e-07,4.5148090599999997e-07,3.7812440700000005e-07,8.152254590000001e-07,1.97288337e-07,2.9192508599999998e-06,67.7384811,15.638795599999998,2.4428381400000002e-09,8.8553587,0.00166626734,0.13480957400000002,0.0001014361901,1.534955815e-05,0.0023802009300000005,0.28452774,0.0001014361901,1.534955815e-05,0.0044400128199999995,1.0128495960000001,0.0001014361901,1.534955815e-05,0.00394238092,0.798322949,0.0001014361901,1.534955815e-05,2.5025593996047975
155,1661721600,9.706585379999999e-05,9.706595520000001e-05,-0.016151857999999998,1.3332794645,0.0481494634,0.007391575600000001,0.01554027,0.011745213800000001,3.37999844e-05,0.0002207578082,66.0961555,144.9,2.8916165500000002e-05,1.024975864e-05,2.23166217e-06,1.08203128e-06,7.195080360000001e-07,5.36850512e-07,4.5270670299999993e-07,3.9488615700000005e-07,8.38737396e-07,1.9860643399999998e-07,2.9120166200000004e-06,67.2026917,15.616800750000001,2.7334326500000006e-09,8.843047,0.00169033047,0.1393178854,0.0001500511009,2.1965240599999997e-05,0.00238909224,0.30348587499999996,0.0001500511009,2.1965240599999997e-05,0.00443129795,1.122226883,0.0001500511009,2.1965240599999997e-05,0.0040193762899999996,0.9221382520000001,0.0001500511009,2.1965240599999997e-05,2.5026910305023193
155,1661722200,7.17245947e-05,7.172464950000001e-05,-0.00357534714,0.14549532272000001,0.0359049781,0.006719294339999999,0.01377696745,0.010723258250000001,1.3455571149999998e-05,9.1340268e-05,58.209790299999995,122.3,1.9978118999999996e-05,7.025437019999999e-06,1.90383195e-06,1.0018310399999998e-06,6.96210822e-07,5.18337721e-07,4.5643596e-07,3.78352566e-07,8.017359640000001e-07,1.9814224500000002e-07,2.90382984e-06,70.1020129,17.8914964,1.91924818e-09,8.912516700000001,0.0016538183299999998,0.132614701,5.5144227800000006e-05,9.415599819999998e-06,0.00220193705,0.23800289500000002,5.5144227800000006e-05,9.415599819999998e-06,0.0039449045399999995,0.7533941180000001,5.5144227800000006e-05,9.415599819999998e-06,0.00361637416,0.646271825,5.5144227800000006e-05,9.415599819999998e-06,2.5026094198226927
155,1661722800,6.0029350600000005e-05,6.0029382399999995e-05,0.0150407553,0.08182563970000001,0.0362103853,0.00614842735,0.012729289,0.00985258345,1.044856558e-05,6.61446378e-05,48.078670800000005,101.0,1.5192184799999999e-05,6.05915904e-06,1.7848754799999998e-06,1.004069853e-06,6.89894834e-07,5.31849086e-07,4.3353709700000006e-07,3.82947941e-07,8.34368123e-07,2.0005657e-07,2.90145478e-06,72.0656286,20.6360238,1.5444180699999998e-09,8.960033300000001,0.0016151012400000002,0.12670873600000002,3.57503665e-05,7.153583679999999e-06,0.00209982339,0.216092124,3.57503665e-05,7.153583679999999e-06,0.00347078538,0.5926174879999999,3.57503665e-05,7.153583679999999e-06,0.0031823257799999997,0.501372165,3.57503665e-05,7.153583679999999e-06,2.5026840686798097
155,1661723400,0.0001000237108,0.00010002377290000001,-0.36411434176599994,11.954086507,0.06387619909999999,0.0071941949800000005,0.014758552099999999,0.0112294107,7.858041129999998e-05,0.0007296424236,62.145104,139.2,3.1767464e-05,9.19214446e-06,1.9811564200000005e-06,1.0569048300000002e-06,6.949338539999999e-07,5.507805509999999e-07,4.40784443e-07,3.96512139e-07,8.224149850000001e-07,1.9647155600000002e-07,2.9122900499999997e-06,66.83869480000001,15.043183699999997,2.8387253800000003e-09,8.8270501,0.0016582338,0.134358026,0.0003160744549999999,3.618258205000001e-05,0.00232262691,0.285887495,0.0003160744549999999,3.618258205000001e-05,0.0043454642,1.1512612309999999,0.0003160744549999999,3.618258205000001e-05,0.00387661428,1.000762585,0.0003160744549999999,3.618258205000001e-05,2.5025769472122192
155,1661724000,6.65675913e-05,6.65676453e-05,0.022393651100000002,0.26249661926,0.03414392040000001,0.00640831551,0.01331268735,0.0102383405,1.32987983e-05,8.34392493e-05,52.510489500000006,110.4,1.75431795e-05,6.9031304300000005e-06,1.8227848700000001e-06,1.00741203e-06,7.19123994e-07,5.228463339999998e-07,4.42822917e-07,3.85584388e-07,8.25411108e-07,1.92372113e-07,2.9190433000000003e-06,71.00346239999999,19.3271704,1.7524783499999998e-09,8.9349739,0.0016439355500000002,0.132167791,5.35155547e-05,9.000308599999999e-06,0.0021731270599999997,0.23285015500000003,5.35155547e-05,9.000308599999999e-06,0.0036771184400000005,0.677671921,5.35155547e-05,9.000308599999999e-06,0.0033609720199999998,0.582519703,5.35155547e-05,9.000308599999999e-06,2.5026086568832397
155,1661724600,0.00010340138340000002,0.0001034014949,-0.3344588516000001,8.416430167,0.0497125717,0.00693288201,0.014292723599999998,0.010737548199999999,0.00010036980379999998,0.0010009109734999998,56.4650352,134.0,3.2340812299999995e-05,1.000064669e-05,2.22649657e-06,1.0938540189999998e-06,7.138827739999999e-07,5.37603225e-07,4.48480706e-07,3.76125011e-07,8.39848024e-07,2.0057314399999997e-07,2.92236927e-06,68.19147719999998,17.192515499999995,2.9512918000000002e-09,8.862836,0.0016562963900000002,0.139224655,0.00047070486900000006,4.97704493e-05,0.00230557475,0.33155278399999993,0.00047070486900000006,4.97704493e-05,0.004118588090000001,1.249423773,0.00047070486900000006,4.97704493e-05,0.0036624012400000004,0.9561025969999999,0.00047070486900000006,4.97704493e-05,2.502642583847046
155,1661725200,6.66472807e-05,6.664729789999998e-05,0.03079648873,0.4995432490000001,0.039107551799999994,0.0063904491899999995,0.013310921699999997,0.01016805985,1.5211281899999999e-05,9.716843660000001e-05,51.881119,123.8,1.8111636600000003e-05,6.457843830000002e-06,1.81691494e-06,9.488711520000001e-07,6.74602809e-07,5.347568889999999e-07,4.490697479999999e-07,3.9158083600000003e-07,8.263746530000002e-07,2.02388884e-07,2.9095913300000006e-06,71.0734745,19.0636218,1.7574617999999998e-09,8.9323193,0.0016193983800000002,0.1277176025,7.502679089999999e-05,1.111666619e-05,0.0021213634099999995,0.223259261,7.502679089999999e-05,1.111666619e-05,0.00367907803,0.6958290089999999,7.502679089999999e-05,1.111666619e-05,0.0033557398099999997,0.5801863850000001,7.502679089999999e-05,1.111666619e-05,2.502633810043335
155,1661725800,7.076353440000001e-05,7.07636613e-05,0.06002992567399999,0.3585848545,0.03811806129999999,0.006611963430000001,0.0138772693,0.0105933408,1.51650093e-05,9.371089250000001e-05,55.83566410000001,120.1,1.9573084899999998e-05,7.027636459999999e-06,1.8141352500000003e-06,9.653164769999998e-07,7.05635075e-07,5.401244140000001e-07,4.34714937e-07,3.71925165e-07,8.433079980000001e-07,1.9793757900000002e-07,2.9080031900000003e-06,70.2599688,18.0344945,1.8878492600000003e-09,8.9177684,0.00162745563,0.128632935,6.73594931e-05,1.0985220799999999e-05,0.0021879691,0.234632677,6.73594931e-05,1.0985220799999999e-05,0.0038456959499999998,0.747272792,6.73594931e-05,1.0985220799999999e-05,0.00350933689,0.629085121,6.73594931e-05,1.0985220799999999e-05,2.5026835680007933
155,1661726400,0.0001554245943,0.0001554246871,-0.020708907300000003,32.027809276,0.0991538824,0.00654402207,0.0132642552,0.01011623095,0.0002381631496,0.0021035447518,51.23776300000001,118.3,4.7119300100000006e-05,1.975823967e-05,3.3658209400000006e-06,1.268676522e-06,8.10806111e-07,5.955873920000001e-07,4.784232849999999e-07,3.92697143e-07,8.315010400000002e-07,1.92738932e-07,2.89851389e-06,67.60257170000001,17.85534683,4.63880971e-09,8.845625550000001,0.00165526065,0.19495558200000002,0.002249869914,0.00021541640007,0.00217063146,0.7064617449999999,0.002249869914,0.00021541640007,0.0037824306200000004,2.0805444790000003,0.002249869914,0.00021541640007,0.0034693384,1.180799945,0.002249869914,0.00021541640007,2.502562713623047
155,1661727000,6.438538109999999e-05,6.43853869e-05,0.0834513609,1.201857481,0.0586005139,0.006266080790000001,0.012952055649999999,0.00992301045,1.549629915e-05,0.00012025868449999999,50.256992399999994,116.8,1.6835105500000003e-05,6.50370512e-06,1.7664043900000002e-06,1.0136150769999999e-06,6.871852340000001e-07,5.45527058e-07,4.55709488e-07,4.01079354e-07,8.46126745e-07,1.9779173500000002e-07,2.94035376e-06,71.4412626,19.773749400000003,1.6803035400000003e-09,8.943402899999999,0.0016191231000000001,0.12900370060000002,6.82243404e-05,1.009326076e-05,0.0021246524899999997,0.22696535899999998,6.82243404e-05,1.009326076e-05,0.0035992566400000004,0.653019802,6.82243404e-05,1.009326076e-05,0.00330128525,0.555123136,6.82243404e-05,1.009326076e-05,2.5026222705841064
155,1661727600,0.00015086927429999999,0.0001508693288,0.34583660624,14.813817297700002,0.10002859019999999,0.006786699849999999,0.01352177125,0.010309754400000001,0.00018935031775,0.001739388725,52.6048951,123.3,4.35004074e-05,2.091294787e-05,3.39407007e-06,1.317649683e-06,8.193872759999999e-07,6.14895348e-07,4.838082279999999e-07,4.0541854999999997e-07,8.607277930000001e-07,1.98361315e-07,2.9269620099999997e-06,67.8677333,17.98889253,4.49581246e-09,8.850364899999999,0.0016551238699999999,0.1803679955,0.0006511074434999999,8.877397451999999e-05,0.00224468348,0.7072205730000001,0.0006511074434999999,8.877397451999999e-05,0.003953941359999999,1.7446091719999999,0.0006511074434999999,8.877397451999999e-05,0.0036391024799999998,1.393621895,0.0006511074434999999,8.877397451999999e-05,2.502669024467468
155,1661728200,0.00024850825079999995,0.0002485097696,-1.5225329033,59.09372950400001,0.145192469,0.007970496359999999,0.015369743600000003,0.01111791355,0.00046635572830000006,0.004561393331,59.3531475,167.2,9.044592860000001e-05,2.1883412710000002e-05,4.0774678499999996e-06,1.518523511e-06,8.802172139999999e-07,6.20622639e-07,4.71957359e-07,3.8347746499999995e-07,8.530394870000001e-07,1.9969505400000003e-07,2.92123253e-06,58.97229539999999,12.090741099999999,7.68837775e-09,8.6169896,0.0017237520499999999,0.2032108665,0.0023782763500000003,0.00026678070470000006,0.0023952292099999996,0.6426371009999999,0.0023782763500000003,0.00026678070470000006,0.00501063561,3.9498555709999996,0.0023782763500000003,0.00026678070470000006,0.00421628719,1.9492463570000003,0.0023782763500000003,0.00026678070470000006,2.5026568174362183
155,1661728800,7.51988454e-05,7.519888480000001e-05,-0.030414222100000006,1.7193673984999998,0.0416939428,0.006577663580000001,0.0137093357,0.01034843125,2.651514075e-05,0.00020478568730000003,53.6975523,134.1,2.1590424750000002e-05,7.146447719999999e-06,1.9011370300000002e-06,9.716889430000002e-07,6.89926761e-07,5.44684102e-07,4.439088639999999e-07,3.78117328e-07,8.31491761e-07,1.9498440200000005e-07,2.9065180099999995e-06,69.83590439999999,17.9891478,2.03321638e-09,8.904042950000001,0.00164048038,0.1316341841,0.00014525099180000002,1.88304518e-05,0.0021895060599999997,0.24497155099999998,0.00014525099180000002,1.88304518e-05,0.00381546023,0.8387332939999999,0.00014525099180000002,1.88304518e-05,0.0034788586099999998,0.6555026,0.00014525099180000002,1.88304518e-05,2.5026896953582765
155,1661729400,7.47650962e-05,7.476518809999999e-05,0.2048982655,5.296932109299999,0.058695262299999995,0.0065329887899999994,0.013470518300000001,0.0103292407,3.145519274e-05,0.0002721642387,52.7989503,125.7,2.134548975e-05,7.1356476e-06,1.9068280200000003e-06,9.959057659999998e-07,6.786699100000001e-07,5.31860968e-07,4.379863670000001e-07,3.9644126899999997e-07,8.31792897e-07,1.9728278399999996e-07,2.9246894700000003e-06,69.853632,18.103318899999998,2.0179784200000005e-09,8.90674945,0.00162388775,0.129211007,0.00016985600750000002,1.93544857e-05,0.00216852491,0.24271872,0.00016985600750000002,1.93544857e-05,0.00383928714,0.824695892,0.00016985600750000002,1.93544857e-05,0.0034015790400000003,0.658751798,0.00016985600750000002,1.93544857e-05,2.502620482444763
155,1661730000,0.0002424965535,0.0002424966047,-1.0700378881000001,62.68038682500001,0.1640206891,0.007856546879999999,0.015302462950000002,0.011252162349999999,0.00044895669545,0.0041260111846,61.0454548,163.7,8.918782120000001e-05,2.111999636e-05,3.3646825200000003e-06,1.30969193e-06,8.275315569999999e-07,5.88541219e-07,4.85427687e-07,4.0701957500000005e-07,8.51054058e-07,1.9885525199999995e-07,2.90756124e-06,59.8355447,12.5420072,7.52378845e-09,8.630956450000001,0.00169751034,0.18623180649999999,0.0024651522666,0.0002578271547,0.00239493843,0.416721322,0.0024651522666,0.0002578271547,0.00492161369,3.5319046650000003,0.0024651522666,0.0002578271547,0.00428229327,2.514784227,0.0024651522666,0.0002578271547,2.5027745246887205
155,1661730600,0.00010805003150000001,0.000108050058,0.03800175430000001,9.84344918,0.0928827683,0.00702741447,0.014673529799999998,0.011024727949999999,8.750834830000001e-05,0.0008628214247,57.2377627,128.8,3.51584374e-05,9.41115609e-06,2.09754203e-06,1.0776225699999998e-06,7.61308148e-07,5.63482774e-07,4.59846128e-07,4.0028762099999994e-07,8.881605770000001e-07,2.0038904999999998e-07,3.0065132399999997e-06,68.63757770000001,17.9762778,3.1082075600000003e-09,8.866516200000001,0.0016649319600000004,0.1400368075,0.0005445753827,5.817347964e-05,0.0022607947299999997,0.27162338100000005,0.0005445753827,5.817347964e-05,0.00419591602,1.374195174,0.0005445753827,5.817347964e-05,0.00379915559,1.009830514,0.0005445753827,5.817347964e-05,2.502525067329407
155,1661731200,7.231407090000001e-05,7.2314119e-05,-0.010455723929999999,0.7946666229999999,0.044244028899999996,0.0066439863400000005,0.0137919838,0.01058982435,1.7720451850000002e-05,0.00013127928549999999,55.5087404,125.4,1.98645861e-05,7.29323713e-06,1.9306192699999996e-06,1.0252939e-06,7.15138637e-07,5.35198395e-07,4.3609591e-07,4.00549876e-07,8.470892629999999e-07,1.9649537e-07,2.91261433e-06,69.83197750000001,18.007242099999996,1.9328373199999998e-09,8.910899299999999,0.00164456235,0.13223434900000003,9.420255839999998e-05,1.305705524e-05,0.00220764467,0.241664316,9.420255839999998e-05,1.305705524e-05,0.00391184162,0.788686124,9.420255839999998e-05,1.305705524e-05,0.00351534221,0.6253351439999999,9.420255839999998e-05,1.305705524e-05,2.502711462974548
155,1661731800,0.00016370334479999998,0.0001637037353,0.07040373425,5.508499346000002,0.0831714571,0.007892154200000001,0.01654041155,0.0118277572,0.00012373157019999998,0.0008465147067999999,65.83741239999999,156.0,5.8749012700000004e-05,1.289855945e-05,2.7849603899999997e-06,1.22533993e-06,7.589058090000001e-07,5.908548e-07,4.833708759999999e-07,3.9969380200000003e-07,8.316769149999999e-07,1.95703855e-07,2.9338891099999997e-06,65.1346884,14.92502618,4.95227539e-09,8.778475349999999,0.00170499093,0.1523483756,0.0007952242255,9.76166033e-05,0.0024465592800000002,0.38580172399999996,0.0007952242255,9.76166033e-05,0.00490384651,2.4062706310000004,0.0007952242255,9.76166033e-05,0.0042630472999999995,1.4274460830000002,0.0007952242255,9.76166033e-05,2.502569150924683
155,1661732400,8.03739932e-05,8.03740321e-05,-0.25231139686,14.141841362,0.061819246499999994,0.006623395770000001,0.01357654505,0.010419189350000002,6.0693763e-05,0.0005947595339000001,54.043706099999994,127.6,2.2858394700000003e-05,8.33682922e-06,1.98984703e-06,1.0190688959999997e-06,6.900223509999999e-07,5.296407640000001e-07,4.4561506e-07,3.7964647200000005e-07,8.241211060000001e-07,1.9718097299999998e-07,2.9165999999999993e-06,68.8825674,17.037289199999996,2.19360173e-09,8.883500399999999,0.00164041649,0.134061535,0.00021156444370000002,2.6735288999999998e-05,0.00220459155,0.27345595699999997,0.00021156444370000002,2.6735288999999998e-05,0.00383076029,0.8789257389999999,0.00021156444370000002,2.6735288999999998e-05,0.0035523250100000002,0.733897134,0.00021156444370000002,2.6735288999999998e-05,2.5026061058044435
155,1661733000,0.0002664100836,0.00026641012849999994,-0.6579240835000001,18.758775716699997,0.0877812901,0.008529841219999999,0.017769191799999997,0.012309224399999999,0.0003166720274,0.0024356941431,69.12062920000001,156.7,0.00010365804859999999,1.881950316e-05,3.25943464e-06,1.29365821e-06,7.88240343e-07,5.64662029e-07,4.6687217899999996e-07,4.01592004e-07,8.37798863e-07,2.0234669199999997e-07,2.9128213299999995e-06,62.5025489,13.75184576,8.39542567e-09,8.69095446,0.00173982627,0.171164253,0.0013421399108,0.00018791181595,0.0025918589100000005,0.483882062,0.0013421399108,0.00018791181595,0.00549319946,4.122942192999999,0.0013421399108,0.00018791181595,0.0046789812,2.557405843,0.0013421399108,0.00018791181595,2.502608299255371
155,1661733600,0.0001255384952,0.0001255385217,-0.64752092268,14.354796789,0.0694748892,0.00720407064,0.014448938200000002,0.0108932022,0.00012045353639999999,0.0010465548411999997,58.571679700000004,159.6,4.357588970000001e-05,9.97041807e-06,2.1524486300000004e-06,1.058711306e-06,7.06343089e-07,5.46921672e-07,4.55538092e-07,3.75504031e-07,8.202989559999999e-07,1.98810556e-07,2.90831182e-06,66.42909719999999,15.664415159999999,3.6909357200000005e-09,8.805839899999999,0.00166056298,0.1401595701,0.0009502508486000002,0.00010161935397,0.0022581489899999997,0.285753184,0.0009502508486000002,0.00010161935397,0.0044142261500000005,1.882603984,0.0009502508486000002,0.00010161935397,0.00379944541,0.9970065270000001,0.0009502508486000002,0.00010161935397,2.502565550804138
155,1661734200,0.00016148560269999996,0.0001614862176,-0.22410201729999998,13.444211554,0.10082718010000002,0.0079329423,0.0160565186,0.01181313475,0.0001802661973,0.001705302974,67.1555949,167.0,5.50429205e-05,1.4852652170000002e-05,3.16266521e-06,1.39290948e-06,8.339042370000001e-07,5.93334557e-07,4.8164174e-07,4.0775946799999997e-07,8.63045882e-07,1.9881791099999997e-07,2.9136814499999996e-06,63.63699979999999,13.707441410000001,4.84189073e-09,8.746230500000001,0.0017178588500000001,0.1738022006,0.0007571525579999999,8.9457301e-05,0.0025043150899999997,0.436664577,0.0007571525579999999,8.9457301e-05,0.004899154469999999,2.1232367210000005,0.0007571525579999999,8.9457301e-05,0.004287852659999999,1.5498047060000002,0.0007571525579999999,8.9457301e-05,2.5027631282806397
155,1661734800,8.032005060000001e-05,8.03200938e-05,-0.4853750040999999,19.803119102000004,0.0544475338,0.00648547924,0.01346469625,0.0103316055,5.4685573150000004e-05,0.0005144264512999999,52.6853149,129.3,2.26290331e-05,8.49754431e-06,2.03102749e-06,1.023719648e-06,6.79169707e-07,5.50210615e-07,4.4888320700000007e-07,3.6181555500000007e-07,8.29956654e-07,1.9677716e-07,2.91188122e-06,69.58849710000001,18.1285904,2.19425538e-09,8.896613000000002,0.0016256793000000002,0.12980767450000003,0.0003032690988000001,3.257281838999999e-05,0.0021406565799999997,0.261784809,0.0003032690988000001,3.257281838999999e-05,0.003716739040000001,0.83253486,0.0003032690988000001,3.257281838999999e-05,0.0034548384600000003,0.79197928,0.0003032690988000001,3.257281838999999e-05,2.5024690866470336
155,1661735400,5.6813604700000007e-05,5.68136234e-05,0.006598091499999998,0.342679882,0.031973836,0.00592119423,0.012337665949999998,0.0094856266,1.154195586e-05,7.871468789999999e-05,43.9283218,100.0,1.4264139500000001e-05,5.572792640000001e-06,1.66579241e-06,9.567351999999999e-07,6.59372544e-07,5.39179296e-07,4.30136253e-07,3.7584863700000005e-07,8.42758728e-07,1.9576131800000002e-07,2.9042339700000003e-06,72.8252804,21.528299600000004,1.44534835e-09,8.974921599999998,0.0016006443799999998,0.12388353999999999,5.15304179e-05,8.019595889999998e-06,0.0020271327600000005,0.201795644,5.15304179e-05,8.019595889999998e-06,0.0032980877800000002,0.5529996269999999,5.15304179e-05,8.019595889999998e-06,0.00303641245,0.4687608700000001,5.15304179e-05,8.019595889999998e-06,2.5025532960891725
155,1661736000,7.9464583e-05,7.94646595e-05,0.01484090544,0.6145541714,0.0417363876,0.007038785810000001,0.01453484545,0.011277020499999998,1.70834771e-05,0.00012130193,63.48601490000001,123.4,2.1765186600000004e-05,8.375410099999998e-06,2.03086819e-06,1.058012805e-06,7.53659056e-07,6.70629617e-07,5.9162642e-07,4.34633082e-07,9.276352059999999e-07,1.98307838e-07,2.9263123899999997e-06,68.4020425,16.9782224,2.1470995499999996e-09,8.886609349999999,0.00170663728,0.148147841,7.088219610000001e-05,1.1539428000000002e-05,0.0023200593299999997,0.264036385,7.088219610000001e-05,1.1539428000000002e-05,0.0041713982400000005,0.851313296,7.088219610000001e-05,1.1539428000000002e-05,0.00376886028,0.712067929,7.088219610000001e-05,1.1539428000000002e-05,2.502648949623108
155,1661736600,7.67485404e-05,7.67486768e-05,0.004250405350000001,0.28773189669999993,0.03990425360000001,0.006912906810000001,0.014320324,0.01104814525,1.58981994e-05,0.0001047060611,61.1800695,120.4,2.12427967e-05,7.815817140000001e-06,1.9376975099999997e-06,1.01773785e-06,7.564158389999999e-07,6.222427e-07,4.90775853e-07,4.2601771100000006e-07,9.66294356e-07,1.94381424e-07,2.90414299e-06,68.8528909,17.223204499999998,2.0663824100000002e-09,8.895703000000001,0.0016727712900000001,0.140537858,5.956814909999999e-05,1.0914954899999998e-05,0.0022452838,0.248215319,5.956814909999999e-05,1.0914954899999998e-05,0.00411336033,0.8348145870000001,5.956814909999999e-05,1.0914954899999998e-05,0.00367618278,0.670440196,5.956814909999999e-05,1.0914954899999998e-05,2.502697539329529
155,1661737200,7.03094313e-05,7.03094791e-05,0.026477203079000006,0.43229772850000014,0.0404146555,0.00658138402,0.013717945249999999,0.010546016,1.532045715e-05,0.00010385555830000001,55.431818,117.0,1.9161480399999998e-05,7.16158056e-06,1.7794988700000004e-06,1.0263887600000001e-06,6.96665893e-07,5.54792839e-07,4.36806205e-07,3.8288437900000005e-07,8.380249280000001e-07,2.0073332899999998e-07,2.91582112e-06,70.44506140000001,18.2666187,1.87148985e-09,8.9193921,0.00164017591,0.1314565235,6.45129407e-05,1.04525506e-05,0.00217483721,0.23591436999999998,6.45129407e-05,1.04525506e-05,0.0038363883700000003,0.746802675,6.45129407e-05,1.04525506e-05,0.00348104486,0.6167116770000001,6.45129407e-05,1.04525506e-05,2.5026379346847536
155,1661737800,7.7260542e-05,7.726062580000001e-05,-0.578556088,14.778695941,0.0435169322,0.006578787359999999,0.013585704999999998,0.010414493600000001,3.5452753400000005e-05,0.0002945964613,54.153847600000006,128.1,2.2092473599999998e-05,7.5650134699999995e-06,1.93191342e-06,1.064208246e-06,6.857344040000001e-07,5.39102743e-07,4.5020047799999993e-07,3.7501947400000003e-07,8.22388221e-07,1.98292352e-07,2.90592771e-06,69.53396860000001,17.81499415,2.09580686e-09,8.90132725,0.0016318734000000002,0.137318519,0.0002417746136,2.6963484089999995e-05,0.0021555625200000003,0.23036687100000003,0.0002417746136,2.6963484089999995e-05,0.00382909757,0.8686817259999999,0.0002417746136,2.6963484089999995e-05,0.00349912187,0.690221397,0.0002417746136,2.6963484089999995e-05,2.5025848388671874
155,1661738400,6.690452410000001e-05,6.69046207e-05,0.12207304165699999,1.0931038946,0.045277504499999996,0.0064015457100000004,0.013243397700000001,0.010188788950000001,1.761109195e-05,0.0001373605545,51.94230760000001,111.4,1.77953617e-05,7.012046509999999e-06,1.73277433e-06,9.68175847e-07,6.50278012e-07,5.322366650000001e-07,4.4765286700000004e-07,3.8881316900000006e-07,8.296026000000001e-07,1.98986558e-07,2.89635819e-06,70.8215045,18.785916700000005,1.7646656399999999e-09,8.93176545,0.0016183830600000001,0.12674743049999998,7.447838189999999e-05,1.068268975e-05,0.0021314334599999997,0.228364755,7.447838189999999e-05,1.068268975e-05,0.00375549862,0.706716317,7.447838189999999e-05,1.068268975e-05,0.0033351324100000003,0.569703246,7.447838189999999e-05,1.068268975e-05,2.502663731575012
155,1661739000,7.17270864e-05,7.172718050000001e-05,0.043970472,0.44739369579999994,0.0397521339,0.0066052487800000005,0.013759077749999998,0.01051498065,1.5350525299999998e-05,9.00249572e-05,54.9650345,116.0,1.982637375e-05,7.191840229999999e-06,1.8810235699999998e-06,9.86067626e-07,6.665033729999999e-07,5.49257298e-07,4.4890950999999993e-07,3.8850608999999993e-07,8.22514018e-07,2.00737857e-07,2.9018616e-06,70.1686815,18.361817000000002,1.9173503099999997e-09,8.914144850000001,0.00163739769,0.129892187,6.983159219999999e-05,1.0512297209999999e-05,0.0021949774500000002,0.240597912,6.983159219999999e-05,1.0512297209999999e-05,0.0038278494400000003,0.7494644979999999,6.983159219999999e-05,1.0512297209999999e-05,0.0035472904499999998,0.6511373280000001,6.983159219999999e-05,1.0512297209999999e-05,2.50260169506073
155,1661739600,7.53279494e-05,7.53280113e-05,0.050415107,0.5248913644,0.0403832418,0.00671110498,0.01408783615,0.0107220245,1.8695072600000003e-05,0.00012551129759999998,56.7360146,126.9,2.1348647499999997e-05,7.47503177e-06,1.86663582e-06,9.75332246e-07,6.81760553e-07,5.63299131e-07,4.30299919e-07,3.7495115799999997e-07,8.371621080000001e-07,1.98254187e-07,2.9125234e-06,70.0423957,18.086384400000004,2.0379605e-09,8.9067085,0.00162841885,0.1291405343,6.90994785e-05,1.144154806e-05,0.00222792643,0.24911564200000003,6.90994785e-05,1.144154806e-05,0.0039110019499999996,0.796999635,6.90994785e-05,1.144154806e-05,0.0035907639900000002,0.700147383,6.90994785e-05,1.144154806e-05,2.502674031257629
155,1661740200,9.01160422e-05,9.011616169999999e-05,0.1963609953,13.4950871801,0.0738785592,0.006936195269999999,0.014305932200000001,0.010952545300000002,8.04257776e-05,0.0008059810326000001,59.295454500000005,140.0,2.71714898e-05,8.780560760000001e-06,2.00878638e-06,1.052794604e-06,7.15650274e-07,5.58654515e-07,4.50481859e-07,3.81001198e-07,8.24070254e-07,1.9926990199999997e-07,2.91533457e-06,67.9997545,16.27996285,2.51169029e-09,8.860442149999999,0.0016699170600000001,0.13769975899999998,0.0003832666352,4.5328612e-05,0.0022588633799999996,0.259896621,0.0003832666352,4.5328612e-05,0.00421033386,1.194261496,0.0003832666352,4.5328612e-05,0.0035952898400000003,0.6992307050000001,0.0003832666352,4.5328612e-05,2.5025182485580446
155,1661740800,7.480649860000001e-05,7.480657519999999e-05,0.0333375583,0.7469864129,0.0443249957,0.006794170940000001,0.014130487600000002,0.01086797015,1.89162962e-05,0.0001519036014,58.7465026,127.3,2.06809454e-05,7.21284052e-06,1.8576324800000003e-06,1.0920878899999998e-06,7.949592950000001e-07,7.72302738e-07,5.261082279999999e-07,4.2468613500000004e-07,9.108648009999999e-07,1.94920569e-07,2.93589169e-06,69.2000869,17.6535057,1.99966262e-09,8.90544355,0.0017106921100000002,0.1527007634,9.24129153e-05,1.258758085e-05,0.0021915393199999997,0.237021746,9.24129153e-05,1.258758085e-05,0.00400424659,0.803270411,9.24129153e-05,1.258758085e-05,0.0035985680400000006,0.6497639019999999,9.24129153e-05,1.258758085e-05,2.502654266357422
155,1661741400,0.000169798762,0.0001697988255,-0.31762639100000006,23.81378284933,0.10508620850000001,0.00782380388,0.0157229553,0.011561389149999999,0.00019887786940000004,0.0018272113235000003,63.0611887,158.2,6.121342279999999e-05,1.3477722559999999e-05,2.57233003e-06,1.2333906199999998e-06,8.021391099999999e-07,6.31810618e-07,4.952462719999999e-07,4.2147493499999993e-07,9.013770249999998e-07,2.02828314e-07,2.94768114e-06,63.8865636,14.779901270000002,5.13481585e-09,8.74520115,0.0017130004399999999,0.15795847999999998,0.0008615758838999999,0.00010866332835,0.0023608737199999996,0.369395703,0.0008615758838999999,0.00010866332835,0.00490453543,2.479554725,0.0008615758838999999,0.00010866332835,0.00417603387,1.5271824239999998,0.0008615758838999999,0.00010866332835,2.502654719352722
155,1661742000,6.272890810000001e-05,6.27289644e-05,0.12007116799999999,9.983784255100002,0.0523765669,0.006024295429999999,0.0124040409,0.0095860268,3.5854785310000005e-05,0.0003522326653,45.3426572,99.9,1.585076625e-05,6.689010050000001e-06,1.8659436199999998e-06,9.86917425e-07,6.59209905e-07,5.43238554e-07,4.62305639e-07,3.8088427299999994e-07,8.34361368e-07,1.9983257100000002e-07,2.89196455e-06,71.5841715,20.3511613,1.6280758799999999e-09,8.9510936,0.0016169044,0.13087273450000003,0.00013167433680000003,1.5168375279999999e-05,0.0020691183400000004,0.235321032,0.00013167433680000003,1.5168375279999999e-05,0.00333313467,0.606360555,0.00013167433680000003,1.5168375279999999e-05,0.00313519958,0.542906762,0.00013167433680000003,1.5168375279999999e-05,2.502646327018738
155,1661742600,0.00024134785249999997,0.00024134796879999999,0.1283923305,33.643632982,0.13640470519999998,0.007956736729999999,0.016442482350000003,0.0116382789,0.0005422417658000001,0.005420612458500001,62.91958040000001,153.7,8.687645159999999e-05,2.349090572e-05,2.711086e-06,1.3014418589999998e-06,8.05459939e-07,5.70189685e-07,4.72774569e-07,4.06345318e-07,8.759610329999998e-07,2.0140574e-07,2.96196035e-06,62.8385446,14.206556759999998,7.509432440000001e-09,8.70073965,0.00170186542,0.15534665409999998,0.0022984383710999996,0.0002650249913,0.0024573428699999995,0.45995722800000005,0.0022984383710999996,0.0002650249913,0.00499517552,4.038064157,0.0022984383710999996,0.0002650249913,0.004235360370000001,1.9534931270000002,0.0022984383710999996,0.0002650249913,2.5026793241500855
155,1661743200,7.34633885e-05,7.34634485e-05,-0.024237110799999996,1.2074840661700001,0.042509675799999994,0.00668151034,0.0137759301,0.01058283495,1.9751398549999997e-05,0.00014874715239999997,56.5227272,121.2,2.07162601e-05,7.128301159999999e-06,1.86139456e-06,1.031305676e-06,6.806541450000001e-07,5.39030096e-07,4.5068897499999996e-07,3.8975793600000005e-07,8.26357558e-07,1.9804040300000002e-07,2.90990695e-06,69.8865235,17.7609455,1.9751412000000002e-09,8.907899749999999,0.00164935465,0.1327176734,6.820960100000001e-05,1.0746935590000001e-05,0.00220168296,0.243275941,6.820960100000001e-05,1.0746935590000001e-05,0.00393027909,0.79345165,6.820960100000001e-05,1.0746935590000001e-05,0.0035625501,0.647868009,6.820960100000001e-05,1.0746935590000001e-05,2.5025145053863525
155,1661743800,0.0001935744131,0.0001935748541,-0.32038906868499994,18.251773693500002,0.1109187599,0.008212885449999999,0.017088731899999998,0.01198766055,0.00019628797010000002,0.0016432757109,66.286714,160.0,6.93960654e-05,1.64573211e-05,2.89387579e-06,1.3595253810000001e-06,8.755254200000001e-07,6.291315009999999e-07,5.082780249999999e-07,4.4098575900000005e-07,9.381469819999999e-07,2.0756608299999998e-07,3.0811742299999997e-06,62.80344169999999,13.78368667,5.88902866e-09,8.72099355,0.0017423295599999999,0.172315351,0.0019318743865999997,0.000191186475,0.00255924424,0.442641099,0.0019318743865999997,0.000191186475,0.005152447480000001,2.9558888480000003,0.0019318743865999997,0.000191186475,0.004419762609999999,1.635429105,0.0019318743865999997,0.000191186475,2.5026599645614622
155,1661744400,6.00022508e-05,6.0002281299999996e-05,0.006589732499999999,0.325122782,0.0337948408,0.00609513025,0.012610418250000002,0.009715807149999998,1.2322817899999998e-05,8.21430605e-05,46.260488599999995,112.2,1.5476189099999997e-05,5.88954868e-06,1.7098252200000001e-06,9.59908631e-07,6.900504540000001e-07,5.33747281e-07,4.3260768000000006e-07,3.72551821e-07,8.2541294e-07,1.95477052e-07,2.9157453000000003e-06,72.219106,20.540326200000003,1.5450422999999998e-09,8.9606557,0.0016146824100000002,0.126605984,5.405854559999999e-05,8.42902604e-06,0.00208815523,0.21540675499999998,5.405854559999999e-05,8.42902604e-06,0.0034099257,0.582228842,5.405854559999999e-05,8.42902604e-06,0.00320034086,0.5150578809999999,5.405854559999999e-05,8.42902604e-06,2.502561902999878
155,1661745000,8.64285748e-05,8.64286898e-05,0.2615294246,10.913446751,0.0676446879,0.006985877449999999,0.014441769900000002,0.011074060100000001,4.8461989500000006e-05,0.0004592471685,60.8094411,136.4,2.4764942700000004e-05,8.919207900000001e-06,2.3321925e-06,1.1437612139999999e-06,7.178136830000001e-07,5.64136866e-07,4.51338546e-07,3.94958128e-07,8.20607188e-07,1.99500995e-07,2.9058551400000003e-06,67.89337640000001,16.24355155,2.38198989e-09,8.8654013,0.0016590577099999996,0.139309043,0.00017839537280000002,2.10505211e-05,0.00227595043,0.322126158,0.00017839537280000002,2.10505211e-05,0.00413700107,0.9311867099999999,0.00017839537280000002,2.10505211e-05,0.0037659813099999995,0.794908443,0.00017839537280000002,2.10505211e-05,2.5026690006256103
155,1661745600,6.872197920000001e-05,6.8722037e-05,-0.03980270714899999,2.4458115852000004,0.048090070500000005,0.006476951020000001,0.0133695811,0.0103248161,2.19074069e-05,0.000190989874,53.7517472,121.9,1.84847063e-05,6.9472568400000005e-06,1.8621299500000004e-06,1.0260072550000002e-06,6.75081939e-07,5.553067190000001e-07,4.547452879999999e-07,3.88516002e-07,8.45939519e-07,1.9943053999999998e-07,2.92187813e-06,70.5252749,18.5807402,1.81677738e-09,8.9250943,0.00164092789,0.13386514959999998,8.569213090000002e-05,1.18169984e-05,0.0021624763999999997,0.237343201,8.569213090000002e-05,1.18169984e-05,0.0037099135400000005,0.700991693,8.569213090000002e-05,1.18169984e-05,0.0034532882199999997,0.6146323710000001,8.569213090000002e-05,1.18169984e-05,2.5026285648345947
155,1661746200,0.000248371879,0.0002483719763,-0.7769994476000001,64.4712795473,0.1956707561,0.00741371935,0.014092892700000002,0.010653249150000002,0.0005568387357,0.0057921088011,56.0961544,145.4,9.15520077e-05,2.169512613e-05,2.9195544999999997e-06,1.2945772689999999e-06,8.86630597e-07,6.18618186e-07,5.14674799e-07,4.43981703e-07,9.40017447e-07,2.0822507300000003e-07,3.11254671e-06,61.6029425,14.073248030000002,7.712578819999999e-09,8.6771344,0.00167554914,0.17622675640000002,0.0031982505662999997,0.00032265455517,0.0023319734200000003,0.45292188099999997,0.0031982505662999997,0.00032265455517,0.00455636658,3.679725535,0.0031982505662999997,0.00032265455517,0.003990466369999999,2.488002366,0.0031982505662999997,0.00032265455517,2.502631592750549
155,1661746800,0.00010950076919999999,0.00010950079099999999,0.10756557564999998,14.427139466099998,0.08680895000000001,0.0070135187000000005,0.014145103550000001,0.01073556315,0.00011845500159999999,0.0011388755636,57.4510494,140.7,3.475081665e-05,1.067065351e-05,2.2029169300000003e-06,1.06574332e-06,7.2254766e-07,5.540967450000001e-07,4.4064650799999995e-07,3.9218114500000003e-07,8.41249003e-07,1.9831508200000002e-07,2.91120542e-06,66.8941016,15.955417299999999,3.1481818699999996e-09,8.8258884,0.0016611170600000003,0.138252091,0.0004109100947,4.511152811e-05,0.0022694576799999998,0.35797107899999997,0.0004109100947,4.511152811e-05,0.004109871079999999,1.1806000970000001,0.0004109100947,4.511152811e-05,0.0037991314799999997,1.174321816,0.0004109100947,4.511152811e-05,2.5025732040405275
155,1661747400,0.0001289059606,0.000128906031,-0.14184196675059998,4.382186169,0.0781913419,0.007778402649999999,0.0159980247,0.0119800168,8.333699790000001e-05,0.000676017576,67.46328739999998,154.5,4.2202147799999995e-05,1.2335423179999999e-05,2.47345106e-06,1.1490942060000003e-06,7.35304396e-07,5.875607040000001e-07,4.554768379999999e-07,4.0858559100000003e-07,8.856362629999999e-07,2.04257749e-07,3.01601587e-06,65.9705774,15.1073311,3.76952942e-09,8.802731099999999,0.00169930249,0.1478525205,0.0002740135609,3.56851494e-05,0.0024635349600000004,0.362025076,0.0002740135609,3.56851494e-05,0.004645329500000001,1.375103883,0.0002740135609,3.56851494e-05,0.00435570295,1.4999738440000001,0.0002740135609,3.56851494e-05,2.5025987148284914
155,1661748000,8.475571229999999e-05,8.47558336e-05,0.0016319487499999983,0.646718725,0.0436113909,0.00720320061,0.014982970399999998,0.0114782201,2.02916892e-05,0.0001354707715,65.1153839,134.6,2.45086782e-05,8.72504194e-06,2.08456418e-06,1.04648487e-06,7.22775364e-07,5.450360649999999e-07,4.43338091e-07,3.79695128e-07,8.23307485e-07,1.97338158e-07,2.90168711e-06,67.951266,15.7798011,2.33413116e-09,8.86359545,0.00166788438,0.135143829,8.772058449999999e-05,1.4239742800000003e-05,0.0023433887100000003,0.275091262,8.772058449999999e-05,1.4239742800000003e-05,0.00435832395,0.9625248089999999,8.772058449999999e-05,1.4239742800000003e-05,0.0038381572799999998,0.759815613,8.772058449999999e-05,1.4239742800000003e-05,2.5027340173721315
155,1661748600,8.056358880000002e-05,8.056370070000001e-05,0.13100738539999998,6.785333767,0.059778730399999994,0.00682354505,0.0140066951,0.01072860045,3.10989848e-05,0.0002652947069,58.050700400000004,135.0,2.2798786399999997e-05,8.20908228e-06,2.10323482e-06,1.10943231e-06,7.27384933e-07,5.40602646e-07,4.59875367e-07,3.8186346999999994e-07,8.261908250000001e-07,1.9602711499999998e-07,2.92932999e-06,68.86225750000001,16.889169000000003,2.19413942e-09,8.885039100000002,0.00164347685,0.13538647799999998,0.00018001232119999998,2.1916005700000003e-05,0.00224587895,0.267215331,0.00018001232119999998,2.1916005700000003e-05,0.004019755769999999,0.893268076,0.00018001232119999998,2.1916005700000003e-05,0.0036569042100000003,0.720885379,0.00018001232119999998,2.1916005700000003e-05,2.5025289058685303
155,1661749200,0.0001725466578,0.00017254674709999999,0.029896429199999998,2.7323307210000003,0.0712348875,0.007565769480000001,0.016233528850000005,0.011527079649999999,0.0001416381238,0.0011882817751000003,59.1940561,134.1,6.32213423e-05,1.272434048e-05,2.94235913e-06,1.1938646600000003e-06,7.4401129e-07,5.848830860000001e-07,4.71805587e-07,3.9195589699999996e-07,8.708472149999998e-07,1.9612769300000002e-07,2.93172927e-06,67.3661908,17.24221257,5.27047348e-09,8.829801499999999,0.0017077274900000002,0.1558609414,0.000666210072,8.918525499999999e-05,0.00240531647,0.38532207999999996,0.000666210072,8.918525499999999e-05,0.00460499256,2.4984303430000003,0.000666210072,8.918525499999999e-05,0.0040515121200000006,1.6047617210000003,0.000666210072,8.918525499999999e-05,2.50265576839447
155,1661749800,6.77892196e-05,6.77892396e-05,-0.04564785803,2.242014975,0.041685472499999994,0.00639684774,0.0133119994,0.0102242004,1.781276855e-05,0.0001266520242,51.8671327,115.6,1.81978032e-05,6.84820751e-06,1.84322691e-06,9.97511888e-07,6.74403494e-07,5.539996710000001e-07,4.4604474600000005e-07,3.8532724300000003e-07,8.42791075e-07,1.9313998799999998e-07,2.9121427000000003e-06,70.7938785,18.697871,1.7912136599999998e-09,8.9282292,0.00162339566,0.1284658254,0.000107243739,1.3967818800000002e-05,0.0021271985200000004,0.230807386,0.000107243739,1.3967818800000002e-05,0.00367698699,0.7147725099999999,0.000107243739,1.3967818800000002e-05,0.0033872983700000006,0.585248861,0.000107243739,1.3967818800000002e-05,2.5026773691177366
155,1661750400,0.0002937494514,0.0002937495128,-0.30132686709999995,7.6923784510000015,0.08846256419999998,0.00834131072,0.018255491050000003,0.012528619700000002,0.0003310609196000001,0.0026748505330000004,58.39160819999999,136.2,0.00011744453220000001,1.881174647e-05,3.03911112e-06,1.2948159230000001e-06,8.115981779999999e-07,5.95574588e-07,4.82451337e-07,4.0713269300000005e-07,8.519689209999999e-07,2.0112956499999999e-07,2.9346766200000004e-06,65.86709999999998,17.599904240000004,9.361761150000002e-09,8.7660878,0.0017312182000000001,0.16132086299999998,0.0023523580699000004,0.00025681387212,0.0024893224500000003,0.45764285799999993,0.0023523580699000004,0.00025681387212,0.005358266719999999,4.996215506,0.0023523580699000004,0.00025681387212,0.004356575,2.4902068560000004,0.0023523580699000004,0.00025681387212,2.5027022838592528
155,1661751000,0.000206750702,0.00020675077189999998,0.809055525,83.19468374,0.2454511655,0.0070767652200000005,0.0138416865,0.0104802376,0.0005331177591,0.005594254518,54.7027972,140.7,7.010819109999999e-05,1.9778032939999997e-05,4.0271949e-06,1.8837317599999999e-06,1.0885436199999999e-06,7.71171049e-07,6.28039016e-07,4.94025395e-07,1.100920857e-06,2.19595027e-07,3.2752750600000004e-06,61.8927779,15.45025646,6.23989595e-09,8.7272171,0.0017599878499999998,0.259060279,0.0020667940903000004,0.00023253641680000002,0.0023396645800000003,0.360387987,0.0020667940903000004,0.00023253641680000002,0.00413849805,2.946411663,0.0020667940903000004,0.00023253641680000002,0.0037855373199999994,2.0159564669999996,0.0020667940903000004,0.00023253641680000002,2.5023993492126464
155,1661751600,0.00012763870660000001,0.00012763882600000002,0.35387103239999995,21.280485316500002,0.103582876,0.007375949679999999,0.014817645199999998,0.011237956649999999,0.0001316539663,0.0011920301151999999,62.6398595,147.9,4.2591461100000005e-05,1.111145952e-05,2.3882947399999996e-06,1.2125719299999999e-06,8.04203314e-07,6.346558770000001e-07,5.084896060000001e-07,4.2454429900000005e-07,9.151167310000001e-07,2.0519922399999998e-07,3.02306966e-06,65.8419466,15.53148434,3.72578279e-09,8.806866699999999,0.00168812828,0.15292765300000002,0.0006577010079,8.225541531e-05,0.0023648597299999997,0.348234383,0.0006577010079,8.225541531e-05,0.0045077656,1.840300475,0.0006577010079,8.225541531e-05,0.0038924382200000002,1.0081529120000003,0.0006577010079,8.225541531e-05,2.5026465892791747
155,1661752200,0.00011106769850000001,0.00011106776889999998,-0.07185405429999997,6.071415600000001,0.06346633720000001,0.0077711694,0.016193064700000002,0.01229110435,7.02289156e-05,0.0006341285759999999,72.35139910000001,159.5,3.52454303e-05,1.09181217e-05,2.18001991e-06,1.0920724099999998e-06,7.357915830000001e-07,5.591839619999999e-07,4.513563319999999e-07,3.8244295e-07,8.368915219999999e-07,2.0691310400000003e-07,2.9255141800000004e-06,65.66123130000001,13.82234403,3.1913698600000005e-09,8.7953242,0.0016701518500000002,0.14024574500000003,0.00028539224849999996,3.4851561799999996e-05,0.00241206335,0.308520834,0.00028539224849999996,3.4851561799999996e-05,0.0047926138299999995,1.35367488,0.00028539224849999996,3.4851561799999996e-05,0.00430998002,1.08549531,0.00028539224849999996,3.4851561799999996e-05,2.5025882959365844
155,1661752800,0.0002706032695,0.0002706033311,-0.4398363013,43.994991372,0.1688474767,0.008303107040000002,0.01647189715,0.01225071855,0.0006010924063000001,0.00617349846,71.5244751,156.1,0.0001014472348,2.279186416e-05,3.60555367e-06,1.22037321e-06,8.218232960000001e-07,5.86981562e-07,4.68409035e-07,3.9328694799999994e-07,8.401549750000001e-07,2.02220776e-07,2.9235672099999997e-06,60.24155370000001,12.05240994,8.48689665e-09,8.63075337,0.0017059909300000003,0.17126845,0.0027849296854,0.00032807175020000003,0.00254964871,0.617362125,0.0027849296854,0.00032807175020000003,0.005310240239999999,4.361433104,0.0027849296854,0.00032807175020000003,0.004516753050000001,2.298825077,0.0027849296854,0.00032807175020000003,2.5026410102844237
155,1661753400,0.0001774964171,0.00017749653700000002,-0.13865915030000003,6.320086318,0.0812214134,0.00847008933,0.0178480289,0.012860638449999998,0.0001346066044,0.0011322281849999998,72.6695799,157.3,5.99830381e-05,1.7893537869999997e-05,3.2755349300000005e-06,1.3159264e-06,8.215143309999999e-07,5.9155839e-07,4.870126190000001e-07,3.85763281e-07,8.58125366e-07,2.01065819e-07,2.9349621500000004e-06,63.584805599999996,13.81043456,5.375108900000001e-09,8.735823900000002,0.0017520393800000002,0.16551124299999997,0.0008874737934,9.36176349e-05,0.0026562130999999998,0.503834189,0.0008874737934,9.36176349e-05,0.0054410631700000005,2.5033110919999997,0.0008874737934,9.36176349e-05,0.0045601889100000004,1.612662972,0.0008874737934,9.36176349e-05,2.503625679016113
155,1661754000,0.00019586802750000003,0.00019586811389999998,0.0608677657,11.758574183,0.1111097973,0.00851434297,0.0173388865,0.0129476489,0.00018599756325,0.0017565420330000001,76.0786719,152.3,6.63740434e-05,2.0490565750000005e-05,3.55714056e-06,1.2612629500000002e-06,7.86491068e-07,5.784692539999999e-07,4.7192024100000003e-07,3.9548800699999997e-07,8.4865841e-07,2.12238744e-07,2.95766121e-06,63.4298213,13.9580748,5.98561267e-09,8.731199,0.0017532652700000002,0.16470322,0.0015659279598000003,0.00015787553225000002,0.0026188454799999997,0.670799434,0.0015659279598000003,0.00015787553225000002,0.005423730190000001,2.8115514700000004,0.0015659279598000003,0.00015787553225000002,0.00466368103,1.6593948099999998,0.0015659279598000003,0.00015787553225000002,2.5017237663269043
155,1661754600,9.56748701e-05,9.56749594e-05,0.015157416940000001,0.23039256435,0.0397120152,0.007690830850000001,0.016066757100000002,0.012340656,2.07872699e-05,0.00012544624160000002,73.1451053,146.4,2.81050481e-05,1.0359236300000002e-05,2.19941406e-06,1.082907043e-06,7.38928978e-07,5.436720529999999e-07,4.4856898900000004e-07,3.87994691e-07,8.31592606e-07,2.0435619699999998e-07,2.93547484e-06,66.9004472,14.9606374,2.68163032e-09,8.834945300000001,0.0017033096599999998,0.14142773660000002,8.29471053e-05,1.429568745e-05,0.00252339257,0.312963051,8.29471053e-05,1.429568745e-05,0.00463906076,1.0786837500000002,8.29471053e-05,1.429568745e-05,0.0042255786,0.9105305170000001,8.29471053e-05,1.429568745e-05,2.5025866985321046
155,1661755200,0.0001912511415,0.0001912512055,-0.37525428699999996,12.2537412744,0.0786842581,0.00837021966,0.017936163900000003,0.0127611959,0.0001489198483,0.0011257967946,69.5559442,155.0,6.86984458e-05,1.653405667e-05,2.84332211e-06,1.3101912799999999e-06,8.22916767e-07,5.65714077e-07,4.6623641e-07,4.0012486800000004e-07,8.44668849e-07,2.0460814099999998e-07,2.9351933800000004e-06,63.522796799999995,13.755257969999999,5.846892959999999e-09,8.733297199999999,0.00174079343,0.163192559,0.0010792647101,0.00011694296355,0.0026218425900000003,0.480471761,0.0010792647101,0.00011694296355,0.00531464003,2.96123105,0.0010792647101,0.00011694296355,0.00444243911,1.550782264,0.0010792647101,0.00011694296355,2.5029316425323485
155,1661755800,6.81017137e-05,6.8101805e-05,0.029321849366999997,0.6338697102999999,0.040159841700000004,0.0064384898400000005,0.0133610268,0.010220115000000002,1.678857605e-05,0.00011756998629999999,52.236014,119.9,1.86111029e-05,6.7030140200000005e-06,1.7182920499999997e-06,9.69764744e-07,7.18064143e-07,5.47898325e-07,4.3800146300000004e-07,3.89348166e-07,8.287981790000001e-07,2.0571077000000002e-07,2.92052149e-06,71.1868424,18.88577995,1.80272791e-09,8.933005599999998,0.00163584079,0.12958773299999998,7.091197949999999e-05,1.1026261229999999e-05,0.00212399064,0.22311634100000002,7.091197949999999e-05,1.1026261229999999e-05,0.0036865529399999998,0.704314514,7.091197949999999e-05,1.1026261229999999e-05,0.00344762136,0.61053607,7.091197949999999e-05,1.1026261229999999e-05,2.5023242473602294
155,1661756400,8.19906984e-05,8.19907684e-05,0.0319557897,0.49392379000000003,0.043100177,0.0070743740099999996,0.014875658499999996,0.011317905649999998,1.8766903899999997e-05,0.00011927986889999997,63.4248243,138.2,2.3332024999999998e-05,8.587987009999999e-06,1.98087198e-06,1.048008637e-06,7.025212560000001e-07,5.31920527e-07,4.425267119999999e-07,3.79526528e-07,8.48936043e-07,2.0565142200000002e-07,2.9351080299999998e-06,68.7131769,16.356001900000003,2.2419692599999995e-09,8.876749749999998,0.00166713506,0.135052762,6.758071700000001e-05,1.193373985e-05,0.00234182837,0.271014626,6.758071700000001e-05,1.193373985e-05,0.00416155757,0.87168081,6.758071700000001e-05,1.193373985e-05,0.0038855330200000004,0.7791064939999999,6.758071700000001e-05,1.193373985e-05,2.5026992321014405
155,1661757000,9.32950913e-05,9.32951481e-05,0.0724450012,1.0537185359999999,0.0496889564,0.007431886840000001,0.015533292550000003,0.01170665735,2.77648546e-05,0.00019219696099999998,66.5961544,151.7,2.8615825800000006e-05,8.55003714e-06,2.14306269e-06,1.0338224570000002e-06,7.48914107e-07,6.936521039999999e-07,4.7432550300000003e-07,3.9343913799999995e-07,8.74281914e-07,2.0143336299999997e-07,2.91821908e-06,67.206789,15.0272477,2.6045875100000003e-09,8.84157835,0.00169832946,0.144664115,0.0001078056436,1.8154436900000003e-05,0.0023585653999999997,0.280242824,0.0001078056436,1.8154436900000003e-05,0.00455292347,1.10439936,0.0001078056436,1.8154436900000003e-05,0.003995783510000001,0.845551089,0.0001078056436,1.8154436900000003e-05,2.5026298999786376
155,1661757600,5.97526959e-05,5.975272350000001e-05,0.019271091434,0.257767925,0.0345511542,0.00610273161,0.0126802635,0.009784826899999998,1.13454775e-05,7.580014490000001e-05,47.2430069,104.7,1.5101965649999998e-05,6.05245145e-06,1.7556554500000004e-06,9.479139889999999e-07,6.815166639999999e-07,5.242415049999999e-07,4.42662223e-07,3.78201435e-07,8.47887255e-07,2.0578842899999998e-07,2.93737786e-06,72.415832,20.855434200000005,1.5329862000000001e-09,8.9657385,0.0016080446,0.12620510950000002,4.6338215199999994e-05,7.88319979e-06,0.0020734667,0.21071117099999997,4.6338215199999994e-05,7.88319979e-06,0.0034510025299999995,0.592571991,4.6338215199999994e-05,7.88319979e-06,0.0031540356700000003,0.49668299099999996,4.6338215199999994e-05,7.88319979e-06,2.5025311946868896
155,1661758200,7.087213189999999e-05,7.087226409999999e-05,-0.11479715976999998,2.72641570713,0.0465142419,0.006525545450000001,0.013522133950000001,0.010404034900000001,2.484499435e-05,0.00022163468239999994,53.7989504,127.1,1.9069185800000002e-05,7.231644909999999e-06,1.83286507e-06,1.02002096e-06,7.46246391e-07,6.06771944e-07,4.878951640000001e-07,3.8438650299999993e-07,8.875341419999999e-07,2.10729853e-07,2.95769064e-06,70.3966965,18.718580099999997,1.87754669e-09,8.923219499999998,0.00163978527,0.136620152,0.000100557634,1.31643332e-05,0.00217179822,0.244279152,0.000100557634,1.31643332e-05,0.00382319705,0.753022932,0.000100557634,1.31643332e-05,0.0034129662599999997,0.6036153200000001,0.000100557634,1.31643332e-05,2.5025749683380125
155,1661758800,0.0001942704038,0.0001942705898,0.014577034650000001,1.33907586,0.05897410650000001,0.00798748244,0.0183446933,0.0123831464,0.00011012438354999999,0.0005352605442,62.4510499,149.0,5.806242480000001e-05,2.51588753e-05,4.869034129999999e-06,2.05652587e-06,1.1241467850000002e-06,7.48659365e-07,5.74260429e-07,4.5133395299999995e-07,9.326924199999999e-07,2.0222741200000001e-07,2.95402687e-06,66.475416,16.54642105,5.8969565799999995e-09,8.818735400000001,0.00183768305,0.22679030299999997,0.0003114071909,4.9043403849999996e-05,0.0026491319900000003,0.695916698,0.0003114071909,4.9043403849999996e-05,0.00465460774,2.034692101,0.0003114071909,4.9043403849999996e-05,0.00448852574,2.2918265169999996,0.0003114071909,4.9043403849999996e-05,2.502587842941284
155,1661759400,7.202521159999999e-05,7.20252624e-05,0.03657873170999999,0.5381777634999999,0.0410085578,0.00665348795,0.013855872449999997,0.0106207493,1.67647258e-05,0.00011950265370000001,56.40559450000001,119.1,1.98039677e-05,7.34338959e-06,1.87748787e-06,9.691935299999998e-07,6.98013545e-07,5.46005948e-07,4.4791945799999994e-07,3.7686593e-07,8.29624897e-07,2.01165174e-07,2.91878106e-06,70.3079084,17.920582699999997,1.9262796100000002e-09,8.91383085,0.00164262477,0.131149519,8.186178799999999e-05,1.187413666e-05,0.00221304987,0.24435108,8.186178799999999e-05,1.187413666e-05,0.00390970327,0.771735066,8.186178799999999e-05,1.187413666e-05,0.00352759223,0.6306113160000001,8.186178799999999e-05,1.187413666e-05,2.502646636962891
155,1661760000,6.938580640000001e-05,6.93858693e-05,0.00532624065,0.42418291796999996,0.0367010887,0.00654929036,0.0135532588,0.010494956699999999,1.4614773500000002e-05,9.84714232e-05,55.1678326,118.6,1.8661396400000003e-05,7.05285657e-06,1.8118347799999997e-06,9.881698909999999e-07,7.202358199999999e-07,6.04481338e-07,4.817515750000001e-07,3.9939438000000004e-07,8.49761746e-07,1.9664381500000001e-07,2.92596442e-06,70.6195465,18.6707807,1.83854573e-09,8.924956150000002,0.0016515901,0.135159058,5.22290114e-05,9.38905232e-06,0.0021729676000000002,0.23441076300000002,5.22290114e-05,9.38905232e-06,0.00380247692,0.719406405,5.22290114e-05,9.38905232e-06,0.00346439136,0.612331192,5.22290114e-05,9.38905232e-06,2.502687096595764
155,1661760600,0.00012215919569999998,0.0001221593031,0.22560795758,8.958550945999999,0.10593628510000001,0.00773914633,0.015902143799999997,0.011917538799999999,9.3940748e-05,0.0008828580399999999,68.26048990000001,161.8,3.96355526e-05,1.1172713599999999e-05,2.58072446e-06,1.1775262600000001e-06,7.54783741e-07,6.257033280000001e-07,4.982348230000001e-07,4.12125091e-07,9.02392353e-07,2.08102112e-07,3.11167047e-06,65.32064929999999,14.3168926,3.52135836e-09,8.79972805,0.0017100152000000001,0.15057278400000002,0.00045274407059999995,5.3843393050000004e-05,0.00247601814,0.36162773899999995,0.00045274407059999995,5.3843393050000004e-05,0.00474804316,1.532305891,0.00045274407059999995,5.3843393050000004e-05,0.00415058527,1.131613148,0.00045274407059999995,5.3843393050000004e-05,2.502747964859009
155,1661761200,9.00678848e-05,9.00680977e-05,-0.08959380504,5.0002264815,0.057625173499999995,0.00725004803,0.015105662,0.0115365691,3.73926553e-05,0.00032518204399999996,64.48776219999999,142.8,2.6489891600000004e-05,9.128765750000001e-06,2.21565708e-06,1.11749714e-06,7.154833049999999e-07,5.46385052e-07,4.40270126e-07,3.8993207000000004e-07,8.578976930000002e-07,2.00168488e-07,2.93191397e-06,67.42647310000001,15.5640725,2.49759665e-09,8.8547027,0.0016841761199999999,0.13886732799999998,0.0001224136687,1.7918129099999998e-05,0.00239894616,0.307225612,0.0001224136687,1.7918129099999998e-05,0.00436248002,1.01036424,0.0001224136687,1.7918129099999998e-05,0.0039123623100000005,0.8327907629999999,0.0001224136687,1.7918129099999998e-05,2.5025303840637205
155,1661761800,8.7492017e-05,8.749206519999999e-05,0.12459956075,2.666219634,0.0575169792,0.00720822426,0.015059336900000001,0.011453134100000002,2.27905813e-05,0.00014502661499999999,64.2499999,139.5,2.4976429e-05,8.70539557e-06,2.1258825000000003e-06,1.1401036800000001e-06,8.18732216e-07,8.34259327e-07,5.758824300000001e-07,4.46473707e-07,9.493708370000001e-07,2.0617676399999997e-07,2.96689625e-06,67.6290784,16.570673399999997,2.3989626999999998e-09,8.8707749,0.0017419371499999999,0.16366453200000003,8.89313119e-05,1.4633821000000001e-05,0.00232942028,0.2735302170000001,8.89313119e-05,1.4633821000000001e-05,0.00428579124,0.9673268380000002,8.89313119e-05,1.4633821000000001e-05,0.0038962158899999997,0.7940045259999999,8.89313119e-05,1.4633821000000001e-05,2.5025849103927613
155,1661762400,6.960027319999999e-05,6.96004124e-05,0.13518834175,1.353318921,0.059009336400000015,0.00651739969,0.0135587201,0.010347264649999998,1.64081797e-05,0.00012009626790000002,54.1101398,128.9,1.9012198649999997e-05,6.8788564000000006e-06,1.825809e-06,1.013157684e-06,6.98407579e-07,5.389694629999999e-07,4.5490096199999997e-07,4.04218624e-07,8.373640129999999e-07,2.00460581e-07,2.9356697599999997e-06,70.53433379999998,18.442521699999997,1.84339561e-09,8.9257826,0.00163919179,0.13408368399999998,7.09403051e-05,1.12341063e-05,0.00214232904,0.22908109,7.09403051e-05,1.12341063e-05,0.0038273452500000005,0.746398153,7.09403051e-05,1.12341063e-05,0.00342036705,0.5960152469999999,7.09403051e-05,1.12341063e-05,2.5027059078216554
155,1661763000,8.2008741e-05,8.200878079999999e-05,0.06359389239999999,0.53778823735,0.045696025800000005,0.00710773935,0.01477132525,0.0113421905,1.7629595800000004e-05,0.00011184130739999999,63.93007039999999,127.5,2.29667211e-05,8.2071151e-06,2.08299461e-06,1.0529088729999998e-06,8.831851919999999e-07,7.80825586e-07,5.735816819999999e-07,4.17030639e-07,8.931141639999999e-07,2.0121474899999998e-07,2.94529569e-06,68.3627245,16.997409400000002,2.2271261700000005e-09,8.8822337,0.0017301126899999999,0.157803446,6.13130262e-05,1.141488385e-05,0.00235027086,0.27766619699999995,6.13130262e-05,1.141488385e-05,0.00419521621,0.881578442,6.13130262e-05,1.141488385e-05,0.00380569996,0.730842631,6.13130262e-05,1.141488385e-05,2.502515721321106
155,1661763600,0.0002424862066,0.00024248636560000002,0.18007219100800004,8.92076145,0.11151571950000001,0.00888985194,0.018450401749999998,0.01318618395,0.00023574475800000003,0.0017627652731000004,76.87587390000002,162.4,9.104855529999999e-05,1.9609024139999998e-05,3.0750931800000002e-06,1.28711205e-06,8.17342029e-07,5.755146060000001e-07,4.84866246e-07,3.9755369700000003e-07,8.232422239999999e-07,2.04903959e-07,2.91986613e-06,62.440601300000004,13.093161349999999,7.57611724e-09,8.6951655,0.00172843564,0.15431451,0.001219799388,0.000154530528,0.0027088389499999995,0.5892676220000002,0.001219799388,0.000154530528,0.00576136311,3.656298621,0.001219799388,0.000154530528,0.00488627429,2.2355710120000003,0.001219799388,0.000154530528,2.5025861740112303
155,1661764200,8.65246131e-05,8.65247254e-05,0.0318061752,0.7197045325,0.046398091600000003,0.00724551161,0.0150851937,0.011514368,2.1238401000000003e-05,0.0001316940956,65.1136358,141.9,2.59349256e-05,8.39098215e-06,1.9175486399999997e-06,9.76357807e-07,6.82090886e-07,5.45490259e-07,4.48181361e-07,3.79480858e-07,8.466120409999999e-07,2.1141305000000004e-07,2.92917449e-06,68.25556700000001,15.743926599999998,2.39332333e-09,8.862993499999998,0.0016392838099999999,0.1307958994,0.00010492063399999999,1.609166205e-05,0.0022919056,0.263595916,0.00010492063399999999,1.609166205e-05,0.004482492709999999,1.02820915,0.00010492063399999999,1.609166205e-05,0.00384126423,0.762351681,0.00010492063399999999,1.609166205e-05,2.502754020690918
155,1661764800,7.6384028e-05,7.638412150000001e-05,0.028906578590000002,0.573433145,0.0418164744,0.00679965746,0.014228739399999999,0.01082554035,1.77665818e-05,0.00011153012900000001,58.05943990000001,128.5,2.19233529e-05,7.33320511e-06,1.90763945e-06,9.97221184e-07,6.767531920000001e-07,5.44066991e-07,4.34585353e-07,3.81319563e-07,8.270943149999999e-07,2.27266289e-07,2.93940821e-06,70.00146610000002,17.781124400000003,2.06723392e-09,8.901655450000002,0.0016289314099999998,0.12965839699999998,6.47141473e-05,1.170005192e-05,0.00222538431,0.252749285,6.47141473e-05,1.170005192e-05,0.004013170030000001,0.827790216,6.47141473e-05,1.170005192e-05,0.00362665109,0.69095833,6.47141473e-05,1.170005192e-05,2.502636528015137
155,1661765400,0.0001885547239,0.00018855483600000003,0.08067157097000001,5.8946895370000005,0.0841054419,0.00799568045,0.01700554335,0.012120879499999999,0.0001513824405,0.0011485019300999997,64.23076999999999,153.0,6.56640439e-05,1.693166641e-05,3.46228764e-06,1.4016936e-06,8.927082660000001e-07,8.126195329999999e-07,5.731482750000001e-07,4.1344586700000003e-07,9.089362349999999e-07,2.20894329e-07,2.99547876e-06,65.51768690000002,16.15336383,5.75149353e-09,8.7932808,0.0017819458299999998,0.1781222844,0.00033879756279999997,5.424113066000001e-05,0.00249506671,0.5258609219999999,0.00033879756279999997,5.424113066000001e-05,0.00471718842,2.019349183,0.00033879756279999997,5.424113066000001e-05,0.0044720913,2.313918355,0.00033879756279999997,5.424113066000001e-05,2.502813220024109
155,1661766000,6.42665409e-05,6.42666176e-05,0.000616778799999998,0.28607755,0.0339459247,0.006303262330000001,0.01317875305,0.010119605149999999,1.2774754100000001e-05,7.944680960000001e-05,50.888111099999996,113.3,1.6629042100000003e-05,6.730544509999999e-06,1.72608715e-06,9.695152249999998e-07,6.851138109999999e-07,5.24477646e-07,4.46059974e-07,3.75497716e-07,8.352640060000001e-07,2.25149252e-07,2.98624103e-06,71.86293400000001,20.0985221,1.67461522e-09,8.947171549999998,0.0016128452000000002,0.12701460599999997,4.8684291e-05,8.549870019999998e-06,0.0021348276799999996,0.22333543100000003,4.8684291e-05,8.549870019999998e-06,0.0035389149099999996,0.634404905,4.8684291e-05,8.549870019999998e-06,0.0033527356899999998,0.565609336,4.8684291e-05,8.549870019999998e-06,2.502396893501282
155,1661766600,8.37263104e-05,8.37263416e-05,0.0475108812,0.5704842400000001,0.0426270307,0.00714828945,0.014884747650000002,0.0113428286,2.056578085e-05,0.0001361499645,63.865384299999995,144.5,2.44606521e-05,8.28217075e-06,2.03166259e-06,1.0187268399999998e-06,6.9365206e-07,5.447617370000001e-07,4.4468962000000004e-07,3.9683735700000005e-07,8.2811046e-07,2.2617955999999997e-07,2.9344020299999993e-06,68.7404135,16.2069538,2.3015842599999998e-09,8.872639500000002,0.00167378635,0.136270858,0.00010367861389999999,1.5152186450000004e-05,0.00231847926,0.26640202599999996,0.00010367861389999999,1.5152186450000004e-05,0.0043412083300000005,0.9616833850000001,0.00010367861389999999,1.5152186450000004e-05,0.00380097192,0.7390001250000001,0.00010367861389999999,1.5152186450000004e-05,2.5026586294174193
155,1661767200,6.56402611e-05,6.56403023e-05,0.04902133785,0.7975384719999999,0.047460602799999994,0.006364698020000001,0.013138778200000001,0.010109498250000001,1.398904105e-05,9.400490049999998e-05,51.64160820000001,125.7,1.7342462999999997e-05,6.52961961e-06,1.81668794e-06,1.009175096e-06,6.999840449999999e-07,5.551632560000001e-07,4.4435431e-07,3.9084025199999993e-07,8.407380940000001e-07,2.2375324300000004e-07,2.9666776e-06,71.41482799999999,19.7464058,1.71669239e-09,8.94337725,0.00164256796,0.13293090200000002,7.070787740000001e-05,1.0037691979999999e-05,0.00217731517,0.234421414,7.070787740000001e-05,1.0037691979999999e-05,0.0036009261599999993,0.655136132,7.070787740000001e-05,1.0037691979999999e-05,0.00336407076,0.570098023,7.070787740000001e-05,1.0037691979999999e-05,2.5025826930999755
155,1661767800,7.14327783e-05,7.143284399999999e-05,0.19812657323,5.233070021999999,0.0578922831,0.00656731238,0.0135619291,0.010438694599999998,1.8830011749999998e-05,0.000146721271,54.7360146,123.3,1.88380465e-05,7.60602607e-06,1.9598499399999997e-06,1.0384435749999999e-06,7.19453838e-07,5.71428044e-07,4.6762257499999997e-07,4.04843992e-07,8.595419980000001e-07,2.15924297e-07,3.03360732e-06,70.5639238,18.9535363,1.8919778699999997e-09,8.923881749999998,0.0016609983700000002,0.137245965,8.17124379e-05,1.15554564e-05,0.0022275332199999994,0.26280022300000005,8.17124379e-05,1.15554564e-05,0.0037838138500000005,0.74041922,8.17124379e-05,1.15554564e-05,0.0034365696299999996,0.608247045,8.17124379e-05,1.15554564e-05,2.5027129650115967
155,1661768400,7.287271970000001e-05,7.28727983e-05,0.042079799764,0.3140016644,0.0387800951,0.006686929980000001,0.013959834449999996,0.01069222255,1.525371105e-05,8.91235817e-05,56.86538459999999,118.5,2.0066331299999998e-05,7.31756393e-06,1.95729213e-06,1.0376512449999999e-06,6.96545943e-07,5.28296643e-07,4.4336905799999995e-07,3.7980943e-07,8.33492129e-07,2.1684291999999998e-07,2.95784341e-06,70.39016610000002,18.550377499999996,1.94949214e-09,8.915528550000001,0.00165159479,0.131815627,6.427601460000001e-05,1.11770447e-05,0.0022497493400000005,0.250263019,6.427601460000001e-05,1.11770447e-05,0.00385597158,0.7654818219999999,6.427601460000001e-05,1.11770447e-05,0.00357326693,0.650197698,6.427601460000001e-05,1.11770447e-05,2.5024895668029785
155,1661769000,0.0002585976696,0.00025859778210000006,-0.16560549619999995,25.659053985999996,0.12780447570000003,0.00840269955,0.0174481974,0.01238302015,0.0003995300149,0.0038427601663999994,69.5402109,153.9,0.00010269097660000001,1.602366546e-05,2.87672325e-06,1.2331401800000002e-06,8.017033099999998e-07,6.807610139999999e-07,5.3028034e-07,4.17099013e-07,8.79238606e-07,2.05055626e-07,2.95948927e-06,62.71939640000001,14.02944325,8.123136720000001e-09,8.6959876,0.0017586059000000002,0.164956456,0.005074911979000001,0.00048395267255000007,0.0025274800599999997,0.425861848,0.005074911979000001,0.00048395267255000007,0.00537732376,5.074413416,0.005074911979000001,0.00048395267255000007,0.00441517127,1.4311552730000003,0.005074911979000001,0.00048395267255000007,2.5026498556137087
155,1661769600,7.59744624e-05,7.59745025e-05,0.017037901050000002,0.24603683480000002,0.037612423799999996,0.00689252982,0.01430916765,0.011084989600000001,1.55191272e-05,0.00010784939560000001,60.8269234,121.6,2.10997295e-05,7.78676134e-06,1.98889829e-06,1.0557295130000001e-06,6.91257403e-07,5.490686660000001e-07,4.4820524e-07,3.8126729399999995e-07,8.415750050000001e-07,2.0467733500000002e-07,2.93863196e-06,69.6094325,17.488924899999997,2.0479868e-09,8.8983253,0.00166139555,0.133820083,6.88930018e-05,1.1219373499999999e-05,0.0022998578500000003,0.26130871299999997,6.88930018e-05,1.1219373499999999e-05,0.0040461992,0.815745296,6.88930018e-05,1.1219373499999999e-05,0.0036742428,0.677745667,6.88930018e-05,1.1219373499999999e-05,2.5025799751281737
155,1661770200,8.409629019999999e-05,8.409657e-05,0.025695479639999998,0.3644038666,0.0422606203,0.0072300329600000005,0.015040766450000001,0.011572652249999999,1.74365926e-05,0.00011632843879999999,66.48951179999999,129.2,2.4253059700000002e-05,8.59183184e-06,2.06286495e-06,1.047085135e-06,7.2552039e-07,5.4364097e-07,4.49823705e-07,3.97244373e-07,8.33423248e-07,2.04797385e-07,2.9385301800000005e-06,68.38067879999998,16.222985,2.3065165799999997e-09,8.8728149,0.0016866542800000003,0.13778050400000003,7.801725469999999e-05,1.23320292e-05,0.00236550975,0.27616588099999995,7.801725469999999e-05,1.23320292e-05,0.0043886417,0.9338043450000001,7.801725469999999e-05,1.23320292e-05,0.00392144517,0.763925388,7.801725469999999e-05,1.23320292e-05,2.502641129493713
155,1661770800,0.0001273218413,0.000127321925,0.1254851726,24.347214008700004,0.08805473550000001,0.0071002550300000005,0.0143253936,0.011092365949999999,0.0002498118461,0.0026178493519999997,61.17132790000001,129.7,4.2962971300000004e-05,1.1414457429999999e-05,2.08040019e-06,1.0645147399999998e-06,7.29402178e-07,5.52144242e-07,4.4247627200000006e-07,3.90010146e-07,8.39741141e-07,2.1239397599999996e-07,2.97173593e-06,66.9976806,15.982981020000002,3.7439664900000005e-09,8.815847999999999,0.0016732132100000002,0.139653608,0.0006605595007,6.809939795e-05,0.00230388353,0.29556832,0.0006605595007,6.809939795e-05,0.0042171458000000005,1.281613388,0.0006605595007,6.809939795e-05,0.0038774890200000004,1.634656085,0.0006605595007,6.809939795e-05,2.502702069282532
155,1661771400,6.442028979999999e-05,6.44203318e-05,0.04296200767,0.538822174174,0.0477208009,0.00635082959,0.013124302099999999,0.0101443329,1.2143898050000001e-05,8.59431082e-05,52.1188804,110.1,1.66843071e-05,6.6590630699999996e-06,1.79166908e-06,9.8926991e-07,6.866455079999999e-07,5.43901932e-07,4.50142306e-07,3.7878481399999995e-07,8.55749147e-07,2.13767795e-07,2.95582569e-06,71.725553,19.9661509,1.6771115399999998e-09,8.9466963,0.0016231296999999999,0.130319358,5.03120964e-05,8.389375110000001e-06,0.0021466721400000004,0.22599913300000002,5.03120964e-05,8.389375110000001e-06,0.0036207661599999994,0.640415087,5.03120964e-05,8.389375110000001e-06,0.0033532493000000005,0.561195196,5.03120964e-05,8.389375110000001e-06,2.502661180496216
155,1661772000,9.11631774e-05,9.11632211e-05,0.08935747899999999,5.541502800000001,0.0800940251,0.00723636535,0.014857532500000001,0.01134062515,3.75384524e-05,0.000283691444,64.13811199999999,149.9,2.55465704e-05,8.965626420000002e-06,2.31519535e-06,1.3077743399999999e-06,1.004065929e-06,1.060110941e-06,6.951742499999999e-07,4.983880479999999e-07,9.583452679999999e-07,2.1694646900000002e-07,3.0129621400000005e-06,67.31189829999998,16.6434469,2.49558563e-09,8.863728599999998,0.0017574152900000002,0.19223396099999998,0.0001006657218,1.642932826e-05,0.0023053797300000003,0.300497979,0.0001006657218,1.642932826e-05,0.00431207099,0.991658585,0.0001006657218,1.642932826e-05,0.0038335704800000004,0.809903451,0.0001006657218,1.642932826e-05,2.502593970298767
155,1661772600,0.0001275391734,0.0001275392225,-0.6833993082,22.513529673,0.07872804819999998,0.00739922849,0.014951663499999998,0.011160924999999999,0.0001453214095,0.001378088319,61.094405699999996,160.6,4.3680761099999995e-05,1.0542965370000002e-05,2.3341767000000002e-06,1.096191996e-06,7.19126169e-07,5.485993650000001e-07,4.4841270699999995e-07,3.9248849400000003e-07,8.25708449e-07,2.2067084700000003e-07,2.96038773e-06,65.229125,14.259700230000002,3.72901158e-09,8.777085099999999,0.00167437363,0.1420251686,0.0011165538824,0.0001138847788,0.00232911837,0.354124004,0.0011165538824,0.0001138847788,0.00452719402,1.8991835509999997,0.0011165538824,0.0001138847788,0.0038916053399999997,0.965903814,0.0011165538824,0.0001138847788,2.5027482748031615
155,1661773200,7.37179624e-05,7.37180656e-05,0.11323965269999998,6.700377776000001,0.07602850520000001,0.00648139068,0.013467165449999999,0.01024967365,2.7524513400000003e-05,0.00020518449709999996,52.0157334,134.3,2.0529292350000002e-05,7.2308016800000005e-06,1.93488494e-06,9.9731454e-07,6.829381220000001e-07,5.483021949999999e-07,4.6228533199999995e-07,4.0517672000000005e-07,8.517814889999999e-07,2.231993e-07,2.9922133199999995e-06,70.67465899999999,18.7798595,1.97442432e-09,8.920106099999998,0.0016386396500000001,0.13466325199999998,0.0001702787719,2.0199245399999997e-05,0.00214133,0.244965396,0.0001702787719,2.0199245399999997e-05,0.0037934124600000002,0.8131775730000002,0.0001702787719,2.0199245399999997e-05,0.00333028879,0.625457046,0.0001702787719,2.0199245399999997e-05,2.5026591300964354
155,1661773800,9.23276653e-05,9.232768999999999e-05,0.1549781478,6.2985432800000005,0.0730032612,0.007216630429999998,0.015080953,0.0114283383,4.54582984e-05,0.00039918630799999996,64.0367148,149.7,2.7309072800000005e-05,9.486981619999998e-06,2.09231716e-06,1.0386532839999998e-06,7.4097562e-07,5.671473100000001e-07,4.6975215600000007e-07,3.77637923e-07,8.447720340000001e-07,2.4059548999999997e-07,2.9947313300000002e-06,67.81788200000001,15.974991400000002,2.57207142e-09,8.8472651,0.00166861123,0.143613767,0.00025208737400000004,2.9281022299999998e-05,0.00232263608,0.294412303,0.00025208737400000004,2.9281022299999998e-05,0.0043795864299999996,1.0845009700000001,0.00025208737400000004,2.9281022299999998e-05,0.0038771972000000007,0.8245261300000001,0.00025208737400000004,2.9281022299999998e-05,2.502886414527893
155,1661774400,0.00019587929190000003,0.0001958794895,-0.20814639319999997,9.71611856,0.09325334110000001,0.00864139642,0.0176030967,0.012851545,0.00016845618515,0.001244098242,74.64160960000001,167.6,7.176731869999999e-05,1.5909717300000003e-05,2.7396293100000002e-06,1.2109561689999999e-06,7.82573641e-07,5.635672039999999e-07,4.49007519e-07,3.89104195e-07,8.424658160000002e-07,2.5326779200000003e-07,3.0299697899999997e-06,62.735060499999996,13.523367279999997,5.999978150000001e-09,8.69538185,0.0017272054499999998,0.15263237400000002,0.0011236517209,0.0001223090971,0.0026259261000000002,0.4509469930000001,0.0011236517209,0.0001223090971,0.00549847064,2.8904144649999997,0.0011236517209,0.0001223090971,0.00463123255,1.754591528,0.0011236517209,0.0001223090971,2.5022809505462646
155,1661775000,8.746654090000001e-05,8.74666515e-05,0.039299734200000006,0.659859988,0.04636994330000001,0.007282134030000001,0.015237844099999998,0.011593983700000001,2.165441675e-05,0.0001515661629,66.4807696,141.8,2.5555708000000002e-05,8.9707179e-06,1.99865337e-06,1.002716174e-06,6.915840519999999e-07,5.48872774e-07,4.5747682399999996e-07,3.7672796200000003e-07,8.41784183e-07,2.45198044e-07,3.04031719e-06,68.54871089999999,16.32065325,2.4148414599999998e-09,8.859705000000002,0.001659741,0.13378331200000002,8.792182870000001e-05,1.4148139099999998e-05,0.0023421486899999995,0.27354229500000005,8.792182870000001e-05,1.4148139099999998e-05,0.004370276670000001,0.968576165,8.792182870000001e-05,1.4148139099999998e-05,0.00397430023,0.8230737379999999,8.792182870000001e-05,1.4148139099999998e-05,2.5026493310928344
155,1661775600,8.331465960000001e-05,8.3314826e-05,0.02903142274,0.4428324900000001,0.0406187396,0.007163867579999999,0.0150080929,0.011535608499999999,1.8182364400000005e-05,0.0001206304329,64.68531420000001,128.4,2.39588126e-05,8.499096910000001e-06,2.01873161e-06,1.023454037e-06,6.817666300000001e-07,5.45376709e-07,4.4485087100000005e-07,3.7776558e-07,8.26721942e-07,2.4425176e-07,3.0330864999999995e-06,68.9526265,16.9757033,2.28125913e-09,8.874573799999999,0.0016743074100000002,0.13579039300000004,7.765202099999999e-05,1.27903342e-05,0.00231524743,0.26903235200000003,7.765202099999999e-05,1.27903342e-05,0.00430595557,0.9235626769999999,7.765202099999999e-05,1.27903342e-05,0.0038972481599999997,0.7611544410000001,7.765202099999999e-05,1.27903342e-05,2.5026276111602783
155,1661776200,7.85048497e-05,7.850490219999999e-05,0.06836639757999999,3.2319669815,0.0524684908,0.00675443138,0.0140123416,0.0107205781,3.0824368470000004e-05,0.0002657391466,56.641608500000004,131.3,2.16189458e-05,8.27662704e-06,2.0822226699999996e-06,1.073410146e-06,6.95851846e-07,5.611063959999999e-07,4.5766391999999996e-07,3.808748959999999e-07,8.32859574e-07,2.42685062e-07,3.0240446400000003e-06,70.03631329999999,19.0918644,2.12629278e-09,8.8993184,0.0016561981100000002,0.13960310439999998,8.10291621e-05,1.2762888669999998e-05,0.00224057501,0.253807875,8.10291621e-05,1.2762888669999998e-05,0.0038623035799999995,0.7983891940000001,8.10291621e-05,1.2762888669999998e-05,0.00364172386,0.760751588,8.10291621e-05,1.2762888669999998e-05,2.502639627456665
155,1661776800,0.00010254017990000001,0.00010254031309999999,0.06878535242,2.8775186679999996,0.05444189469999999,0.00783724354,0.016376136399999998,0.0124952241,3.615871940000001e-05,0.0002918897144,74.77098,151.6,3.1090370200000004e-05,1.0389768e-05,2.33312815e-06,1.14988949e-06,7.58347312e-07,5.682515580000001e-07,4.55541811e-07,3.932749739999999e-07,8.32633436e-07,2.4674388500000006e-07,3.04840753e-06,66.46853730000001,14.636964599999999,2.8963032e-09,8.814179800000002,0.0017084413899999997,0.146791778,0.0001355636625,1.98914121e-05,0.0024781044600000004,0.31478238399999997,0.0001355636625,1.98914121e-05,0.00486108373,1.2275849099999998,0.0001355636625,1.98914121e-05,0.004223479810000001,0.93949374,0.0001355636625,1.98914121e-05,2.5025997161865234
155,1661777400,0.00017162927640000002,0.0001716293545,-0.22833383197000004,7.36270238,0.0821566138,0.008760280660000001,0.0181600768,0.0132526098,0.00013548536759999997,0.0011271020710000002,79.9999992,177.0,5.73598507e-05,1.683984395e-05,3.53600665e-06,1.36900929e-06,8.45389362e-07,6.69012147e-07,5.422905909999999e-07,4.3426912400000004e-07,9.26474069e-07,2.4503403400000004e-07,3.0448902299999998e-06,62.404337399999996,13.031051099999999,5.1455158500000006e-09,8.7108551,0.0017903783699999998,0.17171069199999997,0.0006428170908,8.027152689999998e-05,0.0027447050500000003,0.519237371,0.0006428170908,8.027152689999998e-05,0.00564750625,2.47161689,0.0006428170908,8.027152689999998e-05,0.00468233362,1.433202558,0.0006428170908,8.027152689999998e-05,2.50256986618042
155,1661778000,0.00027290047299999997,0.00027290053650000004,0.10788043049999999,28.368517056,0.133091973,0.008633285979999999,0.0176558027,0.01327464455,0.0007698945253,0.008108169663000002,80.83915979999999,153.7,9.493157260000001e-05,2.9841834999999995e-05,3.84568508e-06,1.3984935899999999e-06,8.973429e-07,6.217971769999999e-07,4.50418174e-07,3.97755687e-07,8.394670959999999e-07,2.4272533599999997e-07,2.9823606600000005e-06,61.934486099999994,12.7589613,8.520045390000001e-09,8.67977985,0.00175549841,0.21371989600000002,0.0026371454576000005,0.0003056158523,0.00261493456,0.38489262100000005,0.0026371454576000005,0.0003056158523,0.0055181117,4.374682633000001,0.0026371454576000005,0.0003056158523,0.00480563568,2.528613986,0.0026371454576000005,0.0003056158523,2.5027180910110474
155,1661778600,0.00021244768100000004,0.00021244794599999998,-0.46706163339999984,28.216606088400006,0.11909292810000001,0.009307580340000001,0.018974732100000002,0.0141409973,0.0001958427339,0.0016389808149999997,86.5909085,182.6,7.32370371e-05,2.09711669e-05,3.95362971e-06,1.5534361199999998e-06,8.940208690000001e-07,6.220908899999999e-07,4.6895879599999996e-07,3.93636806e-07,8.523426420000001e-07,2.35329022e-07,3.0407181e-06,60.249739999999996,11.70399272,6.484964530000001e-09,8.6443998,0.0017968725099999998,0.170979447,0.0017894083767,0.0001841627248,0.00284934897,0.599702739,0.0017894083767,0.0001841627248,0.006005951689999999,3.0920876900000005,0.0017894083767,0.0001841627248,0.005144975579999999,1.90737558,0.0017894083767,0.0001841627248,2.50267174243927
155,1661779200,0.00014355720919999998,0.0001435572534,0.0781684213,27.772698599,0.1147546193,0.00663175565,0.013278654399999998,0.0101854883,0.00024096629365,0.0023385069051,52.00874100000001,129.6,5.277856380000001e-05,9.2052391e-06,2.30113741e-06,1.113757165e-06,7.5044201e-07,5.85669442e-07,4.94626371e-07,4.02918708e-07,8.64033395e-07,2.36853334e-07,3.0438890100000004e-06,68.4412681,18.84278096,4.29932505e-09,8.846478200000002,0.00164966698,0.1466756264,0.0028564983209,0.00027392168488000004,0.00218740859,0.30628000899999996,0.0028564983209,0.00027392168488000004,0.00394276718,2.6609037869999996,0.0028564983209,0.00027392168488000004,0.00334976986,0.6950081020000001,0.0028564983209,0.00027392168488000004,2.50230758190155
155,1661779800,7.13308256e-05,7.13308737e-05,0.0762979698,3.4022053752999994,0.0521732526,0.00649774375,0.01344379155,0.010326818,2.7412435949999998e-05,0.000241817595,53.2290204,120.7,1.9505323600000004e-05,7.236170310000001e-06,1.81060761e-06,9.99631497e-07,6.762759619999999e-07,5.192697909999999e-07,4.55440207e-07,3.74678342e-07,8.445825199999999e-07,2.22289723e-07,3.01796171e-06,70.9917845,19.3281952,1.9015994399999997e-09,8.91936305,0.00163223039,0.130159722,0.00011439288889999999,1.5355062450000003e-05,0.0021327256899999997,0.23770302499999998,0.00011439288889999999,1.5355062450000003e-05,0.00381586266,0.7868481509999998,0.00011439288889999999,1.5355062450000003e-05,0.0034001279799999997,0.597251631,0.00011439288889999999,1.5355062450000003e-05,2.5025624513626097
155,1661780400,0.000146128328,0.0001461283956,-0.8827026184500001,36.51693795125,0.0836319695,0.0070181240300000005,0.014174041799999999,0.010930901400000002,0.00028475865574999995,0.0029752977789999995,60.1993011,133.4,4.532992160000001e-05,1.7527422320000002e-05,2.7535290999999997e-06,1.1512955240000002e-06,7.5633673e-07,5.87580202e-07,4.496413230000001e-07,3.8380219599999995e-07,8.353319749999999e-07,2.3259769e-07,3.0479444799999996e-06,67.4093774,17.49944106,4.328554879999999e-09,8.827956,0.00166555993,0.16463038200000002,0.0016348578674000001,0.00016614656415,0.0023472881300000002,0.618070304,0.0016348578674000001,0.00016614656415,0.00420675185,2.233346667,0.0016348578674000001,0.00016614656415,0.0037094608300000005,0.868739824,0.0016348578674000001,0.00016614656415,2.502524209022522
155,1661781000,8.482866889999999e-05,8.48291549e-05,0.035491385400000006,0.27248024349999994,0.0423428014,0.00725866933,0.015112365999999997,0.01163294315,1.8322402649999997e-05,0.00012050589200000001,66.7937078,135.2,2.4611908e-05,8.59421307e-06,1.9918939199999995e-06,1.05528124e-06,6.987887769999999e-07,5.52882149e-07,4.3530844599999997e-07,3.7660118099999997e-07,8.179355440000001e-07,2.3901141299999996e-07,3.03992112e-06,68.8335849,16.715679,2.3316203000000004e-09,8.871446600000002,0.00167226489,0.13657487399999999,6.973736180000001e-05,1.1995069259999997e-05,0.00232080852,0.265950993,6.973736180000001e-05,1.1995069259999997e-05,0.004373795880000001,0.9464516759999999,6.973736180000001e-05,1.1995069259999997e-05,0.0038899788500000006,0.773806978,6.973736180000001e-05,1.1995069259999997e-05,2.502655100822449
155,1661781600,6.799524680000001e-05,6.79953564e-05,0.08167273404,0.6494750279999999,0.0460674735,0.00651801045,0.013488107000000003,0.01044471605,1.4173425800000002e-05,0.0001058871167,54.80769239999999,107.7,1.83872459e-05,6.6020390000000005e-06,1.82478366e-06,9.833073289999998e-07,6.925292610000001e-07,5.51201379e-07,4.56281732e-07,3.8511708100000005e-07,8.612860479999999e-07,2.2189832e-07,3.03013461e-06,71.364335,19.4699427,1.7904847799999998e-09,8.9344189,0.0016251134900000003,0.1294287024,4.82675408e-05,8.37798212e-06,0.0021669949600000003,0.22947585399999998,4.82675408e-05,8.37798212e-06,0.003748101840000001,0.680054562,4.82675408e-05,8.37798212e-06,0.00351147656,0.616455857,4.82675408e-05,8.37798212e-06,2.5026065826416017
155,1661782200,6.785485179999999e-05,6.78548992e-05,0.04014051347,0.315110887,0.0375718922,0.00648476055,0.013496897749999997,0.0104032626,1.388307895e-05,9.30110489e-05,54.323427200000005,117.8,1.8224372300000003e-05,6.78981661e-06,1.8143976999999999e-06,1.0118206150000001e-06,6.895679e-07,5.459324630000001e-07,4.4446417e-07,3.7673844899999996e-07,8.16208432e-07,2.1702610299999998e-07,2.99301766e-06,71.3344506,19.4676225,1.7896738100000003e-09,8.93185505,0.0016482329100000002,0.131564839,6.36358937e-05,9.95748468e-06,0.00217267563,0.23163174399999997,6.36358937e-05,9.95748468e-06,0.00376874238,0.7141659670000001,6.36358937e-05,9.95748468e-06,0.00339697994,0.5810765739999999,6.36358937e-05,9.95748468e-06,2.5026668548583983
155,1661782800,8.203506819999999e-05,8.203512e-05,0.242902452534,7.782371042699998,0.06113304900000001,0.00650114938,0.0133726433,0.010189660100000001,6.09764237e-05,0.0005932176548,51.7430067,124.1,2.309379455e-05,8.685196959999999e-06,2.07110292e-06,1.00518367e-06,7.095284639999999e-07,5.410842310000001e-07,4.48365496e-07,3.81062302e-07,8.38111372e-07,2.3437798e-07,3.00676189e-06,70.3051849,19.1768416,2.24610907e-09,8.9025038,0.00163920036,0.1336177456,0.00046764501169999995,4.742687000000001e-05,0.0021333616400000003,0.248834433,0.00046764501169999995,4.742687000000001e-05,0.0036778216600000004,0.9492408219999999,0.00046764501169999995,4.742687000000001e-05,0.00347722761,0.7228393449999999,0.00046764501169999995,4.742687000000001e-05,2.502578592300415
155,1661783400,8.341541499999998e-05,8.341545399999999e-05,0.22912897042,4.8318483015,0.0584415876,0.006687176340000001,0.013737041250000002,0.010493315,5.17640523e-05,0.0004683800482,55.33566510000001,128.6,2.45937948e-05,7.881798860000001e-06,1.8716714700000003e-06,1.0571227239999999e-06,7.15482997e-07,5.60864659e-07,4.82439299e-07,3.92134722e-07,8.94351924e-07,2.3784233500000002e-07,3.01933434e-06,69.85547,18.6843651,2.2894140000000003e-09,8.89439295,0.00166223408,0.13779877950000002,0.00025908279150000003,3.221014148e-05,0.0021763338,0.250549716,0.00025908279150000003,3.221014148e-05,0.0038800392200000005,1.0111374309999999,0.00025908279150000003,3.221014148e-05,0.00354576066,0.691178134,0.00025908279150000003,3.221014148e-05,2.5026142835617065
155,1661784000,0.00021397905010000001,0.00021397916620000002,0.2666574006000001,21.986935832999997,0.1092100753,0.00739442507,0.014207933700000003,0.0106422634,0.0002956590784,0.0023580422489999997,55.3076923,140.9,7.832587905e-05,1.753699618e-05,3.2390827499999995e-06,1.4624774549999998e-06,8.650135160000002e-07,5.99261289e-07,4.756587379999999e-07,3.8517494899999995e-07,8.58707538e-07,2.29854187e-07,3.0113417800000002e-06,65.4153173,16.65011422,6.621408860000001e-09,8.766566540000001,0.0016935888900000001,0.1721860831,0.0017506372725,0.00019702637866999997,0.0023841309700000004,0.5097634120000001,0.0017506372725,0.00019702637866999997,0.0046239889499999996,3.4956907509999993,0.0017506372725,0.00019702637866999997,0.0037994006500000005,1.6497531249999997,0.0017506372725,0.00019702637866999997,2.502562713623047
155,1661784600,0.0002835873231,0.000283587636,-0.6601845017,24.571707741000004,0.1035602726,0.00992862456,0.0205967135,0.015596856350000002,0.0003363368982,0.0033919904696,85.4300689,171.0,0.00010035546500000001,2.866838895e-05,4.54802173e-06,1.6438996400000002e-06,9.38581258e-07,6.6725817e-07,4.89403741e-07,4.1634284899999994e-07,8.616851880000001e-07,2.19772479e-07,2.9836365000000004e-06,60.29656779999999,12.511970369999998,8.86082752e-09,8.6433082,0.0019341317100000002,0.20924701999999998,0.0027108095708,0.00026586805440000007,0.0030548830899999996,0.6881116480000001,0.0027108095708,0.00026586805440000007,0.006251747969999999,4.082659917000001,0.0027108095708,0.00026586805440000007,0.00562829982,2.8095509180000002,0.0027108095708,0.00026586805440000007,2.502885270118713
155,1661785200,8.614582149999999e-05,8.6146159e-05,-0.016880863900000005,1.868979242,0.0531515718,0.00713947679,0.014732865749999999,0.01133119015,2.79361645e-05,0.00021111705549999997,63.94755250000001,140.7,2.5093988399999998e-05,8.737971910000002e-06,2.0415282699999997e-06,1.0591090199999998e-06,7.12013804e-07,5.58210628e-07,4.53438357e-07,3.76623645e-07,8.274234300000001e-07,2.2744189999999996e-07,2.9847251899999997e-06,68.4921025,16.5364681,2.3731080400000003e-09,8.8684036,0.00168898145,0.138401764,9.526329779999999e-05,1.4725937749999999e-05,0.00230847825,0.26606684100000005,9.526329779999999e-05,1.4725937749999999e-05,0.004228657640000001,0.9415176289999998,9.526329779999999e-05,1.4725937749999999e-05,0.00390223136,0.81982277,9.526329779999999e-05,1.4725937749999999e-05,2.5025030374526978
155,1661785800,0.00027815844489999995,0.00027815859610000007,0.36198201237000005,33.768325228600006,0.15769587229999998,0.007644309599999999,0.01525727,0.0114021629,0.0007212768093500001,0.007601315068800002,62.7430069,142.7,9.649423699999998e-05,3.115604101999999e-05,3.5287904699999995e-06,1.5235721339999998e-06,9.000370279999999e-07,5.82592725e-07,4.75581103e-07,3.95665117e-07,8.4945748e-07,2.22063231e-07,2.9512109e-06,63.81936,15.267200359999999,8.71849527e-09,8.728570300000001,0.0016906374000000002,0.157102635,0.0021984836729,0.00026543346534,0.00247747403,0.898031956,0.0021984836729,0.00026543346534,0.00475769968,3.799842334000001,0.0021984836729,0.00026543346534,0.00406064302,2.7984558100000005,0.0021984836729,0.00026543346534,2.5026742696762083
155,1661786400,7.690085980000001e-05,7.690094e-05,0.09473258060000002,1.6259823709999999,0.0619746037,0.00684936201,0.014151654650000001,0.010872610600000002,1.97832844e-05,0.0001468112515,59.260489400000004,132.3,2.17085371e-05,7.45731138e-06,1.9996413500000006e-06,1.0464250849999999e-06,7.245129750000001e-07,5.64795877e-07,4.77763499e-07,3.86396576e-07,8.58593261e-07,2.23179402e-07,3.00158178e-06,69.6480836,17.6727324,2.07083248e-09,8.9008652,0.00165744928,0.136744555,8.4035741e-05,1.2493267950000001e-05,0.00223956461,0.25417602100000003,8.4035741e-05,1.2493267950000001e-05,0.00408195373,0.838312924,8.4035741e-05,1.2493267950000001e-05,0.0036435690199999996,0.6802296190000001,8.4035741e-05,1.2493267950000001e-05,2.5025981187820436
155,1661787000,0.0002406947492,0.00024069480510000002,-0.20956493470000007,22.925328543,0.1341786578,0.0077534673299999995,0.014996514550000001,0.01138705805,0.00047039240614999995,0.004650969863099999,64.3041967,146.4,9.168596270000001e-05,1.853596705e-05,2.6520487799999997e-06,1.238279376e-06,7.397650669999999e-07,5.8048243e-07,4.48197822e-07,3.98520503e-07,8.456517739999998e-07,2.2226468800000004e-07,2.9978616200000002e-06,63.96158820000001,14.830084099999999,7.52269566e-09,8.71942203,0.00167898264,0.14776088699999998,0.0021387006480000003,0.0002276710274,0.00238233431,0.426707706,0.0021387006480000003,0.0002276710274,0.00474395658,3.069332476,0.0021387006480000003,0.0002276710274,0.00420367531,2.940655037,0.0021387006480000003,0.0002276710274,2.5025399684906007
155,1661787600,8.085950889999999e-05,8.085958709999998e-05,0.0608854522,0.4389628340000001,0.041333531599999994,0.007050342170000001,0.014646770049999999,0.011240133900000001,1.86528064e-05,0.00012059393070000001,63.1993008,135.8,2.2893339400000003e-05,8.29501849e-06,2.0150848599999997e-06,1.0306308349999999e-06,7.388161840000001e-07,5.68967735e-07,4.4751948599999996e-07,3.9188296500000005e-07,8.430387379999999e-07,2.1702232e-07,2.98536368e-06,69.1685699,17.071652399999998,2.20047529e-09,8.883452850000001,0.0016761815900000001,0.13695123599999998,8.76472063e-05,1.3148667419999999e-05,0.00231529788,0.265078725,8.76472063e-05,1.3148667419999999e-05,0.0041976743500000005,0.890035832,8.76472063e-05,1.3148667419999999e-05,0.0037862323200000005,0.731863978,8.76472063e-05,1.3148667419999999e-05,2.502618503570557
155,1661788200,8.817998990000001e-05,8.818006939999999e-05,0.048975158199999994,1.474460513,0.053617840800000004,0.0072468700600000005,0.015119977450000002,0.0114747957,2.47507266e-05,0.00015920387260000003,65.1853155,142.1,2.53653303e-05,9.324695949999999e-06,2.16494581e-06,1.0883689799999997e-06,7.09682536e-07,5.635418109999999e-07,4.43290654e-07,3.88881058e-07,8.43054636e-07,2.0998946799999997e-07,2.9838642199999997e-06,67.7232204,15.914252549999997,2.4344330499999996e-09,8.8541753,0.0016823886900000002,0.13906222599999998,0.0001214645081,1.6324134950000002e-05,0.0023870509000000002,0.29421511100000003,0.0001214645081,1.6324134950000002e-05,0.00429480072,0.9559198529999999,0.0001214645081,1.6324134950000002e-05,0.00398637759,0.8392469269999999,0.0001214645081,1.6324134950000002e-05,2.5027129888534545
155,1661788800,0.0006474118845,0.0006474120565,0.5869325867999999,49.075319099,0.1868233124,0.00991265006,0.02224484805,0.014148841199999998,0.0009698471927000001,0.008253831957,72.0524485,159.1,0.00023072515770000002,6.545037218e-05,1.3673030610000001e-05,4.54431869e-06,2.309880712e-06,1.260642329e-06,7.97252183e-07,6.141034179999999e-07,1.045122361e-06,2.2482661800000002e-07,3.05030178e-06,59.20300359999999,13.31730321,2.083929305e-08,8.643895740000001,0.0018735556399999999,0.387886538,0.0032099578106000006,0.00044844022850000005,0.00308004481,2.22548868,0.0032099578106000006,0.00044844022850000005,0.00653108663,10.245744354,0.0032099578106000006,0.00044844022850000005,0.00536080622,5.280886933000001,0.0032099578106000006,0.00044844022850000005,2.502651023864746
155,1661789400,0.0001315072886,0.0001315074071,0.2074995961,22.145976044999998,0.09109456769999999,0.00798577675,0.016459834200000002,0.012496687150000001,0.0001390468074,0.0013923159060000002,75.1748255,159.2,3.98650232e-05,1.4228145969999998e-05,3.4279957900000002e-06,1.56525915e-06,9.27550912e-07,6.871480889999999e-07,5.28720347e-07,4.38496213e-07,8.8726655e-07,2.2331677799999998e-07,2.97298579e-06,63.95256340000001,13.545168800000003,3.79868967e-09,8.7712755,0.00172189798,0.17997065,0.00046811979220000007,5.02378768e-05,0.002522784,0.42555434999999997,0.00046811979220000007,5.02378768e-05,0.004993370359999999,1.46910474,0.00046811979220000007,5.02378768e-05,0.00433210462,1.3792488090000001,0.00046811979220000007,5.02378768e-05,2.502581572532654
155,1661790000,0.00010351952710000001,0.00010351966059999999,0.40677144740000004,7.571072993,0.07250948389999999,0.00774278185,0.0162479931,0.0122875765,3.90787891e-05,0.0003072480626,72.676572,144.4,3.15472329e-05,1.0515793300000001e-05,2.3433837699999997e-06,1.1200412400000002e-06,7.47386423e-07,5.65190293e-07,4.61860532e-07,3.9373929499999996e-07,8.489305579999999e-07,2.2828015e-07,2.98721195e-06,66.1603503,14.4511598,2.92841774e-09,8.813748,0.0017039584899999998,0.14367245099999998,0.00024034886409999998,2.9097821400000002e-05,0.0024602249599999996,0.314231518,0.00024034886409999998,2.9097821400000002e-05,0.00472833151,1.2079612039999998,0.00024034886409999998,2.9097821400000002e-05,0.00427566963,0.9920934690000001,0.00024034886409999998,2.9097821400000002e-05,2.502729320526123
155,1661790600,0.000131793968,0.0001317940704,0.07014706580999999,4.443581352,0.0804466526,0.00859950076,0.01767780665,0.013473838100000001,6.1905626e-05,0.000565256768,83.47202899999999,166.1,4.2314139699999997e-05,1.3434643800000002e-05,2.77006009e-06,1.1729574599999999e-06,7.47330083e-07,5.86742293e-07,4.4982530799999997e-07,3.9869326000000005e-07,8.12688047e-07,2.2141126699999996e-07,2.9870814600000003e-06,63.688955899999996,12.679652999999998,3.8521027700000005e-09,8.742249300000001,0.0017356783900000002,0.150185218,0.0002922553565,3.8772644399999995e-05,0.0027195964699999998,0.40415913000000003,0.0002922553565,3.8772644399999995e-05,0.00543748073,1.67961341,0.0002922553565,3.8772644399999995e-05,0.00469897371,1.239363711,0.0002922553565,3.8772644399999995e-05,2.502527666091919
155,1661791200,0.0001197781142,0.00011977830309999999,0.0597836507,4.141003159,0.069009776,0.00829816408,0.0171059422,0.0130700217,5.07034511e-05,0.000430523719,80.04370689999999,149.9,3.77653563e-05,1.1923312199999998e-05,2.6784736099999996e-06,1.23329571e-06,7.745309900000001e-07,5.73187562e-07,4.56076846e-07,4.0482266600000003e-07,8.513539300000001e-07,2.2331781300000002e-07,3.00489484e-06,64.2206376,13.016253,3.4501052099999997e-09,8.7656922,0.00173933573,0.15616833100000002,0.00023207702160000002,2.99741608e-05,0.00257079347,0.345662743,0.00023207702160000002,2.99741608e-05,0.005250026390000001,1.4923190800000001,0.00023207702160000002,2.99741608e-05,0.0045569851,1.13351277,0.00023207702160000002,2.99741608e-05,2.5025026321411135
155,1661791800,0.0001124770386,0.00011247710060000001,0.09845147359499999,2.6620172859999998,0.0572129679,0.00821800303,0.0171923526,0.013124973600000001,3.740141990000001e-05,0.00030075188740000003,80.5926571,144.8,3.44089721e-05,1.18911643e-05,2.50929083e-06,1.17340858e-06,7.80577483e-07,5.68752851e-07,4.5723012400000005e-07,3.9596581600000003e-07,8.49035194e-07,2.2415041400000002e-07,2.9773217000000006e-06,64.8909552,13.482620700000002,3.2150035400000002e-09,8.783969299999999,0.0017356381500000001,0.15217103699999998,0.0001707551806,2.22876052e-05,0.00261630532,0.35160883899999995,0.0001707551806,2.22876052e-05,0.005130017170000001,1.3309140740000003,0.0001707551806,2.22876052e-05,0.00453538356,1.082330164,0.0001707551806,2.22876052e-05,2.5026593685150145
155,1661792400,9.737747800000001e-05,9.737755449999999e-05,0.07776581967,0.75173378648,0.0497269282,0.007714101280000001,0.01615008335,0.0123245917,2.37870578e-05,0.000154722836,72.98251719999999,149.3,2.8895452499999998e-05,1.02873519e-05,2.23569336e-06,1.1104612400000002e-06,7.41289401e-07,5.62253759e-07,4.50735962e-07,3.91215267e-07,8.368192010000001e-07,2.2688564200000004e-07,2.95040814e-06,66.63021540000001,14.649665950000003,2.73212179e-09,8.8255339,0.0017075990700000001,0.141587265,9.15211761e-05,1.5634307200000003e-05,0.00251133457,0.31173879499999996,9.15211761e-05,1.5634307200000003e-05,0.00471129274,1.1198507760000003,9.15211761e-05,1.5634307200000003e-05,0.004265735130000001,0.92033773,9.15211761e-05,1.5634307200000003e-05,2.5026546478271485
155,1661793000,0.00010071880829999999,0.0001007188881,0.085240606,1.6035904640000003,0.057091793099999996,0.007799323070000001,0.016129551800000003,0.01232986315,2.92808603e-05,0.000231170658,74.36538399999999,155.3,3.0835460000000004e-05,1.0053904200000001e-05,2.2376185400000003e-06,1.11601515e-06,7.28436461e-07,5.63177751e-07,4.5108073e-07,3.88848239e-07,8.42522832e-07,2.1710724799999999e-07,2.92332265e-06,66.284173,14.212844700000002,2.8453339999999998e-09,8.815085100000001,0.0017012963300000003,0.141209799,0.0001420422704,1.9424158599999998e-05,0.00249074026,0.3134387390000001,0.0001420422704,1.9424158599999998e-05,0.004820322879999999,1.1982914900000001,0.0001420422704,1.9424158599999998e-05,0.004249891309999999,0.9430178039999999,0.0001420422704,1.9424158599999998e-05,2.5026389837265013
155,1661793600,0.0001038763071,0.0001038764849,0.5835798354799999,10.163965805999998,0.10228410650000001,0.007750388670000001,0.0159214159,0.0121965954,4.11076506e-05,0.00037892255000000004,72.5664344,134.9,2.9623208e-05,1.08257814e-05,2.86980966e-06,1.4130287199999999e-06,9.59998868e-07,7.12895729e-07,5.73538092e-07,4.79369797e-07,1.0348930980000002e-06,2.33702835e-07,3.2118989499999995e-06,65.6075202,15.0512974,2.88180392e-09,8.83216955,0.00177772681,0.195201179,0.0001681030661,2.0897529250000003e-05,0.00255047582,0.356824573,0.0001681030661,2.0897529250000003e-05,0.00470500695,1.135081789,0.0001681030661,2.0897529250000003e-05,0.00422647534,0.950479681,0.0001681030661,2.0897529250000003e-05,2.502637529373169
155,1661794200,0.0006826542549,0.0006826544231,-0.19841625680000008,43.120990906,0.2518693267,0.00996994314,0.019654765400000003,0.013548536150000002,0.0015676009256,0.015902458555499998,75.56118860000001,163.0,0.00024328969299999996,7.301615649999999e-05,1.3395398220000001e-05,3.84437481e-06,1.722817387e-06,8.935162020000001e-07,5.878640220000001e-07,4.3831098e-07,9.106683069999999e-07,2.2067065399999997e-07,3.0073173199999997e-06,57.469059200000004,13.419940669999999,2.203031546e-08,8.566123990000001,0.00184894192,0.241551331,0.0100683142008,0.0010040088008100002,0.0030115743600000002,1.789332687,0.0100683142008,0.0010040088008100002,0.0066369266,11.521808656999998,0.0100683142008,0.0010040088008100002,0.00548677011,5.616331116,0.0100683142008,0.0010040088008100002,2.502748227119446
155,1661794800,7.833136250000001e-05,7.833138740000001e-05,0.05116550219999999,1.4102466059999998,0.0464563538,0.00680310472,0.01421006655,0.01076188565,2.3729089000000003e-05,0.00017744410769999998,58.117133,134.2,2.26048306e-05,7.527350279999999e-06,1.9763484500000002e-06,9.97253715e-07,6.92881898e-07,5.45117892e-07,4.4132090099999997e-07,3.8563784700000003e-07,8.46008003e-07,2.2166130200000003e-07,2.9271864099999997e-06,69.4057645,17.221223000000002,2.1270439999999998e-09,8.891948449999997,0.0016323581700000002,0.13022194560000003,0.00011508177590000002,1.5070626049999998e-05,0.00223979917,0.253330203,0.00011508177590000002,1.5070626049999998e-05,0.00403799507,0.85123475,0.00011508177590000002,1.5070626049999998e-05,0.00362870005,0.7205120289999999,0.00011508177590000002,1.5070626049999998e-05,2.502636981010437
155,1661795400,6.58769014e-05,6.58769413e-05,0.047530455000000006,0.595708691,0.0417400639,0.00633203737,0.013184919100000001,0.010110506949999999,1.5592941250000002e-05,0.00010511901549999999,50.9755246,122.0,1.7664595499999998e-05,6.52542973e-06,1.76691239e-06,9.59576026e-07,6.68621529e-07,5.35936423e-07,4.43421198e-07,3.6988077099999997e-07,8.315305119999999e-07,2.2152036999999998e-07,2.95083751e-06,71.625392,19.823433900000005,1.7315249099999998e-09,8.9415836,0.00162397266,0.1281360975,7.40591433e-05,1.117170187e-05,0.00210418732,0.22258815099999998,7.40591433e-05,1.117170187e-05,0.0036505995300000005,0.696582657,7.40591433e-05,1.117170187e-05,0.00327822917,0.558133314,7.40591433e-05,1.117170187e-05,2.5026074171066286
155,1661796000,8.3058591e-05,8.30587001e-05,0.8303680655999999,19.510008398999997,0.0746740725,0.0067464442999999995,0.013806557949999998,0.0106799882,5.868118695e-05,0.0005776593319,56.3916091,118.4,2.2231547900000002e-05,9.37030339e-06,2.4425899799999998e-06,1.124456011e-06,7.78332438e-07,5.801772529999999e-07,4.7538690000000005e-07,4.14497751e-07,8.911885100000001e-07,2.17173673e-07,3.0034287200000003e-06,69.1812588,18.0621815,2.25348167e-09,8.89810895,0.00165146409,0.15806891,0.00014968714780000001,1.8345782569999997e-05,0.00223512279,0.304133267,0.00014968714780000001,1.8345782569999997e-05,0.0039109109900000005,0.8473518170000001,0.00014968714780000001,1.8345782569999997e-05,0.00358729053,0.7685774009999999,0.00014968714780000001,1.8345782569999997e-05,2.5026567697525026
155,1661796600,0.00036130901599999997,0.0003613090914,0.44969419310000014,55.99079556860001,0.19663414279999997,0.00709466656,0.0135191275,0.01034637195,0.0011661093618,0.012237880570000002,53.8741259,152.1,0.0001149076209,4.727172251e-05,8.842678519999998e-06,2.54407615e-06,1.1041406730000002e-06,7.43149296e-07,5.702695830000001e-07,4.6911068200000004e-07,9.432243320000001e-07,2.22357366e-07,3.0357931400000003e-06,63.3951478,15.59257873,1.132967949e-08,8.74075827,0.0016776059700000002,0.1979477155,0.0051905090619,0.0005456496124,0.0023271687000000004,1.7134618449999999,0.0051905090619,0.0005456496124,0.00429628399,5.982691015,0.0051905090619,0.0005456496124,0.0037882657,2.1197466739999995,0.0051905090619,0.0005456496124,2.502393937110901
155,1661797200,0.0002030063121,0.00020300672369999998,-0.19196070790000003,12.4376290307,0.08831828480000001,0.007660518769999999,0.0161686615,0.01145581255,0.00022824500955,0.0020677666188000004,55.95454589999999,133.7,7.32384039e-05,1.726608422e-05,3.278077690000001e-06,1.4053584650000001e-06,8.089016210000001e-07,6.017126449999999e-07,4.81790233e-07,4.0443523199999995e-07,8.58175673e-07,2.19652928e-07,2.94041404e-06,66.2623767,17.557496800000003,6.262909890000001e-09,8.79847343,0.0017201068899999998,0.168895365,0.0016818283231000001,0.00019140309282,0.0024567008800000004,0.4978821599999999,0.0016818283231000001,0.00019140309282,0.00477202916,3.4051092840000003,0.0016818283231000001,0.00019140309282,0.00393128132,1.388174906,0.0016818283231000001,0.00019140309282,2.5026392936706543
155,1661797800,6.44403302e-05,6.44403843e-05,0.76865813204,20.1427685566,0.0681597853,0.00611992282,0.012649986600000001,0.00971008025,2.8808259699999996e-05,0.0002611044609,46.723776900000004,112.4,1.5432030649999998e-05,6.9592094499999996e-06,2.1174451500000004e-06,1.1889167710000001e-06,8.289078810000001e-07,6.218729900000001e-07,4.97493304e-07,4.41184077e-07,8.95225374e-07,2.1634942100000002e-07,3.0213186599999997e-06,71.7547004,20.669967200000002,1.6577891699999997e-09,8.95665885,0.0016276799899999999,0.14212350340000002,6.021439450000001e-05,9.33941894e-06,0.00209179397,0.280134303,6.021439450000001e-05,9.33941894e-06,0.0034403769600000003,0.604747358,6.021439450000001e-05,9.33941894e-06,0.0031608465800000004,0.518492825,6.021439450000001e-05,9.33941894e-06,2.5026419878005983
155,1661798400,6.015212144444445e-05,6.0152190333333325e-05,0.09436860711111111,1.4350236233333333,0.052719106333333335,0.006077938544444445,0.012564388888888889,0.009655286555555555,1.3503629888888887e-05,0.000101501686,46.503496111111104,107.0,1.528439533333333e-05,6.017106088888889e-06,1.7191390444444445e-06,9.659614066666667e-07,6.894160777777777e-07,5.578382566666666e-07,4.4965692444444446e-07,3.8569304666666664e-07,8.292819277777779e-07,2.1713383444444443e-07,2.9601030888888887e-06,72.42682444444443,21.081484555555555,1.544063411111111e-09,8.965558888888888,0.001616259577777778,0.12691071377777777,5.675052133333334e-05,8.856396711111111e-06,0.0020749887888888894,0.2136065088888889,5.675052133333334e-05,8.856396711111111e-06,0.0033888415000000002,0.5875543411111112,5.675052133333334e-05,8.856396711111111e-06,0.0031522394444444446,0.5067399222222222,5.675052133333334e-05,8.856396711111111e-06,2.502569225099352
155,1661799000,9.44736062e-05,9.447369449999999e-05,-0.0013861541800000044,5.8345264459,0.054156888699999996,0.00752515292,0.01556841155,0.0119724339,2.8850662300000002e-05,0.0001957123304,70.39160849999999,147.4,2.7797715600000004e-05,9.841501699999998e-06,2.29279682e-06,1.1415862300000002e-06,7.52657501e-07,5.59230509e-07,4.63697594e-07,3.93303247e-07,8.34187194e-07,2.2230023199999997e-07,2.93764393e-06,66.7713008,14.948469,2.633543e-09,8.836279300000001,0.0017162882000000001,0.149130318,0.0001553596087,1.99149739e-05,0.00244489957,0.303488034,0.0001553596087,1.99149739e-05,0.004506771299999999,1.042127654,0.0001553596087,1.99149739e-05,0.00413069601,0.9170613400000001,0.0001553596087,1.99149739e-05,2.502549242973328
155,1661799600,0.00011215939339999999,0.00011215944450000001,-0.006671097699999989,16.462716426100002,0.0841139278,0.007792699179999999,0.015955561050000004,0.01228619575,6.726586079999999e-05,0.0006275597789999999,73.580421,147.7,3.35826625e-05,1.16887844e-05,2.72598778e-06,1.2849220089999999e-06,9.051362440000001e-07,6.679336889999999e-07,5.473384230000001e-07,4.4559269900000006e-07,9.289639549999999e-07,2.32031337e-07,3.07013969e-06,65.1812753,14.1175386,3.1768958600000002e-09,8.8008216,0.0017393176600000002,0.181003066,0.00032241964140000007,3.5549904049999997e-05,0.00250724387,0.37988456700000006,0.00032241964140000007,3.5549904049999997e-05,0.004753592199999999,1.2674062990000001,0.00032241964140000007,3.5549904049999997e-05,0.004288428889999999,1.0692219280000002,0.00032241964140000007,3.5549904049999997e-05,2.5026530265808105
155,1661800200,0.0001618466589,0.0001618467945,0.22541989365999998,22.076433196300002,0.10318010790000001,0.0076370264600000015,0.015386448899999999,0.0117479766,0.00020496974219999997,0.0016237954436,67.1311187,156.3,5.416408339999999e-05,1.6799336049999994e-05,2.69156672e-06,1.15494736e-06,7.406913539999999e-07,5.54982792e-07,4.52102042e-07,3.72834334e-07,8.32016733e-07,2.26270593e-07,2.93439159e-06,64.6014652,14.26364203,4.871687470000001e-09,8.7613594,0.0016818037699999997,0.144921095,0.0019539379735,0.00019403268127,0.00247448686,0.393839117,0.0019539379735,0.00019403268127,0.0046226279299999996,2.458216967,0.0019539379735,0.00019403268127,0.00418680791,1.34326696,0.0019539379735,0.00019403268127,2.5026240587234496
155,1661800800,0.000133976867,0.00013397692770000002,0.39947184070999997,30.46316704000001,0.10162227139999999,0.0071423385,0.0145776744,0.011179627699999998,0.00021940562730000005,0.0022742658771000004,61.00874160000001,140.5,4.02899702e-05,1.63750125e-05,3.05753659e-06,1.145803144e-06,7.31861527e-07,5.54622654e-07,4.4902187399999995e-07,3.8913436200000004e-07,8.44157466e-07,2.17610086e-07,2.9335272899999996e-06,66.37870649999999,15.80694714,3.92760277e-09,8.8115181,0.00165590641,0.15925586060000002,0.000897641796,9.02065969e-05,0.00232833883,0.544388605,0.000897641796,9.02065969e-05,0.0042380821,1.4919293809999998,0.000897641796,9.02065969e-05,0.00392162955,1.352350548,0.000897641796,9.02065969e-05,2.502779483795166
155,1661801400,0.000200994643,0.0002009946744,-0.16702050720000003,7.954058400999999,0.08878044839999999,0.008965485830000001,0.018688896099999998,0.013536039900000001,0.000195313183,0.001839851008,79.5594419,175.3,7.25355454e-05,1.73545676e-05,3.0160287099999998e-06,1.29072118e-06,7.86014325e-07,6.069089030000001e-07,4.86756138e-07,3.85791181e-07,8.640857839999998e-07,2.28644801e-07,2.9418907500000003e-06,62.0132868,12.538502260000001,6.1658928399999995e-09,8.688148850000001,0.00177887316,0.163837128,0.0010202790389,0.00012395153010000002,0.0027250861399999997,0.47264975299999995,0.0010202790389,0.00012395153010000002,0.00572770476,3.1977896199999996,0.0010202790389,0.00012395153010000002,0.004902187980000001,1.610047533,0.0010202790389,0.00012395153010000002,2.502740979194641
155,1661802000,0.000119894242,0.00011989433239999998,-0.07732289453999999,5.560419809,0.0699372321,0.008105639459999998,0.0168330699,0.012693981900000002,5.01444474e-05,0.000376924932,76.3339149,163.1,3.78286042e-05,1.2233495240000003e-05,2.4760447000000005e-06,1.1793704499999998e-06,7.802843550000001e-07,5.77064294e-07,4.5765200700000005e-07,3.95315235e-07,8.402283590000001e-07,2.23381168e-07,2.9554351799999994e-06,64.64636290000001,13.482109099999999,3.46203746e-09,8.7759984,0.0017382681400000002,0.15263733399999999,0.0002744811257,3.5397295650000006e-05,0.00256493447,0.350972718,0.0002744811257,3.5397295650000006e-05,0.00504208383,1.4799598350000003,0.0002744811257,3.5397295650000006e-05,0.00442717044,1.15017147,0.0002744811257,3.5397295650000006e-05,2.5023094415664673
155,1661802600,8.065980280000001e-05,8.06598462e-05,0.03433112215,0.26247019699999996,0.040074592400000004,0.00708428544,0.014742192599999999,0.0113196514,1.71459032e-05,0.00011568091139999999,63.8531467,132.5,2.3210009300000003e-05,8.099285829999998e-06,1.9683340400000005e-06,1.0013811649999998e-06,7.06071237e-07,5.36436521e-07,4.49326799e-07,3.87803143e-07,8.23984547e-07,2.22419968e-07,2.92445423e-06,68.9251377,16.521135700000002,2.20093017e-09,8.8830981,0.0016514210299999998,0.132079666,7.212634309999998e-05,1.2517250000000001e-05,0.00232911812,0.26509216299999994,7.212634309999998e-05,1.2517250000000001e-05,0.004256371410000001,0.9116226879999999,7.212634309999998e-05,1.2517250000000001e-05,0.0037910435300000005,0.7107178700000001,7.212634309999998e-05,1.2517250000000001e-05,2.5025901556015016
155,1661803200,0.0001003475486,0.0001003476304,0.08599433914000001,12.019190663999998,0.06274625340000001,0.00740986037,0.0152923156,0.0117176427,8.500933240000001e-05,0.000839680442,67.5506993,149.3,3.04855589e-05,1.0308432849999999e-05,2.1589473000000003e-06,1.13135349e-06,7.1955167e-07,5.51952645e-07,4.5087765699999994e-07,3.79250406e-07,8.410541819999998e-07,2.2639900599999998e-07,2.9202796e-06,66.953368,15.114148499999999,2.83619512e-09,8.83180535,0.0016840010499999999,0.14403756699999998,0.0003298996286,4.049710835000001e-05,0.00238887075,0.285827329,0.0003298996286,4.049710835000001e-05,0.004545381950000001,1.275218532,0.0003298996286,4.049710835000001e-05,0.00400735834,0.8783034009999999,0.0003298996286,4.049710835000001e-05,2.5026771306991575
155,1661803800,8.44868646e-05,8.44869328e-05,0.008220790929999998,1.0674538956000004,0.043660778100000006,0.00714836883,0.014866598799999997,0.0113449124,2.4455687200000005e-05,0.0001900626925,64.4527985,140.1,2.4567867400000002e-05,8.498966580000001e-06,2.0652449300000003e-06,1.0448183540000002e-06,7.30217164e-07,5.395905789999999e-07,4.495689430000001e-07,3.8396527399999997e-07,8.158109819999999e-07,2.2001127900000003e-07,2.92629825e-06,68.37182000000001,16.188299899999997,2.32216238e-09,8.8699917,0.00168092283,0.137475637,0.00010640057330000001,1.59828476e-05,0.0023235665500000004,0.271478296,0.00010640057330000001,1.59828476e-05,0.00430023619,0.9577866929999999,0.00010640057330000001,1.59828476e-05,0.0038534728999999996,0.763457492,0.00010640057330000001,1.59828476e-05,2.5025612115859985
155,1661804400,0.00010063776250000001,0.000100637849,-0.31712356889999993,9.718411501999999,0.0568640629,0.007093908820000001,0.014414531900000003,0.011026672400000001,7.71070764e-05,0.0007057581024999999,60.9597896,137.8,3.1902801099999997e-05,9.25973388e-06,2.0434876e-06,1.0692293200000003e-06,7.000498810000001e-07,5.390875339999999e-07,4.5528556900000007e-07,3.7210746700000004e-07,8.302970029999999e-07,2.18138076e-07,2.9284340000000003e-06,67.6778836,15.915952070000003,2.86036132e-09,8.8435244,0.00165600955,0.13436757100000002,0.0003933750646,4.57305218e-05,0.00228774198,0.290731684,0.0003933750646,4.57305218e-05,0.004317424239999999,1.238468305,0.0003933750646,4.57305218e-05,0.00378031005,0.930020013,0.0003933750646,4.57305218e-05,2.5025903463363646
155,1661805000,7.61530785e-05,7.615314959999999e-05,0.030388404759999998,0.50201657,0.041057643,0.0068373401,0.01420355235,0.010881071150000001,1.84619005e-05,0.00012646098260000001,58.9405582,132.3,2.1650241100000002e-05,7.491574669999999e-06,1.9074271999999997e-06,9.763082750000003e-07,7.07635314e-07,5.257651339999998e-07,4.6293517199999994e-07,3.82709977e-07,8.31995927e-07,2.20773614e-07,2.9188677000000003e-06,69.5614765,17.2543337,2.05564285e-09,8.899311,0.00164444713,0.13045812140000002,7.693479790000001e-05,1.2692370399999998e-05,0.0022207482599999996,0.24363982499999998,7.693479790000001e-05,1.2692370399999998e-05,0.00401281369,0.835366179,7.693479790000001e-05,1.2692370399999998e-05,0.0036962860799999997,0.684132205,7.693479790000001e-05,1.2692370399999998e-05,2.502616596221924
155,1661805600,8.479099700000001e-05,8.4791063e-05,0.029719281900000005,0.9669370180000001,0.045143318599999996,0.00714755564,0.0149718456,0.0113125849,2.265595875e-05,0.00015478892689999997,63.63111950000001,142.4,2.4852771900000002e-05,8.42246925e-06,2.0311172899999997e-06,1.05966322e-06,6.92937197e-07,5.43487801e-07,4.4660767499999993e-07,3.8318737e-07,8.302364869999998e-07,2.1199383099999996e-07,2.92053545e-06,68.25297249999998,15.994181400000002,2.33369894e-09,8.867370099999999,0.00167152884,0.13632209899999997,0.00011014516380000001,1.59577306e-05,0.0023226161099999996,0.27658783600000003,0.00011014516380000001,1.59577306e-05,0.00431641676,0.9707363680000001,0.00011014516380000001,1.59577306e-05,0.00383381971,0.7595271749999999,0.00011014516380000001,1.59577306e-05,2.5027098655700684
155,1661806200,9.81768991e-05,9.817698259999999e-05,0.04749335128,0.726395309,0.0449821499,0.00769260402,0.0160659783,0.012213311199999998,2.5840066800000003e-05,0.0001609248096,72.04545479999999,151.7,3.0297252100000002e-05,9.617886100000002e-06,2.08922867e-06,1.0307088340000002e-06,7.0475645e-07,5.50995232e-07,4.49222072e-07,3.8422328300000003e-07,8.22344933e-07,2.1219820100000005e-07,2.9294032600000002e-06,66.619805,14.263335549999999,2.7717300999999995e-09,8.82307555,0.00167084655,0.13703413600000003,0.0001052996385,1.6951309949999996e-05,0.0024203692400000002,0.29368387900000004,0.0001052996385,1.6951309949999996e-05,0.00479276368,1.1659199,0.0001052996385,1.6951309949999996e-05,0.00422507076,0.9250394310000001,0.0001052996385,1.6951309949999996e-05,2.502561926841736
155,1661806800,8.86808026e-05,8.86808539e-05,0.01922740202,0.6026278709999999,0.045600478099999994,0.0073415079,0.01535483625,0.011772625900000002,2.2036723700000003e-05,0.0001475959204,67.19580459999999,136.4,2.6032188700000003e-05,9.0702804e-06,2.06821852e-06,1.044239974e-06,7.11721248e-07,5.62824412e-07,4.5134504600000006e-07,3.9166617899999997e-07,8.53846087e-07,2.1748743000000002e-07,2.93632752e-06,67.84433489999999,15.586631650000001,2.45552572e-09,8.8562369,0.0016812831600000002,0.13855448899999998,8.45587602e-05,1.4684045900000001e-05,0.00239114219,0.283101272,8.45587602e-05,1.4684045900000001e-05,0.00447441014,1.0139727649999999,8.45587602e-05,1.4684045900000001e-05,0.00395934484,0.81174772,8.45587602e-05,1.4684045900000001e-05,2.5025888442993165
155,1661807400,9.57540083e-05,9.57540889e-05,0.08868401102000001,1.140783246,0.053860425600000005,0.0076033483999999995,0.0159092153,0.012099684500000001,2.51179686e-05,0.0001748394776,70.5961538,146.2,2.9199645700000005e-05,9.25497029e-06,2.24499484e-06,1.09467639e-06,7.42218184e-07,5.477493870000001e-07,4.46845688e-07,3.84073746e-07,8.20591811e-07,2.1910211699999997e-07,2.9220935600000003e-06,66.97143310000001,14.8172279,2.6881930200000002e-09,8.835041449999999,0.0016894564100000003,0.14424024500000002,9.83705528e-05,1.575532855e-05,0.0024169080999999998,0.29927727699999995,9.83705528e-05,1.575532855e-05,0.00463570942,1.105483089,9.83705528e-05,1.575532855e-05,0.004145280269999999,0.8958140689999998,9.83705528e-05,1.575532855e-05,2.502736449241638
155,1661808000,8.79952004e-05,8.79952354e-05,0.0059220618000000004,0.470308694,0.0428175128,0.007334913109999999,0.015270703699999999,0.0116688465,2.10406902e-05,0.0001366850825,67.3688805,133.6,2.6345053399999997e-05,8.59108169e-06,2.01944305e-06,9.987448899999999e-07,6.908581420000001e-07,5.368402019999999e-07,4.4594211400000003e-07,3.91383866e-07,8.26273498e-07,2.1763524199999998e-07,2.9342082599999997e-06,68.0727039,15.55102485,2.4378569099999998e-09,8.8582937,0.0016556035399999999,0.13303470500000003,9.001901589999999e-05,1.44684511e-05,0.00234299876,0.271563834,9.001901589999999e-05,1.44684511e-05,0.0044491348400000005,0.997155091,9.001901589999999e-05,1.44684511e-05,0.00402064794,0.828824496,9.001901589999999e-05,1.44684511e-05,2.5025789976119994
155,1661808600,7.61858099e-05,7.61858626e-05,0.11899018539999999,0.7782940980000002,0.048344033200000004,0.0067610831799999995,0.014150454949999999,0.01075818885,1.76741508e-05,0.0001146432204,57.1188808,130.9,2.09371276e-05,7.741372280000002e-06,1.97431728e-06,1.0653714779999999e-06,7.66040139e-07,5.700638740000001e-07,4.933291470000001e-07,4.1297480000000007e-07,8.95443312e-07,2.18595666e-07,3.0178757199999995e-06,69.96330560000001,18.2227553,2.04092357e-09,8.9119737,0.00168390598,0.142874253,7.57615558e-05,1.2387287799999998e-05,0.00222196749,0.24942240799999998,7.57615558e-05,1.2387287799999998e-05,0.00393328576,0.809491703,7.57615558e-05,1.2387287799999998e-05,0.0036365661200000003,0.6761886039999999,7.57615558e-05,1.2387287799999998e-05,2.502591037750244
155,1661809200,0.0001131497424,0.0001131497734,0.0677739577,2.22421485,0.057364706099999996,0.00785053291,0.016423670600000002,0.012246406150000002,4.87190169e-05,0.0003321864336,71.1381118,159.5,3.60960598e-05,1.1045725349999999e-05,2.23321516e-06,1.0868990060000001e-06,7.23072879e-07,5.41284261e-07,4.5119539799999995e-07,3.8702914900000003e-07,8.3800611e-07,2.1545741899999998e-07,2.9567947399999998e-06,65.76308209999999,13.98318495,3.2533567099999996e-09,8.79689925,0.0016851853899999998,0.13900144,0.00021513518800000001,3.3563688900000004e-05,0.00245727312,0.3329683849999999,0.00021513518800000001,3.3563688900000004e-05,0.0049137206,1.438724782,0.00021513518800000001,3.3563688900000004e-05,0.00427085318,1.033450698,0.00021513518800000001,3.3563688900000004e-05,2.502585792541504
155,1661809800,0.0001227090014,0.00012270906980000002,0.16064184135999998,14.155714,0.0800978031,0.00746890709,0.015298458600000004,0.011624162050000001,0.00013440448490000003,0.001350393392,65.90384650000001,143.5,3.9852995999999995e-05,1.2056129399999999e-05,2.2728546399999997e-06,1.06615383e-06,7.36485256e-07,5.63146555e-07,4.50879548e-07,3.80327665e-07,8.403341649999999e-07,2.14990869e-07,2.9200881900000004e-06,66.3316379,14.89766217,3.58256506e-09,8.806513550000002,0.0016579192500000002,0.13779463249999999,0.0006649907451000001,7.24231164e-05,0.00236696922,0.37585564499999996,0.0006649907451000001,7.24231164e-05,0.0046208160400000005,1.55103101,0.0006649907451000001,7.24231164e-05,0.004055043600000001,1.158061539,0.0006649907451000001,7.24231164e-05,2.5027199268341063
155,1661810400,7.896317600000001e-05,7.89632681e-05,0.0209069495,0.3902460366,0.0393287763,0.00695242382,0.014482444549999998,0.011123026,1.74827603e-05,0.00011293008879999999,61.311190499999995,130.6,2.255013235e-05,7.93071195e-06,1.9946993100000004e-06,1.0254813660000001e-06,6.83273237e-07,5.16214427e-07,4.36243817e-07,3.84103427e-07,8.151310659999999e-07,2.0997185999999996e-07,2.9355463200000004e-06,69.3409687,17.1431885,2.14827824e-09,8.891906300000002,0.0016423168200000002,0.1315577664,8.19818007e-05,1.296201766e-05,0.00228085568,0.25899248999999996,8.19818007e-05,1.296201766e-05,0.0042101193599999994,0.901008744,8.19818007e-05,1.296201766e-05,0.0036600716799999994,0.682844047,8.19818007e-05,1.296201766e-05,2.502587580680847
155,1661811000,9.56875795e-05,9.56876449e-05,-0.007403065010000001,0.48172599299999996,0.0522020316,0.00765965913,0.0158932066,0.01222171345,2.21746196e-05,0.0001367699166,72.35139940000002,143.5,2.8880044899999996e-05,9.42581467e-06,2.1846784499999996e-06,1.09216831e-06,7.35379508e-07,5.64668481e-07,4.54287693e-07,3.9479248599999997e-07,8.72484075e-07,2.1830273699999997e-07,3.02090131e-06,67.17932599999999,15.067995,2.67330764e-09,8.8414806,0.0016946556199999997,0.141709138,0.0001018052641,1.57315712e-05,0.0024245263200000002,0.294672632,0.0001018052641,1.57315712e-05,0.00465872217,1.1020969909999998,0.0001018052641,1.57315712e-05,0.004200358539999999,0.9041553710000001,0.0001018052641,1.57315712e-05,2.5026160955429075
155,1661811600,0.00010928031859999999,0.00010928052969999998,-0.29416082050000003,14.523528722,0.081937246,0.007750080710000001,0.0160560333,0.012271323800000001,5.8818303e-05,0.0005079029194000001,72.08741210000001,151.9,3.21848449e-05,1.204701785e-05,2.56762759e-06,1.2043516e-06,8.317946659999999e-07,6.43230451e-07,5.17932698e-07,4.596314839999999e-07,9.325324779999999e-07,2.17010913e-07,3.03436643e-06,64.940773,14.283639400000002,3.0844486600000003e-09,8.8084833,0.00169447445,0.147020087,0.00034446834770000004,3.742145975e-05,0.00253134088,0.35942697600000006,0.00034446834770000004,3.742145975e-05,0.00471155767,1.2361835860000001,0.00034446834770000004,3.742145975e-05,0.0043009762500000005,1.071006073,0.00034446834770000004,3.742145975e-05,2.502539777755737
155,1661812200,9.10769672e-05,9.107716859999999e-05,0.15366116219999998,1.9567072849999998,0.0723038237,0.00733807566,0.015315286549999998,0.011679955799999999,2.6174633000000002e-05,0.0002033324226,66.10489579999998,142.7,2.64442163e-05,9.3838951e-06,2.25246126e-06,1.1205799160000001e-06,7.61286672e-07,6.009130569999999e-07,4.68065414e-07,4.14298956e-07,8.8003844e-07,2.19076978e-07,2.99369721e-06,67.8080203,16.23148215,2.5207781899999996e-09,8.86344225,0.0017084583700000002,0.146119403,8.651713250000001e-05,1.4944989109999998e-05,0.0023696424600000003,0.290467665,8.651713250000001e-05,1.4944989109999998e-05,0.004375174989999999,1.0173392270000001,8.651713250000001e-05,1.4944989109999998e-05,0.00400301234,0.844484753,8.651713250000001e-05,1.4944989109999998e-05,2.5026123762130736
155,1661812800,9.31513054e-05,9.31514214e-05,0.1562234081,3.777065458,0.0679588113,0.00741083162,0.0153672321,0.011788858,2.81230441e-05,0.00020416024430000004,67.86538440000001,136.8,2.7506248049999998e-05,9.59621335e-06,2.28975002e-06,1.0834896429999999e-06,6.971211870000001e-07,5.27673888e-07,4.72976346e-07,3.80236085e-07,8.27691083e-07,2.1860214300000003e-07,2.97548325e-06,67.4859425,15.626779499999998,2.5996595499999995e-09,8.84843965,0.0016799407399999996,0.140544129,0.00016040430380000003,2.107946933e-05,0.0023811287400000002,0.299886797,0.00016040430380000003,2.107946933e-05,0.00453738228,1.093099086,0.00016040430380000003,2.107946933e-05,0.00397993834,0.836475575,0.00016040430380000003,2.107946933e-05,2.502462124824524
155,1661813400,0.0003577276189,0.00035772772620000005,0.3170733737,38.737297655999996,0.191492816,0.00842310213,0.016670176000000002,0.01262272085,0.0009321627576,0.0097263107274,75.72377649999999,158.2,0.0001169603102,4.572123445e-05,7.809830090000002e-06,1.9379027999999997e-06,8.2354966e-07,6.33373001e-07,5.25966702e-07,4.1892967799999995e-07,8.580323340000001e-07,2.33850609e-07,2.9408494599999997e-06,60.9011588,12.80845423,1.1260968099999999e-08,8.6686417,0.0017489194600000002,0.194727434,0.006935699213500001,0.0006646740604000001,0.0027154206399999997,1.759221341,0.006935699213500001,0.0006646740604000001,0.00532779866,5.749086149999999,0.006935699213500001,0.0006646740604000001,0.0045908686700000005,2.226920421,0.006935699213500001,0.0006646740604000001,2.5026604890823365
155,1661814000,7.891749959999999e-05,7.891755249999999e-05,0.051213304,1.0096809592,0.0506813576,0.00694344184,0.014476462800000001,0.011126507150000001,1.7934178199999998e-05,0.0001223100644,61.2325166,121.1,2.1855456500000002e-05,8.213218040000001e-06,2.1219927599999998e-06,1.076887747e-06,7.140963320000001e-07,5.647664280000001e-07,4.44395415e-07,3.91349711e-07,8.825123889999999e-07,2.3406303600000002e-07,2.9596870899999998e-06,69.23988299999999,17.5374454,2.13368905e-09,8.895811850000001,0.0016953189899999999,0.140468075,6.48015782e-05,1.1263088850000001e-05,0.00232356847,0.272106819,6.48015782e-05,1.1263088850000001e-05,0.00401445347,0.81619452,6.48015782e-05,1.1263088850000001e-05,0.0038016881200000005,0.73723417,6.48015782e-05,1.1263088850000001e-05,2.5025259017944337
155,1661814600,0.00013197013750000002,0.00013197025800000002,4.625778566340001,121.73840952719999,0.24893717669999998,0.00782854115,0.01586969545,0.012297126699999997,0.00015348302789999999,0.0015768380005999998,73.43706310000002,155.8,3.1941096200000004e-05,1.651438065e-05,5.403765269999999e-06,2.58075574e-06,1.6376241820000003e-06,1.234421111e-06,9.043159620000001e-07,6.80717988e-07,1.339600658e-06,2.41217802e-07,3.5071427200000002e-06,61.72871260000001,15.129817550000002,3.6462085999999995e-09,8.7982892,0.00179122949,0.307845942,0.00034411881199999993,3.756928175e-05,0.00258925186,0.527410111,0.00034411881199999993,3.756928175e-05,0.00475889289,1.27114173,0.00034411881199999993,3.756928175e-05,0.00433142599,1.2266535189999999,0.00034411881199999993,3.756928175e-05,2.50265634059906
155,1661815200,8.75380644e-05,8.75384101e-05,0.7818607370999999,15.483672365999999,0.1132013405,0.007181633559999999,0.01479301505,0.011367205,3.12500434e-05,0.000281614803,64.2132861,131.8,2.3157497599999998e-05,9.880319449999998e-06,2.5903648199999997e-06,1.3409439800000002e-06,8.92790655e-07,6.5685554e-07,5.2886056e-07,4.4541468199999995e-07,9.492806310000001e-07,2.2199585299999997e-07,3.1049187499999997e-06,67.40904540000001,16.792316399999997,2.37373256e-09,8.876619,0.00173558015,0.17515147000000003,9.50571179e-05,1.3835630649999998e-05,0.00240767603,0.31518733899999996,9.50571179e-05,1.3835630649999998e-05,0.00414624591,0.873452006,9.50571179e-05,1.3835630649999998e-05,0.00395836922,0.81994295,9.50571179e-05,1.3835630649999998e-05,2.5026669025421144
155,1661815800,0.0003174739764,0.00031747548899999995,0.15702349066999996,20.764115831399998,0.17436996859999998,0.009705333069999999,0.0191350625,0.014102108100000002,0.0004891835165000001,0.004130383519399999,85.6258736,174.7,0.0001205238108,2.4980311e-05,4.149629870000001e-06,1.82087617e-06,1.0466757439999998e-06,7.67857886e-07,6.119394020000001e-07,4.74572603e-07,1.0176105230000002e-06,2.2023347900000003e-07,3.1247891800000003e-06,58.1680582,11.10576715,9.967652289999999e-09,8.60285407,0.00185224006,0.222370073,0.0024893668500000003,0.00028155620885,0.00293129653,0.695896074,0.0024893668500000003,0.00028155620885,0.006286024909999998,4.843309313999999,0.0024893668500000003,0.00028155620885,0.005369083500000001,2.907639734,0.0024893668500000003,0.00028155620885,2.5026514530181885
155,1661816400,9.805739590000001e-05,9.80575124e-05,0.5652658999,10.419439231,0.0902861509,0.00764394191,0.015685347500000002,0.012177067199999999,3.502991745e-05,0.00031126441059999997,72.48426570000001,142.0,2.81119089e-05,1.0590897840000001e-05,2.6043119600000004e-06,1.23870698e-06,8.26414936e-07,6.17642693e-07,5.172887969999999e-07,4.2586967600000003e-07,8.969428169999999e-07,2.1570604e-07,2.9829763400000002e-06,65.97554089999998,14.926980600000002,2.72886739e-09,8.83225775,0.00172115362,0.16141850399999996,9.57571635e-05,1.4819553899999999e-05,0.00251585676,0.36229050399999996,9.57571635e-05,1.4819553899999999e-05,0.00461561942,1.0646602950000001,9.57571635e-05,1.4819553899999999e-05,0.00419701833,0.9123917699999999,9.57571635e-05,1.4819553899999999e-05,2.5025833368301393
155,1661817000,9.54440967e-05,9.54442526e-05,0.7905507198999999,23.391015658999997,0.1057307494,0.007295277120000001,0.015103439199999999,0.01147619215,4.773445800000001e-05,0.00041785208549999995,64.8199305,135.0,2.67282942e-05,1.00779717e-05,2.6437118599999996e-06,1.3964032900000002e-06,9.11560562e-07,6.982982790000001e-07,5.54254645e-07,4.5492136100000007e-07,9.389179900000001e-07,2.18953721e-07,3.09875992e-06,66.6483262,15.876701499999996,2.62590812e-09,8.8532144,0.00171299008,0.191150814,0.0001591084669,2.1119076600000003e-05,0.00237719365,0.31139478600000003,0.0001591084669,2.1119076600000003e-05,0.004319238380000001,1.02485955,0.0001591084669,2.1119076600000003e-05,0.004015366759999999,0.883465167,0.0001591084669,2.1119076600000003e-05,2.502638816833496
155,1661817600,8.83639912e-05,8.83640825e-05,0.054933440300000004,0.42774585,0.0448261599,0.007381280359999999,0.0154189661,0.011801123649999998,1.99296953e-05,0.00012253165009999998,68.32342680000001,133.2,2.55336195e-05,9.323779e-06,2.1652619999999996e-06,1.04209918e-06,7.0481804e-07,5.735531359999999e-07,4.5488998099999995e-07,3.87210453e-07,8.536849820000001e-07,2.1197745699999998e-07,2.9310079000000003e-06,67.7697544,15.664029349999998,2.44510507e-09,8.85707965,0.00166969152,0.13553301700000003,7.217750950000001e-05,1.28022367e-05,0.00242620893,0.293476585,7.217750950000001e-05,1.28022367e-05,0.00436876459,0.9504064809999999,7.217750950000001e-05,1.28022367e-05,0.00406853953,0.8561372850000002,7.217750950000001e-05,1.28022367e-05,2.502668857574463
155,1661818200,8.26092835e-05,8.260941e-05,0.2661391319,3.8506253690000003,0.0782603618,0.00711634348,0.014917492050000003,0.0113741283,1.9209117200000002e-05,0.00014356285539999998,63.912587800000004,125.1,2.32345778e-05,8.55154306e-06,2.1239677699999997e-06,1.08461018e-06,7.53059816e-07,5.924403999999999e-07,4.6921096500000006e-07,3.9896413800000005e-07,8.64115143e-07,2.2052192000000002e-07,3.0113494899999996e-06,68.48505049999999,16.600821200000002,2.2470014700000003e-09,8.8819401,0.0016729631499999998,0.13862566,6.9204948e-05,1.1541432300000002e-05,0.00236087088,0.27918876,6.9204948e-05,1.1541432300000002e-05,0.00417993433,0.861841837,6.9204948e-05,1.1541432300000002e-05,0.00393118602,0.781914556,6.9204948e-05,1.1541432300000002e-05,2.502406096458435
155,1661818800,7.4104882e-05,7.41049868e-05,0.07019758367000001,0.510962227,0.0513094657,0.00677925318,0.0141633406,0.010878823150000001,1.57396542e-05,0.0001084419129,59.505245500000015,123.5,2.0079855300000002e-05,7.74112527e-06,2.0056656600000005e-06,1.046711803e-06,7.41306448e-07,5.607627000000001e-07,4.7025622199999993e-07,4.0230645200000005e-07,8.427584930000001e-07,2.1524994899999997e-07,2.94630821e-06,69.597863,17.7136345,1.98254717e-09,8.907256999999998,0.0016775443099999998,0.138498702,5.9585537e-05,1.0132027599999999e-05,0.00227344766,0.254906583,5.9585537e-05,1.0132027599999999e-05,0.0038951018800000006,0.751213451,5.9585537e-05,1.0132027599999999e-05,0.0036901056199999996,0.685075634,5.9585537e-05,1.0132027599999999e-05,2.502796697616577
155,1661819400,0.0001008335471,0.00010083363299999998,-0.16381155726000005,8.414909526,0.06967910050000001,0.00762507318,0.015824814700000002,0.01210567465,4.1713497899999996e-05,0.00036975321740000003,70.99825100000001,151.8,2.9891617100000002e-05,1.062527066e-05,2.5100404999999996e-06,1.1931541670000001e-06,7.61700997e-07,5.866116459999999e-07,4.6688209300000003e-07,3.8896062500000005e-07,8.517317759999999e-07,2.06141979e-07,2.9346263e-06,65.8614766,14.561533649999998,2.8361101900000003e-09,8.82132455,0.00171771185,0.154333027,0.00020198462289999997,2.5638779249999997e-05,0.00252408368,0.33080536600000005,0.00020198462289999997,2.5638779249999997e-05,0.0046518520200000005,1.17662343,0.00020198462289999997,2.5638779249999997e-05,0.00411730498,0.927389833,0.00020198462289999997,2.5638779249999997e-05,2.502587652206421
155,1661820000,8.27239123e-05,8.272399949999999e-05,0.13207028005000002,1.9967573073999998,0.0632206521,0.00706316781,0.014641420900000002,0.011252202050000002,2.04797668e-05,0.000148385194,63.1451057,127.2,2.25446957e-05,9.09207756e-06,2.24868327e-06,1.0895984749999998e-06,7.919771110000001e-07,5.96329069e-07,4.790312200000001e-07,4.22001605e-07,8.834509139999999e-07,2.0863569999999999e-07,3.00553031e-06,68.24407670000001,16.854162050000003,2.2434485100000003e-09,8.881051499999998,0.0017068618500000001,0.146591827,7.09852246e-05,1.2068274600000001e-05,0.0023881108100000004,0.29255566499999996,7.09852246e-05,1.2068274600000001e-05,0.004105263159999999,0.8596049709999999,7.09852246e-05,1.2068274600000001e-05,0.0038797281499999997,0.7723128609999999,7.09852246e-05,1.2068274600000001e-05,2.502709150314331
155,1661820600,0.00018539841220000002,0.0001853984935,-0.02453959910000001,17.480111889999996,0.10227105789999999,0.007556130309999999,0.015780678149999998,0.011388206849999999,0.00026132290715,0.002554158451,59.61363610000001,140.4,6.75544501e-05,1.477924216e-05,2.9145574100000003e-06,1.24614833e-06,7.953928939999999e-07,5.827178879999999e-07,4.5342897100000003e-07,3.796039e-07,8.418497610000002e-07,2.0682571799999998e-07,2.94478212e-06,65.924228,16.49534371,5.67776938e-09,8.78688,0.0016886248400000002,0.15321865889999997,0.0021022393176999997,0.00020450361488999995,0.0024332000900000005,0.4525567390000001,0.0021022393176999997,0.00020450361488999995,0.004575139230000001,2.691011423,0.0021022393176999997,0.00020450361488999995,0.004054614999999999,1.720258124,0.0021022393176999997,0.00020450361488999995,2.5026635408401487
155,1661821200,0.00031117815309999997,0.0003111782395,0.0823459586,1.5332976714999997,0.07776798300000001,0.00913827892,0.0210968284,0.014862223899999999,0.00016613359179999999,0.0010467180334,67.1258741,142.9,0.0001028276652,3.548863659e-05,7.2336515599999995e-06,2.5033583100000006e-06,1.3382842249999998e-06,8.780843740000001e-07,6.349006379999999e-07,5.01903095e-07,9.77726115e-07,2.0254935900000003e-07,3.00224871e-06,65.77517879999999,16.15619757,9.77626554e-09,8.79712545,0.00195765734,0.3050468045,0.0006267978409,9.172808520000001e-05,0.0029641196,0.994667715,0.0006267978409,9.172808520000001e-05,0.00556637589,3.9045073529999996,0.0006267978409,9.172808520000001e-05,0.00503798412,3.3804506360000004,0.0006267978409,9.172808520000001e-05,2.5024779796600343
155,1661821800,8.933993170000001e-05,8.934001160000001e-05,0.04226499548,0.410051395,0.0450796953,0.007413894999999999,0.01543740845,0.0118446512,2.09722515e-05,0.0001340517394,68.8811187,142.3,2.62720971e-05,9.23160725e-06,2.0873469999999997e-06,1.0833081e-06,7.054189510000001e-07,5.51414046e-07,4.37090912e-07,3.74024738e-07,8.22832379e-07,2.04499863e-07,2.9000546100000003e-06,67.5317815,15.330848800000002,2.4823865299999998e-09,8.8504501,0.0016903637200000002,0.138330723,9.83537924e-05,1.4829572500000001e-05,0.00237276725,0.282613311,9.83537924e-05,1.4829572500000001e-05,0.00452561839,1.024186696,9.83537924e-05,1.4829572500000001e-05,0.004013298810000001,0.824772606,9.83537924e-05,1.4829572500000001e-05,2.5025588512420653
155,1661822400,0.00028151041860000005,0.0002815105496,0.38083190324999994,30.441973778999994,0.1507464568,0.00757951152,0.015028534700000002,0.01155922875,0.0009328233128999998,0.009895514274499997,66.6381119,142.7,0.00010999904890000002,2.044920425e-05,3.01758752e-06,1.1610734e-06,7.62374685e-07,5.66186651e-07,4.5800208399999993e-07,3.7816694200000003e-07,8.27652701e-07,2.01855654e-07,2.9339662399999997e-06,64.56414570000001,14.894711509999999,8.92486524e-09,8.7462807,0.0016994844199999999,0.153657302,0.0015327215718,0.0002003570198,0.00238734311,0.372439907,0.0015327215718,0.0002003570198,0.00455332481,2.65464082,0.0015327215718,0.0002003570198,0.00424000945,4.575110315,0.0015327215718,0.0002003570198,2.5027086973190307
155,1661823000,7.667909559999999e-05,7.66791705e-05,0.150564267,3.8839747960000004,0.0516420962,0.0067679238599999995,0.01406455615,0.010783970500000002,2.57651874e-05,0.00021192671960000003,57.1888114,139.0,2.1493953499999997e-05,7.714721059999999e-06,1.9817664099999997e-06,1.07475927e-06,7.193264739999999e-07,5.5685862e-07,4.53692353e-07,3.846779700000001e-07,8.42939821e-07,2.0731610500000004e-07,2.90936822e-06,69.442205,17.387814000000002,2.0718571299999997e-09,8.898394900000001,0.00165353999,0.133888359,7.178657779999999e-05,1.1838333199999998e-05,0.00223088271,0.25181188099999996,7.178657779999999e-05,1.1838333199999998e-05,0.00398638274,0.8097220909999999,7.178657779999999e-05,1.1838333199999998e-05,0.0035858227899999997,0.711543847,7.178657779999999e-05,1.1838333199999998e-05,2.5025559425354005
155,1661823600,9.2248452e-05,9.224848300000001e-05,0.05552542709999999,0.36208371,0.041058633399999996,0.007500787279999999,0.015726447600000002,0.01197643915,2.1229900550000002e-05,0.0001278959576,69.6293711,144.2,2.7229762300000002e-05,9.52970435e-06,2.24316855e-06,1.082251666e-06,6.982598710000001e-07,5.566702109999999e-07,4.4455255200000004e-07,3.8497429700000006e-07,8.31404615e-07,2.21923469e-07,2.9013102e-06,67.23026619999999,15.3844348,2.57222273e-09,8.843777000000001,0.00169250846,0.13907783999999998,9.541451800000001e-05,1.5513366800000003e-05,0.00243563045,0.296475539,9.541451800000001e-05,1.5513366800000003e-05,0.00456024019,1.0663728,9.541451800000001e-05,1.5513366800000003e-05,0.0040955089,0.8562561350000001,9.541451800000001e-05,1.5513366800000003e-05,2.50271475315094
155,1661824200,0.00015214163439999999,0.00015214193799999997,-0.131165693,8.057432722,0.0742068825,0.00790282413,0.01654310715,0.012121019299999999,0.00011410602419999999,0.0009911572056000002,67.88985960000001,159.5,5.159919900000001e-05,1.4038647970000002e-05,2.9146261500000002e-06,1.26222075e-06,8.096366119999999e-07,5.86508756e-07,4.77001979e-07,3.85012932e-07,8.500394090000001e-07,2.3030273400000004e-07,2.91784574e-06,64.86576310000001,15.081199220000002,4.54330599e-09,8.7807178,0.00173174712,0.158556334,0.0013891419975000001,0.0001364074475,0.0025259539700000005,0.40021547900000004,0.0013891419975000001,0.0001364074475,0.00473490311,2.222387347,0.0013891419975000001,0.0001364074475,0.004387713939999999,1.251322495,0.0013891419975000001,0.0001364074475,2.5025434255599976
155,1661824800,0.00011652312640000001,0.0001165232212,-0.4142936005299999,13.108855752,0.05699928539999999,0.007546853270000001,0.015650050399999997,0.011774486950000001,0.00011998343385,0.0011930417058000002,67.43531379999999,145.3,3.8339267400000004e-05,1.05664338e-05,2.1896773400000004e-06,1.0810291099999998e-06,7.014933399999999e-07,5.51164303e-07,4.63163276e-07,3.92689674e-07,8.335182929999999e-07,2.37932915e-07,2.9052270500000002e-06,66.21112389999999,15.083789399999997,3.37671405e-09,8.811560299999998,0.00168279468,0.138307566,0.0008497424506999999,8.629916419999999e-05,0.00239800912,0.297091397,0.0008497424506999999,8.629916419999999e-05,0.0046375218599999995,1.6287675550000003,0.0008497424506999999,8.629916419999999e-05,0.0040672228900000005,0.967393794,0.0008497424506999999,8.629916419999999e-05,2.5028054475784303
155,1661825400,8.6068667e-05,8.606873359999999e-05,0.9761409461999996,21.477506018999996,0.08304385080000001,0.006990634590000001,0.014524646050000001,0.0110597863,3.48387411e-05,0.0002787255649,60.2884615,130.4,2.2775929099999997e-05,8.81513092e-06,2.51191503e-06,1.439341843e-06,1.0170604730000003e-06,7.5528993e-07,5.980957210000001e-07,5.145281729999999e-07,1.079319894e-06,2.3845503199999996e-07,3.28915102e-06,68.081575,17.211343500000005,2.3059591399999996e-09,8.885742800000001,0.0017145522900000002,0.18732738599999998,0.00012070978539999999,1.61640807e-05,0.00235623392,0.31714470999999994,0.00012070978539999999,1.61640807e-05,0.0041634692299999995,0.912649361,0.00012070978539999999,1.61640807e-05,0.00369113466,0.715603637,0.00012070978539999999,1.61640807e-05,2.5025952100753783
155,1661826000,9.049408890000001e-05,9.04942259e-05,0.037276192900000005,0.419983547,0.042884273900000006,0.00745080433,0.015497716700000002,0.0118939227,2.09675023e-05,0.00013963692959999998,69.1713283,141.7,2.6930365600000003e-05,8.915476660000001e-06,2.1975691699999997e-06,1.10510243e-06,7.395526469999999e-07,5.39120733e-07,4.5160037099999996e-07,3.79314891e-07,8.49690013e-07,2.3070651e-07,2.9086329699999995e-06,67.3390465,15.3721493,2.5148248600000004e-09,8.8503661,0.00170634072,0.141605015,8.42832257e-05,1.3880446549999998e-05,0.00241011457,0.28980857000000004,8.42832257e-05,1.3880446549999998e-05,0.00449630411,1.0102828689999999,8.42832257e-05,1.3880446549999998e-05,0.004080897,0.8545115329999999,8.42832257e-05,1.3880446549999998e-05,2.5025017738342283
155,1661826600,0.00011325930059999999,0.00011325964709999999,0.5259426972,28.836178727000004,0.09291458699999999,0.0071561857199999995,0.014683106250000003,0.011173643199999998,0.0001741935796,0.0018098251555,61.6625873,135.3,3.2996647799999997e-05,1.3365053160000002e-05,2.82143817e-06,1.28563328e-06,7.779749470000001e-07,5.485918050000002e-07,4.56628901e-07,3.97961892e-07,8.397709639999999e-07,2.1680016099999998e-07,2.92324449e-06,65.7012682,15.325307400000003,3.23485999e-09,8.812736849999999,0.00169990007,0.174892399,0.0002323424353,2.6644694499999994e-05,0.00232470778,0.319855683,0.0002323424353,2.6644694499999994e-05,0.0042123269,1.025384301,0.0002323424353,2.6644694499999994e-05,0.00393364223,1.418172068,0.0002323424353,2.6644694499999994e-05,2.5033906221389772
155,1661827200,7.555763459999999e-05,7.55576998e-05,0.013338950999999996,3.6134124309999995,0.0682559441,0.00649943105,0.0135310824,0.0102937846,3.1026107e-05,0.0002661766406,52.020979499999996,127.6,2.07303958e-05,7.67126634e-06,1.95413377e-06,1.0491951679999999e-06,7.57423022e-07,5.856028250000001e-07,4.78590218e-07,4.14217282e-07,8.88947247e-07,2.3572768200000002e-07,3.0133081999999997e-06,70.4247216,19.1601247,2.0226012699999997e-09,8.9265317,0.0016539595699999999,0.138926353,0.00011526804180000002,1.6526317769999998e-05,0.0021611021,0.25512484,0.00011526804180000002,1.6526317769999998e-05,0.0037568612699999996,0.8020457369999999,0.00011526804180000002,1.6526317769999998e-05,0.00343191636,0.6725637680000001,0.00011526804180000002,1.6526317769999998e-05,2.5018395662307737
155,1661827800,6.974290450000002e-05,6.97429431e-05,0.0031183839500000003,1.6483653571999999,0.0409790126,0.006462956560000001,0.0133100633,0.0102700553,2.08972102e-05,0.00015256777410000002,52.6870628,121.4,1.8601308000000003e-05,7.1384717000000015e-06,1.91167295e-06,1.04753488e-06,7.08140795e-07,5.905400419999999e-07,4.620144899999999e-07,4.0392944900000006e-07,8.790317890000001e-07,2.17749838e-07,2.9109727299999997e-06,70.4000815,18.8845474,1.8465253699999997e-09,8.924360400000001,0.00167165807,0.137738343,8.95049565e-05,1.453851618e-05,0.0022164834399999995,0.24391955599999998,8.95049565e-05,1.453851618e-05,0.0037050966399999998,0.7372497010000001,8.95049565e-05,1.453851618e-05,0.00337839319,0.5919023519999999,8.95049565e-05,1.453851618e-05,2.502604365348816
155,1661828400,7.1013564e-05,7.10136492e-05,0.25742369504,4.964147472800001,0.060411407800000004,0.00647006327,0.0134248554,0.010327034799999999,2.4625718399999996e-05,0.00020545941179999998,52.9912596,116.4,1.954513895e-05,7.050843469999999e-06,1.79655637e-06,9.92803727e-07,6.94223839e-07,5.28862312e-07,4.645510359999999e-07,3.92228344e-07,8.558323479999998e-07,2.36071316e-07,2.94965232e-06,70.7455085,19.1589587,1.89201236e-09,8.9269333,0.00163222492,0.13048454719999997,0.00020548870799999997,2.3329193980000004e-05,0.00216069839,0.23535853699999998,0.00020548870799999997,2.3329193980000004e-05,0.00369835568,0.782566222,0.00020548870799999997,2.3329193980000004e-05,0.0033825788099999996,0.5923020290000001,0.00020548870799999997,2.3329193980000004e-05,2.502441143989563
155,1661829000,5.709042020000001e-05,5.7090439800000004e-05,0.04561485999999999,0.383953749,0.03466975369999999,0.0059472421499999996,0.0123615428,0.00950325705,1.12884095e-05,7.59088062e-05,44.7010488,99.8,1.3948817199999999e-05,6.010804700000001e-06,1.6423147899999998e-06,9.59271274e-07,6.85345236e-07,5.227599249999999e-07,4.2755922700000005e-07,3.86563917e-07,8.231627980000002e-07,2.3824641799999998e-07,2.9002326700000003e-06,72.9871136,21.500863000000003,1.4535257799999999e-09,8.9749796,0.0016145944999999997,0.12617763349999997,4.567989280000001e-05,7.574734409999999e-06,0.0020317553900000003,0.20304179600000002,4.567989280000001e-05,7.574734409999999e-06,0.00327894442,0.538350758,4.567989280000001e-05,7.574734409999999e-06,0.0031065888599999996,0.483204721,4.567989280000001e-05,7.574734409999999e-06,2.5025758504867555
155,1661829600,6.8141841e-05,6.81418848e-05,0.0783934439,0.576011305,0.042264908899999995,0.00646493949,0.0135422716,0.0103266703,1.5108956250000001e-05,9.75255314e-05,53.1870629,123.8,1.83873209e-05,6.865348530000001e-06,1.76669498e-06,9.677041490000002e-07,6.96423398e-07,5.55650779e-07,4.4402545999999993e-07,3.8745514100000006e-07,8.31738964e-07,2.39957367e-07,2.92854564e-06,71.05259530000001,18.9513144,1.7999992e-09,8.9310245,0.00162813531,0.13060275000000002,5.879536349999999e-05,9.646685960000001e-06,0.0021398707700000003,0.226649344,5.879536349999999e-05,9.646685960000001e-06,0.0036717648,0.676654824,5.879536349999999e-05,9.646685960000001e-06,0.0034923900700000003,0.6303857130000001,5.879536349999999e-05,9.646685960000001e-06,2.5026645183563234
155,1661830200,8.27582134e-05,8.27582724e-05,0.0314237206,0.5809095789999998,0.041717803,0.00710425326,0.014858205650000001,0.0112815233,2.0871343400000002e-05,0.000129708043,63.91783190000001,139.9,2.4348211200000002e-05,7.96885626e-06,1.99699786e-06,1.016843705e-06,6.959747500000001e-07,5.410700399999999e-07,4.5938539699999996e-07,3.73466083e-07,8.36383957e-07,2.44447151e-07,2.8974658299999997e-06,68.71834900000002,16.1469011,2.27336299e-09,8.87405225,0.0016551725900000001,0.133153377,9.15145197e-05,1.491565655e-05,0.00227674099,0.255798786,9.15145197e-05,1.491565655e-05,0.0042928234099999995,0.9561683540000001,9.15145197e-05,1.491565655e-05,0.00379646301,0.7359657000000001,9.15145197e-05,1.491565655e-05,2.5026820421218874
155,1661830800,0.00012645087040000002,0.000126451045,0.865856972005,16.908079810500006,0.11665772760000001,0.007986423360000001,0.016347658150000003,0.0124205874,9.996416509999999e-05,0.0009630310265,73.414335,147.1,3.9499531600000005e-05,1.232007555e-05,3.2476075799999996e-06,1.5235931700000001e-06,8.808321789999998e-07,6.51546313e-07,4.956061e-07,4.2492076100000003e-07,9.09884016e-07,2.64372592e-07,3.00754611e-06,64.27138310000001,13.87906805,3.64430294e-09,8.785941,0.0017477174299999998,0.17474040899999999,0.0005802848411,6.073891515e-05,0.00253568801,0.4164536200000001,0.0005802848411,6.073891515e-05,0.00496244134,1.5941916399999998,0.0005802848411,6.073891515e-05,0.00433749137,1.1232897259999999,0.0005802848411,6.073891515e-05,2.5025648355484007
155,1661831400,0.00027716556480000007,0.0002771656193,-0.2336111346,32.225386580000006,0.1385412244,0.00916005262,0.019539760750000003,0.0137587821,0.0003162715632,0.00283670191,72.5279726,172.3,0.0001018628897,2.5068386240000003e-05,3.7165937900000003e-06,1.5301771800000004e-06,8.587153480000001e-07,6.1646794e-07,4.783883469999999e-07,4.0180756799999994e-07,8.666712410000001e-07,2.41981922e-07,2.9406808799999997e-06,60.600596800000005,12.60271441,8.69524398e-09,8.64869932,0.0017829304,0.190163441,0.0012873527580000003,0.0001586634936,0.0027256300600000003,0.5531164740000001,0.0012873527580000003,0.0001586634936,0.00600450177,4.12874737,0.0012873527580000003,0.0001586634936,0.00494692824,2.7595541169999995,0.0012873527580000003,0.0001586634936,2.5027287721633913
155,1661832000,6.92478218e-05,6.92479417e-05,0.02591835898,0.27952203350000004,0.0398795122,0.0065615160500000005,0.01364921745,0.010511656550000002,1.411357455e-05,8.849627250000001e-05,55.5856644,119.3,1.8601460000000002e-05,7.172036039999999e-06,1.8130903799999997e-06,9.6655618e-07,6.95933568e-07,5.314186549999999e-07,4.46004314e-07,3.9790741700000005e-07,8.39954156e-07,2.2708664999999997e-07,2.93248925e-06,70.64770289999998,18.655445999999998,1.8335223200000003e-09,8.926267099999999,0.00161511722,0.12710037899999999,5.68494016e-05,9.50686557e-06,0.0022133786599999998,0.24362607499999997,5.68494016e-05,9.50686557e-06,0.00376252107,0.709967513,5.68494016e-05,9.50686557e-06,0.00349176607,0.612243249,5.68494016e-05,9.50686557e-06,2.502585768699646
155,1661832600,8.011538530000001e-05,8.011538889999999e-05,0.09988115515000001,1.738290282,0.05692395469999999,0.006960656679999999,0.014449087999999999,0.011052616099999999,2.066946235e-05,0.0001350715707,61.5629361,143.6,2.25644165e-05,8.09858505e-06,2.15304481e-06,1.09774091e-06,7.181032889999999e-07,5.59779019e-07,4.64243297e-07,3.80794538e-07,8.3478147e-07,2.2877205599999997e-07,2.95736563e-06,69.2086566,17.13357325,2.17551504e-09,8.88946245,0.0016750072000000001,0.13898500399999997,8.51752111e-05,1.377098536e-05,0.00226510426,0.260385918,8.51752111e-05,1.377098536e-05,0.00412620236,0.884123016,8.51752111e-05,1.377098536e-05,0.0037411767399999998,0.7233249290000001,8.51752111e-05,1.377098536e-05,2.502516770362854
155,1661833200,6.32712424e-05,6.327127679999999e-05,0.02541396177,0.2491035269,0.038070335200000006,0.006267317509999999,0.01299389255,0.010028433549999998,1.2437210149999998e-05,7.546249160000002e-05,49.6381121,106.5,1.6264367700000004e-05,6.565309540000001e-06,1.7931297e-06,9.831385220000001e-07,6.95754008e-07,5.27606144e-07,4.5052687100000003e-07,3.81689863e-07,8.239847159999999e-07,2.28066998e-07,2.92165351e-06,71.770867,20.1784751,1.64493567e-09,8.9516669,0.0016325911799999998,0.12871237149999998,4.7753380600000004e-05,8.45625755e-06,0.0021560841500000002,0.22722444299999997,4.7753380600000004e-05,8.45625755e-06,0.003511995440000001,0.622746549,4.7753380600000004e-05,8.45625755e-06,0.00330212112,0.549688063,4.7753380600000004e-05,8.45625755e-06,2.5026242971420287
155,1661833800,8.29285079e-05,8.292851949999999e-05,0.28473734857000005,25.501519666,0.07545844449999999,0.00619392911,0.012716033699999999,0.009728563,0.00011226593105,0.001148785368,47.0454545,112.4,2.24355969e-05,9.44976332e-06,2.38504754e-06,1.118708494e-06,7.33725844e-07,5.368871039999999e-07,4.37029762e-07,3.69110449e-07,8.40240286e-07,2.21985697e-07,2.9360267499999998e-06,69.98810269999998,19.342384900000003,2.2662509299999995e-09,8.90969205,0.00162669515,0.137844383,0.00024545586819999996,2.6568979519999996e-05,0.00206305704,0.23314270399999998,0.00024545586819999996,2.6568979519999996e-05,0.00341064004,0.706628272,0.00024545586819999996,2.6568979519999996e-05,0.0033237280600000004,1.012937283,0.00024545586819999996,2.6568979519999996e-05,2.5025750637054442
155,1661834400,8.19567562e-05,8.19568826e-05,0.09602664651000001,5.185625162999999,0.0589214124,0.006836530679999999,0.0141465663,0.01079427745,4.324142779999999e-05,0.0003919313711,57.9632871,131.6,2.42442389e-05,7.41210027e-06,1.90209764e-06,1.0031667349999997e-06,7.093511979999999e-07,5.24844743e-07,4.76890327e-07,3.98390595e-07,8.4971639e-07,4.0669690100000004e-07,3.04364269e-06,69.9169656,18.4978664,2.23916745e-09,8.8911425,0.00164089658,0.13149663800000003,0.00012449024039999998,1.75924067e-05,0.00221809921,0.249031781,0.00012449024039999998,1.75924067e-05,0.00404007695,0.888778333,0.00012449024039999998,1.75924067e-05,0.00361880874,0.763992403,0.00012449024039999998,1.75924067e-05,2.5026559829711914
155,1661835000,6.78464743e-05,6.784655469999999e-05,0.02224287145,0.45329261800000004,0.0395372482,0.00646077182,0.013393134350000002,0.01028837005,1.5292714750000002e-05,0.00010978620209999999,52.96853180000001,116.3,1.8132192600000003e-05,6.71755096e-06,1.75661863e-06,9.7643386e-07,6.83546634e-07,5.33378075e-07,4.27708152e-07,3.90395125e-07,8.361771389999999e-07,3.9609253400000003e-07,3.07202094e-06,71.999389,20.6644318,1.7848508e-09,8.9386714,0.00162472304,0.128632776,5.9867647800000004e-05,9.941266000000001e-06,0.0021221850599999997,0.22223585099999998,5.9867647800000004e-05,9.941266000000001e-06,0.0036645556799999998,0.6882071679999999,5.9867647800000004e-05,9.941266000000001e-06,0.00341737339,0.60179072,5.9867647800000004e-05,9.941266000000001e-06,2.5025012493133545
155,1661835600,6.596026810000002e-05,6.596039579999999e-05,0.015873505499999996,0.451420826,0.0401105558,0.0063614777300000005,0.013161769600000001,0.010160519350000001,1.4412889149999998e-05,0.00010355774039999999,51.466783299999996,118.7,1.72455393e-05,6.4579625099999996e-06,1.70150241e-06,1.000618138e-06,6.99271641e-07,5.417055989999999e-07,4.5159457399999995e-07,3.905189e-07,8.56090974e-07,4.29961706e-07,3.19893002e-06,72.7440698,21.946218299999998,1.7141023000000002e-09,8.95395255,0.00163899383,0.13015821500000002,5.69527902e-05,9.4945212e-06,0.00209649807,0.219222405,5.69527902e-05,9.4945212e-06,0.00362044532,0.668111985,5.69527902e-05,9.4945212e-06,0.00332144952,0.551377555,5.69527902e-05,9.4945212e-06,2.5026132345199583
155,1661836200,7.30148374e-05,7.301486690000002e-05,0.5003344683,13.299079061,0.07458020409999999,0.00665092551,0.013830867,0.01056638305,2.10073177e-05,0.00016502383499999998,56.77447540000001,134.8,1.9759994e-05,7.0404481e-06,1.8833406300000002e-06,1.036587797e-06,7.74411781e-07,5.813674e-07,4.954727070000001e-07,3.9879191599999995e-07,8.916125889999999e-07,4.26290364e-07,3.20678552e-06,71.1942446,20.3209194,1.93622533e-09,8.9204094,0.0016469846,0.13901196799999999,6.436490489999999e-05,1.146506745e-05,0.0021831059999999998,0.24331190600000002,6.436490489999999e-05,1.146506745e-05,0.0038373396900000002,0.767959971,6.436490489999999e-05,1.146506745e-05,0.0034857986300000005,0.6241707759999999,6.436490489999999e-05,1.146506745e-05,2.502610206604004
155,1661836800,6.79436633e-05,6.79437148e-05,0.00674470686,0.514038751,0.0401058455,0.00647175734,0.013349647000000001,0.01030361625,1.53207551e-05,0.0001047107422,53.409090500000005,119.9,1.75281613e-05,6.804561250000001e-06,1.89935844e-06,1.014781776e-06,7.58567169e-07,6.71709465e-07,5.139444630000001e-07,4.0764235000000007e-07,9.02758062e-07,3.8452435700000003e-07,3.08195402e-06,71.3730861,20.6794248,1.7708901800000003e-09,8.9379649,0.00166577005,0.140857094,7.49190896e-05,1.10074326e-05,0.0021960092099999997,0.24078771100000002,7.49190896e-05,1.10074326e-05,0.00372693095,0.7032320889999999,7.49190896e-05,1.10074326e-05,0.00332908751,0.550763329,7.49190896e-05,1.10074326e-05,2.502655267715454
155,1661837400,6.26088144e-05,6.260893980000001e-05,0.025731131899999992,0.39524215960000003,0.036736482,0.00620175538,0.0128925839,0.0098973454,1.36507786e-05,9.03139677e-05,48.85489559999999,113.2,1.6161733950000002e-05,6.1346605e-06,1.64274804e-06,9.349089160000001e-07,7.124927289999999e-07,5.959764e-07,4.6028570500000004e-07,4.1270386800000004e-07,8.74422911e-07,3.56629462e-07,3.0122669400000003e-06,72.6499021,21.744077700000002,1.6183201e-09,8.9602188,0.0016259865600000002,0.13066851390000003,5.981264159999999e-05,9.50739619e-06,0.0020407090000000004,0.206298162,5.981264159999999e-05,9.50739619e-06,0.0034909557000000003,0.6324354480000001,5.981264159999999e-05,9.50739619e-06,0.00319514904,0.518149737,5.981264159999999e-05,9.50739619e-06,2.5026207685470583
155,1661838000,6.69296577e-05,6.692975890000001e-05,0.025451639650000003,0.41128406649999993,0.0371259677,0.0064281506799999995,0.013394785349999999,0.010253090749999999,1.4692084499999999e-05,9.18904939e-05,52.568182300000004,116.6,1.80487816e-05,6.643658209999999e-06,1.7469036600000003e-06,1.0002581300000001e-06,7.025266840000001e-07,5.47625902e-07,4.3505767199999995e-07,3.78428441e-07,8.35504136e-07,2.18025565e-07,2.9079943e-06,70.86886940000001,18.9461899,1.7614008599999998e-09,8.93433105,0.0016368861499999998,0.12997802500000002,6.197454490000001e-05,1.0038964849999998e-05,0.0021167559500000002,0.225158405,6.197454490000001e-05,1.0038964849999998e-05,0.00366769468,0.689035481,6.197454490000001e-05,1.0038964849999998e-05,0.0033891019199999996,0.5847648380000001,6.197454490000001e-05,1.0038964849999998e-05,2.5026618003845216
155,1661838600,6.757636329999999e-05,6.75764175e-05,0.059925509,0.5792416383,0.0399555939,0.006388721380000001,0.013362308849999999,0.010187185,1.573286684e-05,0.0001029007549,51.2989512,112.3,1.80841595e-05,6.85536683e-06,1.8148506300000002e-06,1.002145564e-06,6.87410241e-07,5.359871450000001e-07,4.59719971e-07,3.67835436e-07,8.28896285e-07,2.2030676299999998e-07,2.93145364e-06,71.22327139999999,19.4808512,1.7830611699999999e-09,8.937768099999998,0.00164776799,0.132011325,6.12909691e-05,1.014549847e-05,0.00213948216,0.22920460299999998,6.12909691e-05,1.014549847e-05,0.0036556705999999995,0.6885017199999999,6.12909691e-05,1.014549847e-05,0.00336949377,0.601782381,6.12909691e-05,1.014549847e-05,2.5024903774261475
155,1661839200,7.818423529999999e-05,7.81843174e-05,-0.035326034950000015,2.178747417,0.046641832300000005,0.00681582189,0.01411546255,0.01081263665,2.9205741649999998e-05,0.0002518735760000001,58.225525000000005,134.3,2.22353842e-05,7.83625223e-06,1.98580678e-06,1.00870144e-06,6.889296159999999e-07,5.499890179999999e-07,4.3773336099999995e-07,3.76215056e-07,8.39061926e-07,2.1780665900000002e-07,2.9162624899999996e-06,69.2698834,17.0251463,2.12131768e-09,8.89213295,0.00165012347,0.13345067699999996,9.696489549999999e-05,1.384554705e-05,0.00223815148,0.26063531100000004,9.696489549999999e-05,1.384554705e-05,0.0040394321099999995,0.839583369,9.696489549999999e-05,1.384554705e-05,0.00365229843,0.72129708,9.696489549999999e-05,1.384554705e-05,2.5026620626449585
155,1661839800,0.00010081948219999999,0.00010081952799999999,1.7797189955000001,39.083527804,0.11455122269999998,0.006963595059999999,0.01432911065,0.0108945504,9.905910789999997e-05,0.0009531705636,59.274475699999996,133.2,2.58804358e-05,1.256693632e-05,3.2920083699999996e-06,1.5221026e-06,9.227927159999999e-07,7.715531959999999e-07,6.15291928e-07,5.00256025e-07,1.006343989e-06,2.3734732600000003e-07,3.0945769e-06,66.4426298,16.4775886,2.78047359e-09,8.853601399999999,0.00171321829,0.18066270139999996,0.00024690871939999997,2.806430585e-05,0.0023069655599999997,0.5063607109999999,0.00024690871939999997,2.806430585e-05,0.0040442859,0.9539393579999998,0.00024690871939999997,2.806430585e-05,0.00379320217,0.91077072,0.00024690871939999997,2.806430585e-05,2.5026281118392943
155,1661840400,6.84668789e-05,6.84669528e-05,0.0635747676,0.5314673635,0.041802918499999994,0.006457937360000001,0.0134702456,0.010320739999999998,1.5196615769999997e-05,9.36298846e-05,52.641608399999996,115.2,1.88578953e-05,6.58085047e-06,1.76353285e-06,1.0014865170000002e-06,6.655407e-07,5.380755000000002e-07,4.566707770000001e-07,3.8676809099999997e-07,8.286896379999999e-07,2.19799034e-07,2.9339898400000006e-06,71.2094385,19.3184321,1.8140433800000002e-09,8.934832499999999,0.0016185599500000002,0.12835503,6.216779779999999e-05,9.75038523e-06,0.0021139806399999997,0.223310816,6.216779779999999e-05,9.75038523e-06,0.0037962806099999997,0.729510483,6.216779779999999e-05,9.75038523e-06,0.00336431713,0.5928289680000001,6.216779779999999e-05,9.75038523e-06,2.5025620222091676
155,1661841000,0.00015409295100000004,0.00015409304040000003,-0.14504234148,23.215885673,0.08919062499999998,0.006663432379999999,0.013451978650000002,0.010263467450000001,0.0003048597108,0.0031253756265999994,52.7569933,134.9,5.9044803e-05,9.04732304e-06,1.96437123e-06,9.55593141e-07,7.102901360000001e-07,5.34186003e-07,4.4091595000000003e-07,3.8212219299999994e-07,8.363712459999999e-07,2.2461720999999997e-07,2.9058246899999998e-06,68.05518170000002,17.498878460000004,4.67976911e-09,8.837375660000001,0.00161958371,0.133448854,0.0010169712562000002,0.00013533422769999997,0.00214469592,0.30190521900000006,0.0010169712562000002,0.00013533422769999997,0.00396356026,2.0522286729999997,0.0010169712562000002,0.00013533422769999997,0.00352815428,1.635356612,0.0010169712562000002,0.00013533422769999997,2.5025748729705812
155,1661841600,6.57130561e-05,6.571307820000001e-05,0.008889142499999999,0.5072689497,0.036496919600000004,0.00633052318,0.01319876965,0.010119122300000002,1.5247312849999997e-05,0.00010383471950000001,50.627622699999996,116.5,1.75301951e-05,6.61781948e-06,1.7388623e-06,9.582409029999998e-07,6.729365760000001e-07,5.447409520000001e-07,4.5016083200000006e-07,3.8341427599999996e-07,8.42624753e-07,2.1748208100000002e-07,2.89994988e-06,71.3638422,19.309347199999998,1.7272354599999998e-09,8.94039025,0.0016140109099999998,0.1274092314,6.27683125e-05,1.046936991e-05,0.0021096785,0.21915099200000002,6.27683125e-05,1.046936991e-05,0.0036196108000000004,0.681013196,6.27683125e-05,1.046936991e-05,0.0033672659400000005,0.572204171,6.27683125e-05,1.046936991e-05,2.5026885509490966
155,1661842200,6.7571318e-05,6.75713831e-05,0.013499485223000002,0.593779647,0.03979648919999999,0.00642852154,0.01330971705,0.010203909450000001,1.54624805e-05,0.0001000851013,52.0209791,123.7,1.83038556e-05,6.6861318900000005e-06,1.78393647e-06,9.870419509999999e-07,6.97989569e-07,5.24037745e-07,4.35510363e-07,3.85212027e-07,8.393947879999999e-07,2.27039644e-07,2.9154693000000003e-06,70.9824254,18.7913226,1.7824439600000002e-09,8.9320563,0.00162185808,0.1284400614,7.387225950000001e-05,1.0886685119999999e-05,0.00214720105,0.22755469500000003,7.387225950000001e-05,1.0886685119999999e-05,0.00367681296,0.695542557,7.387225950000001e-05,1.0886685119999999e-05,0.0034071919,0.593870831,7.387225950000001e-05,1.0886685119999999e-05,2.5026244163513183
155,1661842800,6.0318190100000006e-05,6.0318251600000004e-05,0.008828847919999997,0.936653394,0.040133631700000005,0.006083287750000001,0.012650772400000001,0.00971611855,1.4582336e-05,0.00011603694949999999,46.8216787,110.5,1.5235271e-05,6.2582326e-06,1.6844998500000002e-06,9.812960769999999e-07,6.74132142e-07,5.35868497e-07,4.28449205e-07,3.856550510000001e-07,8.23428946e-07,2.2900836900000002e-07,2.92325584e-06,72.2294311,20.6193819,1.5510280199999998e-09,8.9617602,0.00160842188,0.1254740825,6.42119084e-05,9.863591450000001e-06,0.00206298224,0.21487970299999998,6.42119084e-05,9.863591450000001e-06,0.00337867869,0.5945192109999999,6.42119084e-05,9.863591450000001e-06,0.00316561823,0.5094580470000001,6.42119084e-05,9.863591450000001e-06,2.502596688270569
155,1661843400,6.288260819999999e-05,6.28826846e-05,0.0338229711,0.321421866,0.0374032471,0.006240213749999999,0.013009053000000001,0.009971606650000001,1.2882226500000001e-05,8.62973427e-05,49.8723774,110.8,1.597726135e-05,6.6627380999999995e-06,1.78819324e-06,9.927584049999998e-07,6.9019424e-07,5.34297279e-07,4.38501426e-07,3.8150647400000005e-07,8.329100340000001e-07,2.3612000299999998e-07,2.9067484799999997e-06,71.7838943,20.1165785,1.62928763e-09,8.953537899999999,0.00162975309,0.129233731,5.3939637799999995e-05,8.58911468e-06,0.00214676377,0.22771332700000002,5.3939637799999995e-05,8.58911468e-06,0.0034538634299999997,0.603488491,5.3939637799999995e-05,8.58911468e-06,0.00332444939,0.554917204,5.3939637799999995e-05,8.58911468e-06,2.5025842666625975
155,1661844000,5.89690142e-05,5.8969064900000004e-05,0.0017941721000000002,0.332874137,0.034953366599999994,0.006064659199999999,0.01253140075,0.0096718132,1.1742041799999999e-05,7.94000887e-05,46.241258800000004,115.2,1.4717980700000002e-05,6.08829818e-06,1.6619801500000001e-06,9.629112240000002e-07,6.888681180000001e-07,5.36986383e-07,4.5084784400000006e-07,3.72157833e-07,8.39872587e-07,2.27763152e-07,2.93634345e-06,72.5961097,21.041960899999996,1.5060399799999998e-09,8.971430699999999,0.00162359859,0.12775995450000002,5.0229083799999996e-05,8.040651520000001e-06,0.0020485253899999996,0.21037511199999998,5.0229083799999996e-05,8.040651520000001e-06,0.00337827201,0.5713737950000001,5.0229083799999996e-05,8.040651520000001e-06,0.00314369542,0.4964601330000001,5.0229083799999996e-05,8.040651520000001e-06,2.5025914669036866
155,1661844600,5.71139686e-05,5.7114002299999996e-05,0.01481478191,0.20055234,0.0320747212,0.00597300112,0.012398769149999999,0.009552753800000001,1.066620715e-05,6.77993411e-05,45.0454549,100.9,1.4425496399999998e-05,5.517170440000001e-06,1.68554929e-06,9.4024717e-07,6.73479855e-07,5.4354433e-07,4.33237607e-07,3.77040668e-07,8.14506918e-07,2.3348675700000002e-07,2.91295557e-06,73.189302,21.632715499999996,1.4535831300000001e-09,8.979350499999999,0.0016062716900000003,0.12533457150000002,4.00319872e-05,7.099216459999999e-06,0.00200522441,0.196851305,4.00319872e-05,7.099216459999999e-06,0.0033251487,0.5519388559999999,4.00319872e-05,7.099216459999999e-06,0.0031039666,0.4821814410000001,4.00319872e-05,7.099216459999999e-06,2.502670431137085
155,1661845200,0.00024120165060000006,0.00024120167620000004,-0.0269537315,6.034191951,0.0819328175,0.007320722000000002,0.015038793199999997,0.010641015149999999,0.000399690534,0.0040149078876,52.9999995,128.2,9.564193679999999e-05,1.501435162e-05,2.65464706e-06,1.156518306e-06,7.42318708e-07,5.500481480000001e-07,4.5086837900000006e-07,3.9178838199999994e-07,8.387689299999999e-07,2.29373389e-07,2.92989537e-06,67.9365786,18.6010912,7.614373179999998e-09,8.82471575,0.0016607764300000001,0.14424894200000002,0.0017773907356,0.00023212937243999998,0.00230211692,0.44533864999999995,0.0017773907356,0.00023212937243999998,0.00444743883,4.2635324379999995,0.0017773907356,0.00023212937243999998,0.00384272101,1.7621408619999996,0.0017773907356,0.00023212937243999998,2.502714443206787
155,1661845800,0.000420430548,0.00042043067009999997,0.34819543553,33.9451288702,0.18676910149999998,0.00639881596,0.01230560435,0.0094955294,0.00101933843884,0.009963659781500002,44.6713284,116.3,0.000161888023,3.8340788040000004e-05,2.2585601599999998e-06,1.5878548849999998e-06,7.02858957e-07,6.06233297e-07,4.4897438300000005e-07,3.98861758e-07,8.237466930000001e-07,2.3561088e-07,2.9237229800000004e-06,68.36213380000001,19.9223681,1.3611161630000005e-08,8.82631525,0.00162198027,0.2015491325,0.0082640074688,0.0007827465346800001,0.0020966508400000004,0.7712689800000001,0.0082640074688,0.0007827465346800001,0.0036975876099999997,6.00128942,0.0082640074688,0.0007827465346800001,0.00335689968,4.764569951,0.0082640074688,0.0007827465346800001,2.5025344848632813
155,1661846400,5.8110710599999996e-05,5.811080650000001e-05,0.0205668023,3.1045657064,0.0415595,0.0059272430299999995,0.012224490699999998,0.00941997025,1.932264945e-05,0.00016994864560000003,43.42657339999999,108.7,1.4531411600000001e-05,5.863330280000001e-06,1.67282908e-06,9.626872369999999e-07,6.61817612e-07,5.44596197e-07,4.4315339299999997e-07,3.7760722699999995e-07,8.3063761e-07,2.3066413600000002e-07,2.9364563199999997e-06,72.77282559999999,21.4081867,1.4792241600000001e-09,8.977191699999999,0.00159980113,0.1242817651,4.34956741e-05,7.110103e-06,0.00202305744,0.20924003399999996,4.34956741e-05,7.110103e-06,0.00317949288,0.5034514970000001,4.34956741e-05,7.110103e-06,0.0031120134300000003,0.5427523350000001,4.34956741e-05,7.110103e-06,2.5025895118713377
155,1661847000,6.34924357e-05,6.349255279999998e-05,0.0040673866,0.33404006399999997,0.0370208789,0.006283753479999999,0.0130079271,0.010064571999999999,1.2647962850000001e-05,8.65435401e-05,50.2377623,106.3,1.67802098e-05,6.27652621e-06,1.7479148199999998e-06,9.508143389999999e-07,6.80308926e-07,5.254681139999999e-07,4.3592519100000004e-07,3.79057372e-07,8.21790127e-07,2.3171116600000002e-07,2.9165635799999998e-06,71.8566378,19.9208076,1.6545052e-09,8.95267925,0.00161168181,0.127174172,4.87785557e-05,8.74513218e-06,0.00209514384,0.21780604,4.87785557e-05,8.74513218e-06,0.0035816361000000005,0.645043871,4.87785557e-05,8.74513218e-06,0.00329278181,0.544430448,4.87785557e-05,8.74513218e-06,2.5027143001556396
155,1661847600,6.27443901e-05,6.2744497e-05,0.0004946101000000006,0.7258919837000001,0.0406443154,0.0061721074599999995,0.0128084423,0.00978144645,1.566381271e-05,0.00010803783890000001,47.76922979999999,116.8,1.59944385e-05,6.563877450000001e-06,1.79166499e-06,9.806588300000001e-07,6.90657865e-07,5.47703219e-07,4.4469846799999995e-07,3.77946313e-07,8.39233318e-07,2.3143223399999998e-07,2.9097771600000002e-06,71.69786989999999,20.1544135,1.62779068e-09,8.9524328,0.0016240143300000002,0.1288193936,7.06906653e-05,1.044844225e-05,0.00210774377,0.22230031,7.06906653e-05,1.044844225e-05,0.0034027539400000003,0.6134586210000001,7.06906653e-05,1.044844225e-05,0.00324500033,0.54503676,7.06906653e-05,1.044844225e-05,2.502619433403015
155,1661848200,7.035298310000001e-05,7.03530075e-05,-0.03137458216999999,1.854112396,0.0454333544,0.00645598916,0.013338122550000001,0.0102376395,2.42473193e-05,0.00021070671380000002,52.5174823,121.1,1.89050812e-05,7.32635848e-06,1.81432552e-06,9.682722329999999e-07,7.22302696e-07,5.64494738e-07,4.66695854e-07,4.0437711300000003e-07,8.46443976e-07,2.3156172499999995e-07,2.9263247100000003e-06,70.8456596,19.193779600000003,1.87241713e-09,8.928556799999999,0.0016328424799999998,0.13060331099999997,9.241278220000001e-05,1.3137052640000001e-05,0.00215888246,0.242835599,9.241278220000001e-05,1.3137052640000001e-05,0.0036745889600000004,0.722366493,9.241278220000001e-05,1.3137052640000001e-05,0.0034311658,0.630879007,9.241278220000001e-05,1.3137052640000001e-05,2.5026179790496825
155,1661848800,8.891193700000001e-05,8.891199250000001e-05,-0.0572848337,6.175979383,0.06054649830000001,0.006691461040000001,0.013742671050000002,0.0104601532,5.2604584150000005e-05,0.00041135867749999996,54.13111729999999,133.2,2.5998065750000002e-05,9.428197530000002e-06,1.95339129e-06,1.0064358889999999e-06,7.05536678e-07,5.323256989999999e-07,4.5091855200000006e-07,3.91713203e-07,8.335400830000001e-07,2.1953571299999998e-07,2.9362078000000003e-06,69.48741150000001,18.246047,2.48120291e-09,8.8893337,0.0016361622400000002,0.13236272840000002,0.0003743339682999999,4.218489683e-05,0.0022193966299999994,0.29966286799999997,0.0003743339682999999,4.218489683e-05,0.00394231151,1.114903404,0.0003743339682999999,4.218489683e-05,0.003517250759999999,0.712670443,0.0003743339682999999,4.218489683e-05,2.5025979042053224
155,1661849400,6.49506575e-05,6.495071249999999e-05,0.02427916134,4.3082680097,0.046069061099999996,0.00620466352,0.012836028999999999,0.0098373777,2.3384457099999997e-05,0.00019468016759999999,48.798951499999994,120.9,1.7059728999999998e-05,6.647862610000001e-06,1.77833967e-06,9.735683970000001e-07,6.98386615e-07,5.444508099999999e-07,4.38481473e-07,3.7587722100000003e-07,8.351996449999998e-07,2.08376968e-07,2.91468766e-06,71.3427654,19.579792599999998,1.6992235500000002e-09,8.941106200000002,0.0016292869100000002,0.132115622,6.21643719e-05,9.90235296e-06,0.00207134773,0.220619619,6.21643719e-05,9.90235296e-06,0.0035362215900000002,0.639760766,6.21643719e-05,9.90235296e-06,0.00323709219,0.587661248,6.21643719e-05,9.90235296e-06,2.5025635957717896
155,1661850000,6.210161940000001e-05,6.210164419999999e-05,0.029294387900000007,0.399787648,0.0366647953,0.006170668570000001,0.012908157550000002,0.0098493373,1.342185815e-05,8.84921675e-05,48.0734275,111.1,1.6378648949999998e-05,6.1017791099999996e-06,1.65331009e-06,9.313232830000001e-07,6.766260559999999e-07,5.19660714e-07,4.36935139e-07,3.87937354e-07,8.455858320000001e-07,2.08945502e-07,2.9093759e-06,72.1949697,20.360342199999998,1.6134559899999998e-09,8.956427,0.0015968636800000001,0.124290542,5.61827519e-05,9.74952522e-06,0.0020377422,0.205944985,5.61827519e-05,9.74952522e-06,0.0035257135599999997,0.642252584,5.61827519e-05,9.74952522e-06,0.00320334386,0.524422123,5.61827519e-05,9.74952522e-06,2.5026535034179687
155,1661850600,0.00010457758780000001,0.00010457762580000001,0.03523211651000001,4.9432739077,0.0491956389,0.00615064678,0.01316394615,0.009391255999999999,7.316480372999997e-05,0.000493726572,38.8741256,97.9,3.41389239e-05,8.803568010000002e-06,2.03113673e-06,1.1253640580000001e-06,7.439931519999999e-07,5.8411067e-07,4.786663009999999e-07,3.9911824000000006e-07,8.456527799999999e-07,2.18065403e-07,2.9198630399999995e-06,72.4606799,23.521055940000004,3.02757037e-09,8.9459345,0.00165505548,0.1475986598,0.0004087583943,5.142471546e-05,0.00206418017,0.282826947,0.0004087583943,5.142471546e-05,0.00340714648,1.4340351409999998,0.0004087583943,5.142471546e-05,0.00312255523,0.8421937700000001,0.0004087583943,5.142471546e-05,2.502633547782898
155,1661851200,0.00021081978269999998,0.00021081984390000004,-0.07995629197000002,13.3970659933,0.1032429614,0.00750168954,0.0153766022,0.011041288350000001,0.00025682070825000004,0.0022975747433000003,55.513985800000015,135.0,7.513288244999999e-05,1.7893144439999996e-05,4.10101805e-06,1.5802197570000001e-06,9.770965799999998e-07,7.432269189999999e-07,5.1292479e-07,4.1580887e-07,8.895052999999999e-07,2.51297994e-07,2.91277164e-06,65.9291869,17.388250900000003,6.49948088e-09,8.7989604,0.00172282029,0.2125978274,0.0011749276029999998,0.00015780182377999997,0.0023860009100000004,0.5601976550000001,0.0011749276029999998,0.00015780182377999997,0.00460058132,3.139759614,0.0011749276029999998,0.00015780182377999997,0.00397765221,1.8114922489999998,0.0011749276029999998,0.00015780182377999997,2.5027567863464357
155,1661851800,6.95534461e-05,6.95534933e-05,-0.24465894666,6.844607083,0.045692167000000006,0.00620508361,0.01270232,0.00974990875,3.7831407859999996e-05,0.00035317017779999996,47.2360144,110.0,1.937581105e-05,6.62978168e-06,1.74265871e-06,9.518807300000001e-07,6.85647053e-07,5.45095608e-07,4.5416547599999994e-07,3.86354492e-07,8.30536288e-07,2.4387948599999997e-07,2.93042075e-06,71.3610243,19.8914444,1.85191092e-09,8.9367613,0.00161727945,0.129090388,0.0003144290851,3.2728447599999995e-05,0.0020351380300000005,0.211324099,0.0003144290851,3.2728447599999995e-05,0.00349409028,0.7707667370000001,0.0003144290851,3.2728447599999995e-05,0.0032732584100000003,0.5957700349999999,0.0003144290851,3.2728447599999995e-05,2.502432942390442
155,1661852400,5.9762917399999996e-05,5.976302159999999e-05,0.104515684262,3.8452157700000003,0.047593765899999994,0.00598866963,0.01245652945,0.00953408255,1.7533618190000004e-05,0.0001463142852,44.5681823,108.0,1.48649164e-05,6.151219089999999e-06,1.7522113000000003e-06,9.949623039999998e-07,6.872419460000001e-07,5.44964196e-07,4.5469490799999997e-07,3.87440099e-07,8.18436585e-07,2.66236064e-07,2.9584096700000005e-06,72.33584640000001,21.209472599999998,1.52664237e-09,8.96771945,0.00159819265,0.13145273380000003,7.806117109999998e-05,1.0492346670000002e-05,0.00206709002,0.22577452099999995,7.806117109999998e-05,1.0492346670000002e-05,0.0033335613299999996,0.577081336,7.806117109999998e-05,1.0492346670000002e-05,0.0030661024699999997,0.490056768,7.806117109999998e-05,1.0492346670000002e-05,2.502593445777893
155,1661853000,5.971611169999999e-05,5.97161569e-05,0.02487628276,0.34673730700000005,0.035397633000000005,0.00608657126,0.012625275200000003,0.00972749825,1.3041226199999997e-05,9.008261929999999e-05,46.6311188,109.6,1.54028576e-05,5.679886979999999e-06,1.70921982e-06,9.349041999999999e-07,7.06698092e-07,5.32974054e-07,4.33381347e-07,3.85918358e-07,8.42000447e-07,2.9178183e-07,2.9382771299999997e-06,72.6721826,21.2861067,1.5319764000000002e-09,8.967975400000002,0.0015998112599999999,0.1242557004,5.1039530100000005e-05,8.507114269999999e-06,0.0020466145800000003,0.20616847300000002,5.1039530100000005e-05,8.507114269999999e-06,0.0033992491299999995,0.591442632,5.1039530100000005e-05,8.507114269999999e-06,0.00314281363,0.499291305,5.1039530100000005e-05,8.507114269999999e-06,2.5026660442352293
155,1661853600,6.1742706e-05,6.174280680000001e-05,0.11873341909999999,6.5065156434699984,0.0478097968,0.00604412734,0.012418659100000002,0.009578135699999999,2.66828692e-05,0.00024928521150000005,45.5454549,110.6,1.538251205e-05,6.6741343099999995e-06,1.78726709e-06,9.34682764e-07,6.75542628e-07,5.39168861e-07,4.2770252600000006e-07,3.8837270000000003e-07,8.266848189999999e-07,3.0640495299999996e-07,2.92881767e-06,72.44046510000001,21.120154699999997,1.59469698e-09,8.9610559,0.00158658877,0.12287405739999999,6.933374200000001e-05,9.384748249999999e-06,0.0020561589099999996,0.21743101,6.933374200000001e-05,9.384748249999999e-06,0.0033999376800000003,0.5820264780000001,6.933374200000001e-05,9.384748249999999e-06,0.0031072541299999997,0.5577017019999999,6.933374200000001e-05,9.384748249999999e-06,2.502540421485901
155,1661854200,5.445516369999999e-05,5.44551975e-05,0.030315064699999998,5.9401077707,0.040893575599999996,0.0056895778699999995,0.011780812600000001,0.0090566113,2.487008036e-05,0.0002339434537,39.1713282,106.8,1.3375708e-05,5.2163379899999995e-06,1.62910634e-06,9.088478179999999e-07,6.42698776e-07,5.476607170000001e-07,4.39533198e-07,3.9005997900000007e-07,8.277801179999998e-07,3.10065558e-07,2.93932677e-06,74.0515455,23.2703669,1.36691388e-09,8.99437155,0.00157748117,0.12124054470000001,0.0001086306615,1.297510972e-05,0.00196547506,0.192795408,0.0001086306615,1.297510972e-05,0.0030487979799999993,0.514250848,0.0001086306615,1.297510972e-05,0.00287139973,0.44383553200000003,0.0001086306615,1.297510972e-05,2.5026696920394897
155,1661854800,8.2958066e-05,8.295814e-05,-0.06217364307999999,3.2078076337,0.0467587151,0.00604586107,0.0124719101,0.009320581,4.5618644329999995e-05,0.00031896522560000005,41.2150346,104.4,2.53958083e-05,7.036521560000001e-06,1.77156014e-06,9.665776659999999e-07,7.06558813e-07,5.653262810000001e-07,4.61035142e-07,3.9465182000000004e-07,8.611161039999999e-07,3.36900644e-07,2.98058206e-06,72.601841,23.181919899999997,2.30267315e-09,8.95107825,0.0016115917099999999,0.13007355939999998,0.0001600754477,2.3328813570000002e-05,0.0020248680500000006,0.23867323700000004,0.0001600754477,2.3328813570000002e-05,0.00335970196,0.876997815,0.0001600754477,2.3328813570000002e-05,0.00302940587,0.7335982670000001,0.0001600754477,2.3328813570000002e-05,2.50264368057251
155,1661855400,0.00033637537380000004,0.0003363755694,-1.195819802644,64.84394419099999,0.1739134617,0.00765812047,0.01515491465,0.010806386300000002,0.00064126059225,0.005891244431000001,54.223776099999995,166.1,0.00012796444164,2.750930393e-05,4.346890709999999e-06,1.5868773030000001e-06,9.173799120000001e-07,7.03896002e-07,4.971699110000001e-07,4.3087390099999996e-07,9.153482140000001e-07,3.37316757e-07,2.97647761e-06,61.74822590000001,15.60859773,1.064001518e-08,8.6625718,0.00172073624,0.21209181200000002,0.0047850718692,0.00047442169869,0.0023651590200000003,0.5800834979999999,0.0047850718692,0.00047442169869,0.00474272544,5.036655088,0.0047850718692,0.00047442169869,0.00395911316,3.4850932880000003,0.0047850718692,0.00047442169869,2.5025981187820436
155,1661856000,0.0001534515029,0.00015345158820000002,-0.39692997068,13.468590308000003,0.0693018616,0.00683079807,0.014169969449999997,0.0101143689,0.0001377279895,0.0008842215172999998,48.636364,129.4,5.1339060750000006e-05,1.512225667e-05,2.57177702e-06,1.223324266e-06,7.9888095e-07,6.36187887e-07,4.81602344e-07,4.1877378199999994e-07,8.77844809e-07,3.01305392e-07,2.95473514e-06,68.4493195,19.44581687,4.6107042100000006e-09,8.8567301,0.00168407465,0.1673520295,0.0005829199188,8.180271658000001e-05,0.0022644585800000003,0.4553947869999999,0.0005829199188,8.180271658000001e-05,0.00395421095,2.049031499,0.0005829199188,8.180271658000001e-05,0.00360284262,1.420544133,0.0005829199188,8.180271658000001e-05,2.5026613235473634
155,1661856600,0.00010781865769999999,0.0001078224327,-0.75467180727,21.926524842,0.0588009053,0.005897118400000001,0.011941011299999998,0.009185753199999999,0.00016660577695,0.0014788666388999999,40.5543713,102.1,3.7283985300000005e-05,7.16135151e-06,1.8946393300000002e-06,1.0349456750000002e-06,7.37155243e-07,5.75753308e-07,4.7635425099999996e-07,3.9474643400000005e-07,9.30508582e-07,2.89130464e-07,3.1328045800000004e-06,72.2800118,22.038945000000002,3.0733525300000007e-09,8.94667175,0.0015914904,0.12552323559999998,0.0012626308401000002,0.00013071875943,0.00199799394,0.27768069600000006,0.0012626308401000002,0.00013071875943,0.0033368858099999997,1.84520993,0.0012626308401000002,0.00013071875943,0.00292510376,0.5259177740000001,0.0012626308401000002,0.00013071875943,2.502653646469116
155,1661857200,6.82639816e-05,6.826402810000001e-05,-0.08618008949,3.4144395779999988,0.041706384199999995,0.005819267309999999,0.0119177712,0.00904901865,4.398409069e-05,0.0003363515583,39.3933571,103.9,1.9339754999999998e-05,6.055471420000001e-06,1.6999747700000002e-06,9.228808050000001e-07,6.70730899e-07,5.41331599e-07,4.42700011e-07,3.877557219999999e-07,8.32072576e-07,2.91078556e-07,2.9465956800000003e-06,73.0872292,23.131102470000002,1.8213673399999998e-09,8.968238750000001,0.0015844116000000002,0.12244677940000001,0.000176562331,2.6321764579999994e-05,0.0019996439600000002,0.20692551000000003,0.000176562331,2.6321764579999994e-05,0.0031833696299999998,0.81667419,0.000176562331,2.6321764579999994e-05,0.00292620395,0.5210229749999999,0.000176562331,2.6321764579999994e-05,2.502572274208069
155,1661857800,5.41741675e-05,5.417419520000001e-05,-0.005656984199999998,0.602698179,0.037839795800000006,0.00577437248,0.011943565250000001,0.009221665600000001,1.17808858e-05,8.190146e-05,41.445803999999995,109.1,1.2865554549999999e-05,5.24765753e-06,1.6335429499999996e-06,9.741608860000001e-07,7.020082069999999e-07,6.277448080000001e-07,4.82691288e-07,3.9039572699999996e-07,8.63806e-07,3.21625262e-07,2.97519879e-06,73.9821415,23.5457231,1.34999551e-09,8.995270799999998,0.0016238038099999999,0.1322394014,4.9555373200000006e-05,7.624795730000001e-06,0.00196349561,0.190827732,4.9555373200000006e-05,7.624795730000001e-06,0.00307875855,0.489725607,4.9555373200000006e-05,7.624795730000001e-06,0.00295766345,0.442822967,4.9555373200000006e-05,7.624795730000001e-06,2.502647852897644
155,1661858400,7.797405229999999e-05,7.79741172e-05,-0.09022460963000001,9.332138966399999,0.05387106779999999,0.00599883953,0.0121038831,0.009308444249999999,6.537643166e-05,0.0005291294637,42.513985999999996,123.4,2.10121735e-05,8.97590251e-06,1.7528718899999997e-06,9.449081190000001e-07,6.825322219999999e-07,5.63413467e-07,4.74905669e-07,3.99089479e-07,8.609369209999999e-07,3.20300628e-07,2.99911369e-06,71.74490180000001,21.6319995,2.1272829099999996e-09,8.935498950000001,0.0016145910500000003,0.1287114365,0.00036768452500000003,4.068973610999999e-05,0.00204626329,0.23999362600000002,0.00036768452500000003,4.068973610999999e-05,0.00333179266,0.8757138179999998,0.00036768452500000003,4.068973610999999e-05,0.00301384061,0.6778691750000001,0.00036768452500000003,4.068973610999999e-05,2.502594256401062
155,1661859000,5.84881836e-05,5.84882604e-05,0.00657665913,0.540668836,0.03648042890000001,0.0059976839,0.012514688500000001,0.0095954945,1.261248325e-05,9.588823800000001e-05,44.8479019,105.7,1.4719115700000002e-05,5.68753944e-06,1.6309769299999997e-06,9.65058204e-07,6.623929830000001e-07,5.427401159999999e-07,4.52318128e-07,3.88954334e-07,8.45666206e-07,3.4163113499999996e-07,3.0065124000000004e-06,73.3794935,22.4902628,1.4907739e-09,8.975403850000001,0.00160760853,0.1259151001,4.2987065499999996e-05,7.564705319999999e-06,0.00204507877,0.20755299700000002,4.2987065499999996e-05,7.564705319999999e-06,0.00330760713,0.549869521,4.2987065499999996e-05,7.564705319999999e-06,0.00310004263,0.495644271,4.2987065499999996e-05,7.564705319999999e-06,2.5025978803634645
155,1661859600,8.243550180000001e-05,8.2435527e-05,-0.26522013604000005,8.4046925499,0.054183926400000006,0.00623736802,0.0126937625,0.0096012878,5.4678627629999995e-05,0.00040804162029999994,44.3024468,126.6,2.4438717500000005e-05,7.736363379999998e-06,1.83239882e-06,9.84847693e-07,6.90441185e-07,5.483226400000001e-07,4.5518775599999995e-07,3.7815312999999995e-07,8.307223460000001e-07,2.89843767e-07,3.02989302e-06,71.0686757,20.8510312,2.26815787e-09,8.9148307,0.00162406074,0.13092450299999997,0.0003106251755,3.712023909e-05,0.00205278092,0.23006864300000002,0.0003106251755,3.712023909e-05,0.0035108102800000007,0.9536341869999999,0.0003106251755,3.712023909e-05,0.00319147736,0.7453497979999999,0.0003106251755,3.712023909e-05,2.502644443511963
155,1661860200,5.33831171e-05,5.338314440000001e-05,-0.00679570981,0.1955690115,0.0309422646,0.00576792386,0.0118937235,0.00922842025,9.7378203e-06,6.56435471e-05,40.7517483,93.6,1.288299775e-05,5.145308770000001e-06,1.6018315299999999e-06,9.127249269999999e-07,6.68008993e-07,5.26695732e-07,4.3163453899999996e-07,3.86430571e-07,8.342465800000001e-07,2.7358733099999996e-07,3.01893022e-06,74.5349595,24.178828,1.33144022e-09,8.99832075,0.0015861698399999998,0.1225388406,3.48415281e-05,6.1566477e-06,0.00195214114,0.188084177,3.48415281e-05,6.1566477e-06,0.0030258542599999995,0.462140199,3.48415281e-05,6.1566477e-06,0.00303142019,0.46337448099999995,3.48415281e-05,6.1566477e-06,2.5025635719299317
155,1661860800,6.28740911e-05,6.28741847e-05,0.01908199744,0.15533558060000002,0.0331313234,0.00626518238,0.01296527045,0.01002734135,1.165121125e-05,7.20921243e-05,50.6870629,110.1,1.663887025e-05,5.95510165e-06,1.7678550100000001e-06,9.270549319999999e-07,6.651165460000001e-07,5.160013929999999e-07,4.318275169999999e-07,3.7992784200000005e-07,8.30567424e-07,2.83811524e-07,3.0379118599999996e-06,72.58841129999999,21.323019600000002,1.6342212e-09,8.9555013,0.0016074562299999997,0.1251316836,4.68944174e-05,8.53141116e-06,0.00208750722,0.21326764599999998,4.68944174e-05,8.53141116e-06,0.00361521452,0.651898033,4.68944174e-05,8.53141116e-06,0.0032165088600000003,0.517401871,4.68944174e-05,8.53141116e-06,2.5026525259017944
155,1661861400,6.5233913e-05,6.52339318e-05,0.009668095845,0.32768946099999996,0.035606335700000005,0.006365218149999999,0.013222988,0.010147935450000001,1.3236029150000002e-05,8.7431309e-05,51.6695807,102.8,1.70932043e-05,6.61066724e-06,1.7270400799999999e-06,9.75356137e-07,6.733555219999999e-07,5.333453539999999e-07,4.55688274e-07,3.74156349e-07,8.30227588e-07,2.8557088399999996e-07,3.0508673000000003e-06,72.2239534,20.608332299999997,1.70382679e-09,8.94562865,0.00161401742,0.12701556909999998,5.39277759e-05,8.90342504e-06,0.0021055164,0.218397394,5.39277759e-05,8.90342504e-06,0.0036356884200000003,0.6583983680000001,5.39277759e-05,8.90342504e-06,0.0033492044499999997,0.5636065020000001,5.39277759e-05,8.90342504e-06,2.5026500463485717
155,1661862000,6.26395504e-05,6.263958660000001e-05,0.08785238031,1.6932087085999998,0.055656859999999996,0.00617989247,0.012821424549999998,0.009846000550000001,1.3431751249999999e-05,8.84247122e-05,47.91783220000001,108.0,1.61265886e-05,5.833896299999999e-06,1.72215902e-06,9.88894161e-07,7.15279656e-07,5.65549745e-07,4.6372749100000004e-07,4.19731427e-07,8.99316336e-07,3.3568909799999997e-07,3.2470968900000006e-06,73.4026345,22.5825784,1.60059297e-09,8.9735137,0.0016333218199999998,0.1325840794,5.61555747e-05,9.30984441e-06,0.0020433892599999995,0.20973459600000002,5.61555747e-05,9.30984441e-06,0.0034779811000000002,0.620121048,5.61555747e-05,9.30984441e-06,0.00319749904,0.5169304029999999,5.61555747e-05,9.30984441e-06,2.502596950531006
155,1661862600,8.582677169999999e-05,8.582687140000001e-05,0.9065536051999998,28.267179887999998,0.1209193293,0.00636614417,0.01291597585,0.00993787115,8.003247340000001e-05,0.0007991440322,49.00174750000001,122.7,2.068409285e-05,9.98651705e-06,2.94380484e-06,1.47115562e-06,9.8702205e-07,7.47073432e-07,6.3778788e-07,5.332693260000001e-07,1.076134503e-06,3.27168541e-07,3.5091065399999996e-06,70.22427099999999,21.2793115,2.27333286e-09,8.9295179,0.00168553423,0.192305566,0.0001510280011,1.7878081990000002e-05,0.00218499497,0.33436256000000003,0.0001510280011,1.7878081990000002e-05,0.00358560654,0.711342892,0.0001510280011,1.7878081990000002e-05,0.00329295371,0.8592812200000001,0.0001510280011,1.7878081990000002e-05,2.5026533365249635
155,1661863200,8.33102764e-05,8.33103252e-05,0.07274016785000001,3.9510835975,0.0599212603,0.00656694407,0.0135325775,0.010214530900000001,5.0149781050000016e-05,0.00046630857599999994,51.71678300000001,125.0,2.3391047649999997e-05,8.12498002e-06,2.27623357e-06,1.1718161630000002e-06,7.8126539e-07,5.94417952e-07,5.08998181e-07,4.28994122e-07,8.743346969999999e-07,3.2089182e-07,3.1749450899999997e-06,70.7469574,20.658209,2.2710355099999997e-09,8.9121637,0.00167458264,0.15021061789999995,0.0001172921158,1.751104227e-05,0.0021612204100000003,0.303643629,0.0001172921158,1.751104227e-05,0.0037526372600000003,0.847482834,0.0001172921158,1.751104227e-05,0.0034635086599999997,0.77287617,0.0001172921158,1.751104227e-05,2.502582859992981
155,1661863800,5.8642878600000003e-05,5.86429669e-05,0.003830320900000001,0.188116322,0.0314552523,0.0060576789,0.012601288999999998,0.00975842345,1.080892611e-05,7.46396418e-05,46.5821676,103.5,1.46833705e-05,5.7430135899999994e-06,1.6530597599999998e-06,9.225155040000001e-07,6.75170406e-07,5.27533515e-07,4.44687146e-07,3.7736528e-07,8.249999889999999e-07,3.58797704e-07,3.1063001e-06,73.72162390000001,23.183391999999998,1.4953893900000001e-09,8.9739071,0.00159655351,0.1236763568,4.440130999999999e-05,7.73730936e-06,0.00204821139,0.20519277900000002,4.440130999999999e-05,7.73730936e-06,0.00335368573,0.563663181,4.440130999999999e-05,7.73730936e-06,0.00314140833,0.4852877029999999,4.440130999999999e-05,7.73730936e-06,2.502547574043274
155,1661864400,0.00011198458969999999,0.0001119846319,-0.15533606014999998,4.346502710099999,0.051380355999999995,0.00623286072,0.0128207554,0.0093816098,0.00011197728449,0.0007884213742999999,41.9300699,106.3,3.63733928e-05,1.0176500900000001e-05,2.1074383599999997e-06,1.012692574e-06,7.15559765e-07,5.402629060000001e-07,4.42928045e-07,3.8561093600000003e-07,8.395099890000001e-07,3.63982205e-07,3.02885665e-06,72.130149,23.58609963,3.26336888e-09,8.924364549999998,0.00162628457,0.136887106,0.00034735709889999997,5.281905982e-05,0.00205444124,0.298074179,0.00034735709889999997,5.281905982e-05,0.00343528555,1.394208452,0.00034735709889999997,5.281905982e-05,0.0032789949,1.0772758249999999,0.00034735709889999997,5.281905982e-05,2.5027413606643676
155,1661865000,5.75168818e-05,5.75169416e-05,-0.025149730469999992,2.846764701,0.0406354926,0.00590379932,0.0122234345,0.00942814395,1.7810241050000002e-05,0.00015631287889999998,43.8601396,106.0,1.3998696249999998e-05,5.84109377e-06,1.66355777e-06,9.426445140000001e-07,6.81617244e-07,5.481605209999999e-07,4.3950475900000004e-07,3.7264188899999995e-07,8.42143463e-07,3.20157355e-07,3.10235098e-06,73.74410400000001,23.716067199999998,1.45736939e-09,8.9788557,0.0016012758299999998,0.12736777250000003,7.52651016e-05,9.73934026e-06,0.0020054965199999995,0.20811068900000002,7.52651016e-05,9.73934026e-06,0.0031740504000000004,0.517557809,7.52651016e-05,9.73934026e-06,0.0030689705500000003,0.493175176,7.52651016e-05,9.73934026e-06,2.502472448348999
155,1661865600,5.35117665e-05,5.3511912199999994e-05,0.00871674349,0.15587646419999998,0.0316981743,0.005787997170000001,0.0119674931,0.009284015000000001,9.34319899e-06,6.530029319999999e-05,41.638111300000006,102.8,1.26889315e-05,5.2533000899999994e-06,1.5844454900000003e-06,9.46792825e-07,6.87493258e-07,5.56605732e-07,4.4459527300000006e-07,3.8900649000000004e-07,8.34039897e-07,3.03955169e-07,3.0608427400000004e-06,74.5919528,24.5800095,1.33118678e-09,9.00118345,0.0016165649000000001,0.1267950072,3.99898453e-05,6.5110725700000005e-06,0.00196819415,0.189297149,3.99898453e-05,6.5110725700000005e-06,0.0031135541900000003,0.48232503799999993,3.99898453e-05,6.5110725700000005e-06,0.00294132561,0.43750691599999997,3.99898453e-05,6.5110725700000005e-06,2.502653932571411
155,1661866200,0.00023685968420000006,0.00023685971770000003,-0.22420205867000004,16.077313468499998,0.096322354,0.00812936974,0.017032387599999997,0.0118158184,0.00024468695645,0.0018456624954000002,63.0157342,147.9,8.423807769999999e-05,2.1929960000000002e-05,3.84459991e-06,1.60204666e-06,8.86313581e-07,6.832793819999999e-07,5.263041e-07,4.2350282400000003e-07,9.555827129999999e-07,3.04372592e-07,3.03476282e-06,63.921214000000006,15.766368230000001,7.35022105e-09,8.732407659999998,0.0017573249199999998,0.1837545306,0.0021137249734,0.00021375172936999998,0.00255955153,0.63230884,0.0021137249734,0.00021375172936999998,0.0050185876999999995,3.5069788170000002,0.0021137249734,0.00021375172936999998,0.0043915652,2.138554837,0.0021137249734,0.00021375172936999998,2.502665114402771
155,1661866800,5.95421233e-05,5.954219900000001e-05,0.014899814590000001,0.1540479488,0.032446567800000006,0.00610748873,0.012677586599999999,0.009794354550000002,1.06836855e-05,7.336551219999998e-05,47.63986,101.9,1.4719227800000001e-05,6.0391935399999996e-06,1.70389952e-06,9.80983379e-07,6.95968803e-07,5.387648779999999e-07,4.49539882e-07,3.8314900600000003e-07,8.588067489999997e-07,2.9844176199999995e-07,3.0970525600000002e-06,73.2522475,22.669067,1.51667957e-09,8.97160035,0.0016229408600000003,0.12816278499999997,5.4212859100000003e-05,7.94192508e-06,0.00206163275,0.20876105900000003,5.4212859100000003e-05,7.94192508e-06,0.0033122765600000006,0.550379761,5.4212859100000003e-05,7.94192508e-06,0.0032279435199999997,0.515526673,5.4212859100000003e-05,7.94192508e-06,2.502527141571045
155,1661867400,6.71655654e-05,6.71655831e-05,0.11607120527,2.9539593495,0.0471383058,0.00619085882,0.01271640505,0.00980179045,2.9535481349999994e-05,0.00025411770069999997,47.7727275,109.4,1.784183625e-05,6.59297622e-06,1.7830543299999996e-06,9.56485086e-07,6.928244210000001e-07,5.870596950000001e-07,4.67055269e-07,3.98827287e-07,8.6657551e-07,3.1758494999999997e-07,3.0777921999999996e-06,72.3540045,22.0669981,1.7667604e-09,8.948527099999998,0.00163549525,0.1309420004,0.0001117216617,1.5485277649999998e-05,0.00207530257,0.21944202399999999,0.0001117216617,1.5485277649999998e-05,0.0034449905800000005,0.681891867,0.0001117216617,1.5485277649999998e-05,0.00318625664,0.5879871449999999,0.0001117216617,1.5485277649999998e-05,2.5026321172714234
155,1661868000,0.0001633793462,0.0001633794063,0.06607738910000001,29.017021630400002,0.11351285419999999,0.00640750571,0.0128724533,0.0098536038,0.00037647593280000003,0.003937696944,48.2062941,116.5,5.25861136e-05,1.822503921e-05,3.1666299800000002e-06,1.258259463e-06,8.190910930000001e-07,6.02873888e-07,4.77666563e-07,4.04880272e-07,8.463822260000001e-07,2.6853015499999996e-07,3.0328136799999996e-06,69.1916473,20.2967689,4.90924273e-09,8.868418700000001,0.00163901971,0.17029857939999998,0.0007409054115,7.482385243000001e-05,0.00215508409,0.649305997,0.0007409054115,7.482385243000001e-05,0.00361068454,1.2335667879999999,0.0007409054115,7.482385243000001e-05,0.0034169875400000002,2.328532271,0.0007409054115,7.482385243000001e-05,2.5026869773864746
155,1661868600,6.72005703e-05,6.72006245e-05,0.0824533492,0.6043155230000001,0.0418411431,0.006427081109999999,0.013427082500000001,0.01024546695,1.64494636e-05,0.0001249403512,52.979021,113.3,1.79479441e-05,6.7558460000000015e-06,1.7471043300000002e-06,9.741490369999998e-07,6.90726065e-07,5.29695558e-07,4.42915487e-07,3.76567538e-07,8.368901779999999e-07,2.8070750700000004e-07,3.0152932199999993e-06,71.627309,19.854157400000002,1.77000637e-09,8.93361765,0.0016305793,0.12866349400000002,6.33037912e-05,1.0073319900000002e-05,0.0021052724199999997,0.219589087,6.33037912e-05,1.0073319900000002e-05,0.00359289819,0.664884445,6.33037912e-05,1.0073319900000002e-05,0.0034796095,0.6186395100000001,6.33037912e-05,1.0073319900000002e-05,2.502565121650696
155,1661869200,6.73201216e-05,6.732020759999999e-05,0.0286098587,0.2985814226,0.0359713693,0.00646223358,0.0134483343,0.010390805800000001,1.3827826350000002e-05,9.617634090000001e-05,53.4999998,115.6,1.79123545e-05,6.790415709999999e-06,1.8121889399999999e-06,9.943582070000003e-07,6.94052016e-07,5.42112059e-07,4.379985109999999e-07,3.8112760399999996e-07,8.329555090000001e-07,2.7816911e-07,2.9824609799999997e-06,71.4621572,19.807575699999994,1.77025713e-09,8.934315899999998,0.00164817999,0.13163476300000002,4.5806234699999996e-05,8.59494485e-06,0.0021662719,0.22998649099999996,4.5806234699999996e-05,8.59494485e-06,0.003694194890000001,0.673854889,4.5806234699999996e-05,8.59494485e-06,0.0034123511700000003,0.5982256039999999,4.5806234699999996e-05,8.59494485e-06,2.502604603767395
155,1661869800,6.0643360800000006e-05,6.0643392500000006e-05,0.025858567529999998,0.21504501295999998,0.0356085427,0.006146338790000001,0.0127613321,0.0098134833,1.17044155e-05,7.657488829999999e-05,47.7779715,104.4,1.5092772150000001e-05,6.283933510000001e-06,1.77513848e-06,9.80294876e-07,6.77454249e-07,5.48746053e-07,4.57600035e-07,3.88209059e-07,8.52697321e-07,2.7615051500000006e-07,2.98099848e-06,72.73376339999999,21.646187,1.55498098e-09,8.966938100000002,0.00161899795,0.12767767300000002,4.8347059400000004e-05,8.14947934e-06,0.0021134341500000002,0.220150574,4.8347059400000004e-05,8.14947934e-06,0.0033334237100000005,0.56150064,4.8347059400000004e-05,8.14947934e-06,0.0032474811899999997,0.5349476340000001,4.8347059400000004e-05,8.14947934e-06,2.502550721168518
155,1661870400,4.66008741e-05,4.66009268e-05,-0.0078590827,0.1325843903,0.029072285200000002,0.00541049364,0.0112180695,0.008671175350000001,7.70344152e-06,5.346918039999999e-05,35.1136359,86.0,1.029534815e-05,4.42056953e-06,1.55803732e-06,9.230238990000001e-07,6.75368154e-07,5.27705735e-07,4.37360616e-07,3.9465167800000006e-07,8.315126389999999e-07,2.6831374e-07,2.96316645e-06,75.93911440000001,26.338036,1.119306344e-09,9.031481900000001,0.0015742962199999998,0.1207977083,3.28594286e-05,5.43922513e-06,0.0019031376900000001,0.176853754,3.28594286e-05,5.43922513e-06,0.00281330117,0.39539807399999993,3.28594286e-05,5.43922513e-06,0.0026655561499999997,0.35504617,3.28594286e-05,5.43922513e-06,2.5026660442352293
155,1661871000,5.521510359999999e-05,5.5215144699999994e-05,-0.011943065479999997,0.16056441365000004,0.031033522199999997,0.00588558596,0.012172838,0.0094133252,9.578578680000002e-06,6.6395112e-05,43.87937050000001,99.6,1.348397345e-05,5.439123889999999e-06,1.61455133e-06,9.450630680000001e-07,6.781421020000001e-07,5.32837384e-07,4.3442665800000006e-07,3.84848889e-07,8.375169420000001e-07,2.70787726e-07,2.98161532e-06,73.9836321,23.0758035,1.3885619699999999e-09,8.9884085,0.00159954724,0.1244004845,3.9158824399999994e-05,6.49027446e-06,0.00201100491,0.196553619,3.9158824399999994e-05,6.49027446e-06,0.00320932862,0.5079911970000001,3.9158824399999994e-05,6.49027446e-06,0.0030559238,0.46350119,3.9158824399999994e-05,6.49027446e-06,2.5025413036346436
155,1661871600,8.14560419e-05,8.14560896e-05,0.0974296844,27.283068348399997,0.0710266531,0.005982797529999999,0.012261204500000001,0.009434121600000001,0.00013414349995000003,0.0013968643343000003,43.83566389999999,108.3,2.0816076650000005e-05,1.000019427e-05,2.52160699e-06,1.160298782e-06,7.475593079999999e-07,5.42634455e-07,4.60493095e-07,3.8145840699999997e-07,8.282394969999999e-07,2.7894611099999997e-07,2.98830027e-06,71.1136925,21.308633,2.2130886200000003e-09,8.92885905,0.0016046291300000001,0.1302706551,0.000141367036,1.7969282750000002e-05,0.00210127795,0.42996491100000006,0.000141367036,1.7969282750000002e-05,0.0031812233699999998,0.608696023,0.000141367036,1.7969282750000002e-05,0.00316776867,0.8734977619999998,0.000141367036,1.7969282750000002e-05,2.502571201324463
155,1661872200,0.0001328136884,0.0001328137321,0.29443536420000005,5.1926271047,0.0730761113,0.00720251557,0.015282948599999999,0.0111499271,7.606029558000001e-05,0.00043344943919999997,53.97902059999999,132.2,4.3846829750000005e-05,1.253460789e-05,2.5352253e-06,1.18523597e-06,7.60779693e-07,5.8606481e-07,4.68395182e-07,3.83524098e-07,8.37231706e-07,2.87948512e-07,2.9767754499999997e-06,69.03296700000001,19.22279316,3.929657530000001e-09,8.862917300000001,0.00167077343,0.15221953500000002,0.00029552440359999996,4.645641493999999e-05,0.00234851889,0.404470373,0.00029552440359999996,4.645641493999999e-05,0.00429814821,1.7249369959999998,0.00029552440359999996,4.645641493999999e-05,0.0038178536400000004,1.2262174160000001,0.00029552440359999996,4.645641493999999e-05,2.5026707887649535
155,1661872800,6.16843956e-05,6.16844229e-05,-0.0948044719,4.040042783,0.045140852599999996,0.0060614648,0.012524353300000002,0.009615651450000002,2.0777740950000002e-05,0.00018020411540000002,45.9335669,108.2,1.54603868e-05,6.54189934e-06,1.74497556e-06,9.376756320000001e-07,6.77004843e-07,5.354649609999998e-07,4.47185632e-07,3.6904646600000003e-07,8.3323721e-07,2.9670192999999996e-07,2.9978257200000005e-06,72.6032496,21.435014,1.59186889e-09,8.958196050000002,0.00160826182,0.126151573,0.0001127925351,1.371071127e-05,0.00205532098,0.2194254,0.0001127925351,1.371071127e-05,0.0033428484799999996,0.60059203,0.0001127925351,1.371071127e-05,0.0031806003400000004,0.5290956789999999,0.0001127925351,1.371071127e-05,2.502636933326721
155,1661873400,5.0408752299999994e-05,5.0408776599999995e-05,0.015309107879999997,0.19582130330000003,0.032727856300000004,0.00561689651,0.01167070155,0.00900500275,8.77845855e-06,5.937742e-05,38.529720499999996,86.3,1.1716739800000002e-05,4.8882290300000005e-06,1.55352021e-06,9.08579482e-07,6.48853665e-07,5.38927315e-07,4.5216973800000006e-07,3.8252984e-07,8.37261039e-07,2.74016873e-07,2.99880526e-06,74.9983876,24.8546233,1.23687889e-09,9.0123982,0.0015746012600000002,0.12070405449999999,3.54788544e-05,5.92440449e-06,0.0019267891699999997,0.181689763,3.54788544e-05,5.92440449e-06,0.00297535531,0.4396378289999999,3.54788544e-05,5.92440449e-06,0.0028546601699999995,0.41183204599999995,3.54788544e-05,5.92440449e-06,2.5026619911193846
155,1661874000,5.82058698e-05,5.82059809e-05,0.0934244505,0.7685582679999999,0.0419142083,0.00598842849,0.01246446675,0.0095656638,1.1699474499999999e-05,7.608974190000001e-05,45.152097399999995,99.4,1.41005982e-05,5.84168156e-06,1.81974924e-06,1.03073022e-06,6.926502859999999e-07,5.461875559999999e-07,4.5172074200000007e-07,3.9193847500000003e-07,8.678561489999998e-07,2.924628e-07,3.06500837e-06,73.3320207,22.879885199999997,1.47201949e-09,8.978229950000001,0.00162866516,0.13090104949999998,5.671956789999999e-05,8.20870985e-06,0.00206317905,0.214343593,5.671956789999999e-05,8.20870985e-06,0.0032628291200000005,0.546609599,5.671956789999999e-05,8.20870985e-06,0.00305745777,0.474326665,5.671956789999999e-05,8.20870985e-06,2.5026219129562377
155,1661874600,5.1113763400000004e-05,5.1113862500000006e-05,0.00891243019,0.16649054657,0.030051322000000002,0.00564799141,0.011706669900000001,0.0090586911,8.981422209999998e-06,5.97246948e-05,39.716783,91.8,1.1775317749999999e-05,5.113836739999999e-06,1.5558166300000002e-06,9.134179960000001e-07,6.610832409999999e-07,5.1819868e-07,4.6582185800000004e-07,3.70278102e-07,8.3666048e-07,3.0961391199999993e-07,3.0356755300000004e-06,75.2175809,25.150246000000003,1.2575661499999998e-09,9.011371299999999,0.0015880582500000001,0.12189384789999999,3.8172051299999994e-05,6.367255679999999e-06,0.0019488128000000001,0.18662990899999998,3.8172051299999994e-05,6.367255679999999e-06,0.0029700766400000004,0.44770429599999995,3.8172051299999994e-05,6.367255679999999e-06,0.00286843591,0.413924968,3.8172051299999994e-05,6.367255679999999e-06,2.5026217460632325
155,1661875200,6.15039913e-05,6.15040282e-05,-0.046115034382,6.073792229,0.08023967070000002,0.005986866340000001,0.012292932999999999,0.009442902750000001,2.25504518e-05,0.0001972037066,43.790209600000004,107.1,1.5179148999999999e-05,6.02375142e-06,1.8066548800000002e-06,9.779483029999998e-07,7.45263532e-07,5.85088052e-07,4.8693125e-07,4.1038864000000005e-07,9.4244994e-07,3.01550916e-07,3.28938343e-06,73.3109134,22.6561354,1.55754267e-09,8.9780106,0.00162004916,0.134859232,7.955512070000001e-05,1.069336884e-05,0.0020383574699999996,0.21185693899999997,7.955512070000001e-05,1.069336884e-05,0.0032924148800000004,0.576041636,7.955512070000001e-05,1.069336884e-05,0.00308302233,0.5202560620000001,7.955512070000001e-05,1.069336884e-05,2.5025802135467528
155,1661875800,5.46288757e-05,5.46289058e-05,0.0519479551,1.01088769,0.045020423999999996,0.00577834212,0.0119211955,0.00915893295,1.4566168550000003e-05,0.0001267470492,40.7027976,103.2,1.3421043500000003e-05,5.1002528700000005e-06,1.6475281800000003e-06,9.19859854e-07,6.648223690000001e-07,5.25514759e-07,4.4068154300000004e-07,3.88924387e-07,8.59745707e-07,3.0008751299999996e-07,3.0454592299999996e-06,74.3269554,23.724667099999998,1.36810042e-09,8.99529335,0.00158805042,0.1230251636,6.57744978e-05,8.984615649999998e-06,0.0019686804500000004,0.193118701,6.57744978e-05,8.984615649999998e-06,0.00315954382,0.5175130530000001,6.57744978e-05,8.984615649999998e-06,0.00290731938,0.43570841600000004,6.57744978e-05,8.984615649999998e-06,2.5026271820068358
155,1661876400,6.229862780000001e-05,6.22986808e-05,0.0396779142,1.8568647420000002,0.046602968200000004,0.006018903220000001,0.0124440572,0.009515527,2.215655895e-05,0.0001723017854,44.629371400000004,110.2,1.6587387e-05,5.729313500000001e-06,1.72710172e-06,9.451355749999999e-07,6.824925100000001e-07,5.23516775e-07,4.5132796800000005e-07,3.82348753e-07,8.285801920000001e-07,2.7478007999999995e-07,3.0157890700000004e-06,72.9635066,22.04468535,1.61598636e-09,8.9651174,0.0015998715100000002,0.12479792299999999,9.36994067e-05,1.3857282659999998e-05,0.0020170562099999997,0.204498867,9.36994067e-05,1.3857282659999998e-05,0.00331754165,0.6438284020000001,9.36994067e-05,1.3857282659999998e-05,0.0031148772399999997,0.5204907950000001,9.36994067e-05,1.3857282659999998e-05,2.5026360034942625
155,1661877000,5.99753282e-05,5.997537330000001e-05,0.016263713819999998,0.2343595031,0.03440452039999999,0.00607519786,0.0126033477,0.0097574397,1.1380340250000002e-05,8.285375530000001e-05,46.816433700000005,105.4,1.5233764990000003e-05,5.96675112e-06,1.71872309e-06,9.58055724e-07,6.84238747e-07,5.3960003e-07,4.5363023900000004e-07,3.8046768500000004e-07,8.234156789999999e-07,2.64628379e-07,2.96266903e-06,73.0004311,22.295833499999997,1.5407244349999998e-09,8.972843750000001,0.00162511858,0.12775228,5.374277049999999e-05,7.91129865e-06,0.00206059268,0.21142002200000004,5.374277049999999e-05,7.91129865e-06,0.00339294855,0.5905026689999999,5.374277049999999e-05,7.91129865e-06,0.00314238943,0.502876841,5.374277049999999e-05,7.91129865e-06,2.5025388479232786
155,1661877600,6.192489840000001e-05,6.192497299999999e-05,-0.0057004303999999995,0.24618242870999998,0.0331064262,0.00623859377,0.0129436247,0.0100054625,1.151400876e-05,8.2730963e-05,49.7097902,105.3,1.59613132e-05,6.13609566e-06,1.7967382000000002e-06,9.70433136e-07,6.794811850000001e-07,5.30023938e-07,4.3461976900000007e-07,3.837536650000001e-07,8.230516500000001e-07,2.70511938e-07,2.9751023699999996e-06,72.5099878,20.9100049,1.59880292e-09,8.96025475,0.0016183939500000002,0.12809406549999997,5.17691902e-05,8.710133310000001e-06,0.0021098009700000002,0.21834085899999994,5.17691902e-05,8.710133310000001e-06,0.00351910467,0.615706444,5.17691902e-05,8.710133310000001e-06,0.0032625424200000003,0.52432105,5.17691902e-05,8.710133310000001e-06,2.502712273597717
155,1661878200,4.50424933e-05,4.50425221e-05,0.03870367866999999,0.43871064010000005,0.0369348103,0.005304130580000001,0.0109970134,0.008502503649999998,7.887315050000002e-06,5.64723649e-05,33.1818175,87.4,9.58122127e-06,4.49931421e-06,1.46586299e-06,8.96183932e-07,6.637063719999999e-07,5.16526129e-07,4.5521488299999994e-07,3.68340844e-07,8.41833709e-07,2.6612502700000003e-07,2.96552049e-06,76.19202309999999,26.8921266,1.07058234e-09,9.039047599999998,0.0015845028299999997,0.12142094890000002,3.519037379999999e-05,5.346179849999999e-06,0.00186067805,0.169675772,3.519037379999999e-05,5.346179849999999e-06,0.00264982284,0.35728454200000004,3.519037379999999e-05,5.346179849999999e-06,0.00268773982,0.356245515,3.519037379999999e-05,5.346179849999999e-06,2.502601218223572
155,1661878800,5.0686629600000006e-05,5.06866954e-05,0.009044742315000001,0.38010042729999993,0.0344690566,0.005615839690000001,0.01156951085,0.008988175000000001,9.235388689999998e-06,6.72420655e-05,38.4650353,87.0,1.176075235e-05,5.10349113e-06,1.50011891e-06,9.03803941e-07,6.659355550000001e-07,5.27094141e-07,4.2538189700000007e-07,3.7176304499999997e-07,8.216035010000001e-07,2.8146277599999994e-07,2.9810865600000005e-06,74.92984799999999,24.7679343,1.24731221e-09,9.012929,0.0015846720300000002,0.12164311650000001,4.60164917e-05,6.671471400000001e-06,0.0019320450400000001,0.182272481,4.60164917e-05,6.671471400000001e-06,0.0029539725500000004,0.44676504899999997,4.60164917e-05,6.671471400000001e-06,0.00284954886,0.415184079,4.60164917e-05,6.671471400000001e-06,2.5025354862213134
155,1661879400,4.8554136299999996e-05,4.8554192200000005e-05,0.8784522415,21.2291035244,0.050869315699999994,0.00532990413,0.011012746799999999,0.0085058886,1.7636085150000002e-05,0.0001622145719,33.3251749,79.8,1.0345662399999999e-05,4.9364007899999996e-06,1.7670049500000001e-06,1.0332653619999998e-06,6.812624680000001e-07,5.38287998e-07,4.606501880000001e-07,4.10023932e-07,8.534700049999999e-07,2.84502949e-07,2.9653606500000006e-06,75.29750820000001,26.1313032,1.171933642e-09,9.027163799999999,0.0015763631400000002,0.13829661509999996,8.151473235e-05,9.76090376e-06,0.00185189571,0.18227221899999999,8.151473235e-05,9.76090376e-06,0.0027833130700000005,0.41010687600000006,8.151473235e-05,9.76090376e-06,0.00261128783,0.367383852,8.151473235e-05,9.76090376e-06,2.5025681257247925
155,1661880000,0.00011868691330000001,0.00011868694879999999,-0.11030779954,4.768573319595999,0.051463119,0.00614978142,0.012897121449999998,0.0093394321,9.701289022e-05,0.0008670315107000001,37.7604904,101.3,3.9256503149999995e-05,1.058066394e-05,2.2986104399999997e-06,1.036216442e-06,7.293998050000001e-07,5.40303327e-07,4.5048954699999995e-07,3.7793962499999997e-07,8.26752869e-07,2.9505433500000004e-07,2.95070661e-06,72.9081162,25.141823750000004,3.499182147e-09,8.950750450000001,0.0016225045600000002,0.1396041164,0.0009630095658,9.503107444999999e-05,0.0020593539,0.32872572299999997,0.0009630095658,9.503107444999999e-05,0.00340853945,1.706001903,0.0009630095658,9.503107444999999e-05,0.0031012572500000004,0.9365582829999999,0.0009630095658,9.503107444999999e-05,2.5027256488800047
155,1661880600,4.9134742e-05,4.913478e-05,0.026038333740000003,0.32662547289000005,0.035652770300000004,0.00555236923,0.011496346000000001,0.0089063768,8.08798942e-06,5.4038746e-05,37.7325179,87.5,1.1210606100000002e-05,4.8287429300000005e-06,1.58623453e-06,8.917765529999999e-07,6.731252750000001e-07,5.10480578e-07,4.3833882499999997e-07,3.6947901299999996e-07,8.285025020000001e-07,2.7526777999999994e-07,2.95474177e-06,75.157709,24.835760799999996,1.199572266e-09,9.01865545,0.0015753815600000002,0.120994458,3.0814117200000003e-05,5.57747735e-06,0.0019500135799999999,0.186857232,3.0814117200000003e-05,5.57747735e-06,0.00291450636,0.41880327,3.0814117200000003e-05,5.57747735e-06,0.0028091957699999995,0.391779381,3.0814117200000003e-05,5.57747735e-06,2.502513885498047
155,1661881200,4.74326509e-05,4.7432683499999996e-05,0.142832679,1.7275615327,0.036850603100000004,0.005417401279999999,0.0111455699,0.00866524745,1.2699655449999999e-05,0.0001131479826,34.9475524,88.2,1.06992041e-05,4.62267932e-06,1.44937734e-06,9.333053200000001e-07,6.559210690000001e-07,5.02230616e-07,4.4863578799999994e-07,3.77956296e-07,8.25359847e-07,2.8413125900000006e-07,2.9165491099999996e-06,75.4235115,25.4610679,1.147950575e-09,9.0256673,0.0015681989400000002,0.1192015493,6.77010742e-05,8.179288640000001e-06,0.0018849831799999997,0.17584494299999998,6.77010742e-05,8.179288640000001e-06,0.00283552401,0.4137050139999999,6.77010742e-05,8.179288640000001e-06,0.00268707144,0.36661700500000005,6.77010742e-05,8.179288640000001e-06,2.502632236480713
155,1661881800,5.15392827e-05,5.15393053e-05,-0.0011622966999999995,0.11286202225,0.0301845447,0.0056937096,0.01177837115,0.0091447222,8.425878049999999e-06,5.66575146e-05,40.3041955,89.7,1.19606518e-05,5.28084488e-06,1.5177988799999999e-06,9.37620129e-07,6.84563758e-07,5.1862333e-07,4.46972658e-07,3.880460120000001e-07,8.19187964e-07,2.68935789e-07,2.94605715e-06,74.354116,23.6885095,1.2734329299999998e-09,9.005660599999999,0.00158980679,0.1220258246,3.318835649999999e-05,5.9271987099999995e-06,0.0019529066800000002,0.18648876200000003,3.318835649999999e-05,5.9271987099999995e-06,0.00304998618,0.45713748600000004,3.318835649999999e-05,5.9271987099999995e-06,0.00292974665,0.425630898,3.318835649999999e-05,5.9271987099999995e-06,2.5026694774627685
155,1661882400,5.16992471e-05,5.1699302e-05,-0.0027414494000000005,0.1540500207,0.030607956400000004,0.0057031577,0.011784018650000002,0.0091193057,8.85776841e-06,6.3639601e-05,40.21853130000001,92.4,1.2123345399999999e-05,5.197427189999999e-06,1.57006552e-06,9.15799861e-07,6.629859539999999e-07,5.42990989e-07,4.3457897899999997e-07,3.7879332499999996e-07,8.23604018e-07,2.76891122e-07,2.9225679600000004e-06,74.3534704,23.508254299999997,1.28120666e-09,9.0028998,0.0015910533799999998,0.1227676923,3.2864534799999996e-05,5.87072662e-06,0.0019499445900000001,0.186303051,3.2864534799999996e-05,5.87072662e-06,0.00304206984,0.45266538700000003,3.2864534799999996e-05,5.87072662e-06,0.0029555720000000005,0.434710791,3.2864534799999996e-05,5.87072662e-06,2.502625751495361
155,1661883000,5.620447959999999e-05,5.62045142e-05,-0.009903437559999997,0.38161325150000003,0.03442564559999999,0.00590534216,0.01224254045,0.009449098150000002,1.0912826849999998e-05,7.96601878e-05,43.3181808,108.8,1.3224101099999999e-05,5.37340901e-06,1.5970896699999997e-06,9.8865764e-07,8.03560394e-07,7.875681690000001e-07,5.6619873e-07,4.628102969999999e-07,1.048923121e-06,2.84350967e-07,2.9651627999999997e-06,73.1299028,23.1080988,1.4005122099999999e-09,8.98995115,0.0016700271000000002,0.1471204537,4.12651634e-05,6.908677239999999e-06,0.0020033812200000002,0.197219028,4.12651634e-05,6.908677239999999e-06,0.00321217876,0.5135611360000001,4.12651634e-05,6.908677239999999e-06,0.0029674338300000004,0.43753951099999994,4.12651634e-05,6.908677239999999e-06,2.5025415658950805
155,1661883600,0.00010079404620000003,0.0001007941328,0.05255578902000002,14.953965517999999,0.0803310064,0.00613392952,0.0120776662,0.009170667149999999,0.00011496020925999999,0.0009396222405,40.6188798,139.6,3.4387357199999994e-05,7.092962390000001e-06,1.8432344900000002e-06,9.69630499e-07,6.833008390000001e-07,5.21636514e-07,4.30336285e-07,3.71284923e-07,8.13136136e-07,3.40396904e-07,2.9437502899999995e-06,70.2172069,19.78346775,2.8897318299999998e-09,8.885476999999998,0.0016012844200000002,0.1302159286,0.0006907424543999999,8.048082829999999e-05,0.00205201074,0.262810634,0.0006907424543999999,8.048082829999999e-05,0.0034168549,1.416097405,0.0006907424543999999,8.048082829999999e-05,0.00314055305,0.789631457,0.0006907424543999999,8.048082829999999e-05,2.502689170837402
155,1661884200,6.06521674e-05,6.065219549999999e-05,0.04633609126,0.6724778835,0.03892942679999999,0.006099614309999999,0.0126831495,0.009742897149999999,1.4053729949999999e-05,0.0001070115595,47.1888109,109.0,1.5800325050000003e-05,5.848130490000001e-06,1.63672221e-06,9.85041943e-07,6.83684051e-07,5.14923268e-07,4.46170501e-07,3.8380552200000006e-07,8.231261680000001e-07,2.7076576499999997e-07,2.9328187099999996e-06,72.6695951,20.8687417,1.5636156799999998e-09,8.9650647,0.0016209454499999999,0.12798055810000003,5.574390210000001e-05,8.879344839999999e-06,0.0020102121400000007,0.20227188000000001,5.574390210000001e-05,8.879344839999999e-06,0.0034396804300000005,0.6055546110000001,5.574390210000001e-05,8.879344839999999e-06,0.00318859876,0.518833475,5.574390210000001e-05,8.879344839999999e-06,2.502579355239868
155,1661884800,6.941922400000001e-05,6.9419279e-05,0.018570221199999997,9.020295937399998,0.055212503,0.00629996825,0.01295455855,0.0099669497,2.8307456160000003e-05,0.00023862861689999995,49.4213278,113.6,1.8672961349999996e-05,6.914112029999999e-06,1.9223810699999997e-06,1.0394010009999999e-06,7.25937304e-07,5.519581489999999e-07,4.4768954499999994e-07,3.90550768e-07,8.327879720000001e-07,2.79113115e-07,2.93231657e-06,70.952936,19.5366901,1.8353432000000002e-09,8.930628100000002,0.0016141916699999998,0.13538365700000002,0.0001374910918,1.6053801259999997e-05,0.00207681903,0.24164175999999998,0.0001374910918,1.6053801259999997e-05,0.0035891790400000003,0.7151392790000001,0.0001374910918,1.6053801259999997e-05,0.0032959879000000005,0.604631524,0.0001374910918,1.6053801259999997e-05,2.5026045560836794
155,1661885400,0.00012261884360000003,0.00012261888629999998,-0.06775239919999998,17.1402846189,0.07096751369999998,0.006490986360000001,0.013039363100000001,0.009830188799999999,0.00017489194205000004,0.0017714481479999995,47.56293670000001,123.1,4.1340579150000005e-05,1.0112181450000001e-05,2.20185484e-06,1.137009547e-06,7.93277732e-07,6.347252260000001e-07,5.019010640000001e-07,4.28421869e-07,9.45058405e-07,2.6124252700000004e-07,2.95265647e-06,69.2481184,20.07796147,3.6038036099999996e-09,8.8837878,0.00166309345,0.1462181086,0.0005396798362999999,7.691309792999999e-05,0.00215646293,0.28675979399999996,0.0005396798362999999,7.691309792999999e-05,0.0036051521599999997,1.4954377490000001,0.0005396798362999999,7.691309792999999e-05,0.00347824978,1.2837768179999998,0.0005396798362999999,7.691309792999999e-05,2.5026362657547
155,1661886000,5.50751793e-05,5.50752486e-05,0.022584278750000002,0.238977638,0.0338872729,0.005861012760000001,0.0122046266,0.009388251200000001,1.0099270149999999e-05,6.540091049999998e-05,43.4195809,94.9,1.3356404999999998e-05,5.58158072e-06,1.65755612e-06,9.42066407e-07,6.641849049999999e-07,5.1678234e-07,4.38550639e-07,3.8201969999999995e-07,8.347145e-07,2.4313712e-07,2.92059244e-06,73.35796619999999,22.2820762,1.38625864e-09,8.9866691,0.0015935838599999998,0.12416415299999999,3.827559700000001e-05,6.69932437e-06,0.0020178664199999997,0.197404711,3.827559700000001e-05,6.69932437e-06,0.0032214359499999996,0.513242497,3.827559700000001e-05,6.69932437e-06,0.0030033044999999998,0.46012098299999993,3.827559700000001e-05,6.69932437e-06,2.502520799636841
155,1661886600,7.14952482e-05,7.14952847e-05,-0.05170244306999999,4.6519621462,0.0519494497,0.0059139458,0.011953768200000001,0.0091490505,5.233224514999999e-05,0.0004290622784,40.991259,110.6,2.0495081349999998e-05,6.527915220000001e-06,1.71867648e-06,9.67386026e-07,6.70625772e-07,5.14527883e-07,4.4755071499999995e-07,3.91008195e-07,8.207167430000001e-07,2.64574157e-07,2.92941604e-06,72.53070840000001,21.9779561,1.92904325e-09,8.953822050000001,0.00159481319,0.125224928,0.0002416946913,3.2528650050000005e-05,0.0019935711500000002,0.212583698,0.0002416946913,3.2528650050000005e-05,0.00322364857,0.845138156,0.0002416946913,3.2528650050000005e-05,0.0030357843200000006,0.579399539,0.0002416946913,3.2528650050000005e-05,2.502695345878601
155,1661887200,4.700427569999999e-05,4.7004305800000007e-05,0.06388926230000001,2.1859388673,0.040649032099999996,0.005345315329999999,0.0110518556,0.008509553900000001,1.550318756e-05,0.00014712510189999998,33.3461533,88.5,1.053812696e-05,4.50110587e-06,1.50598706e-06,9.254176439999999e-07,6.52364512e-07,5.272051960000001e-07,4.3942121399999996e-07,3.8247119799999996e-07,8.3384736e-07,2.7341899299999997e-07,2.9224780899999995e-06,75.6597939,25.7098231,1.133907456e-09,9.030745450000001,0.00156944599,0.11963649200000001,6.26546995e-05,8.10955288e-06,0.0018722825700000002,0.17249433399999997,6.26546995e-05,8.10955288e-06,0.00273598182,0.40292257000000004,6.26546995e-05,8.10955288e-06,0.00266588086,0.36834903499999994,6.26546995e-05,8.10955288e-06,2.5026296854019163
155,1661887800,4.9059401499999994e-05,4.905942859999999e-05,0.01734713382,1.7496612916300003,0.039280417799999995,0.0053539527,0.01096859815,0.00845686944,1.6438350760000002e-05,0.0001234356585,32.5646852,103.8,1.173281474e-05,4.41817953e-06,1.5262781e-06,8.638218500000001e-07,6.402687439999999e-07,5.160136e-07,4.41664905e-07,3.7096355799999997e-07,8.33188305e-07,2.5831895e-07,2.9271582400000002e-06,75.4646651,25.610187500000002,1.203686145e-09,9.023442450000001,0.00156100835,0.11861269990000001,9.101064900000002e-05,1.188775203e-05,0.0018576414399999997,0.171251803,9.101064900000002e-05,1.188775203e-05,0.00280431666,0.467575072,9.101064900000002e-05,1.188775203e-05,0.00260289524,0.367695301,9.101064900000002e-05,1.188775203e-05,2.5026632070541384
155,1661888400,0.0007359631896,0.0007359633934999999,-1.3399984203999997,62.531657643,0.2271364905,0.01160927498,0.023959350499999997,0.016445523999999996,0.00159626793685,0.016465032374399998,83.8286708,206.9,0.0002890014742,6.052068325e-05,9.24850998e-06,2.3297769990000002e-06,9.89170275e-07,7.259566180000001e-07,5.881686539999999e-07,4.765107109999999e-07,9.00935595e-07,2.7124318599999995e-07,2.92911243e-06,52.92600649999999,10.01027053,2.3969418980000003e-08,8.39860311,0.0019248562499999996,0.300372116,0.0057610183510000005,0.0006261510669,0.00316656756,0.8738170569999999,0.0057610183510000005,0.0006261510669,0.00803700359,11.379742723000001,0.0057610183510000005,0.0006261510669,0.0062626669999999995,8.15234928,0.0057610183510000005,0.0006261510669,2.503290867805481
155,1661889000,9.17459446e-05,9.17460264e-05,-0.25106790214999997,12.59781282944,0.0597043035,0.00585245157,0.01166724035,0.0090040059,0.00011985746619,0.0010585374596999999,38.7709795,102.0,3.090715955e-05,5.98844951e-06,1.9775063600000003e-06,9.332551180000001e-07,6.71208477e-07,5.27425627e-07,4.45512555e-07,3.7989681500000005e-07,8.278793829999999e-07,2.71471843e-07,2.9430996e-06,72.545908,22.693603959999997,2.6145396000000002e-09,8.945096600000001,0.00159063547,0.129741701,0.0014450001406999997,0.00013883359514,0.0019510635800000001,0.21295678500000004,0.0014450001406999997,0.00013883359514,0.0032286561399999998,1.412541605,0.0014450001406999997,0.00013883359514,0.00295800344,0.5846467810000001,0.0014450001406999997,0.00013883359514,2.502204728126526
155,1661889600,5.05237222e-05,5.0523847299999996e-05,0.0009517305099999984,0.36180773909999997,0.0326990922,0.005607185580000001,0.011590756249999999,0.0090048794,1.0385630210000001e-05,7.41848611e-05,38.736013699999994,97.5,1.185366955e-05,4.88386597e-06,1.5848282999999998e-06,9.009409450000001e-07,6.60842525e-07,5.22845486e-07,4.50771588e-07,3.84861003e-07,8.417910060000001e-07,2.4722489700000004e-07,2.93015616e-06,74.4640232,23.913546000000004,1.24272881e-09,9.0119439,0.00157724287,0.12082566939999999,4.7420038200000004e-05,7.04388457e-06,0.0019093430200000001,0.179591031,4.7420038200000004e-05,7.04388457e-06,0.00299179465,0.457962345,4.7420038200000004e-05,7.04388457e-06,0.00281820271,0.40310171300000003,4.7420038200000004e-05,7.04388457e-06,2.5026164770126345
155,1661890200,5.2071402300000005e-05,5.207146259999999e-05,0.0377640494,0.3394432079,0.0348113046,0.005688720160000001,0.01179750465,0.009124600200000001,1.024925477e-05,7.673575149999998e-05,40.0157345,89.0,1.240695855e-05,5.09060561e-06,1.5845962300000001e-06,9.25319051e-07,6.61634298e-07,5.31177328e-07,4.3618168799999996e-07,3.74228969e-07,8.3431754e-07,2.5722431899999997e-07,2.9331022299999998e-06,74.37080399999999,23.6715242,1.2929060700000001e-09,9.00515175,0.0015910042800000002,0.12229568099999999,3.52880377e-05,6.21914917e-06,0.0019597933,0.188656177,3.52880377e-05,6.21914917e-06,0.0030658363399999997,0.4706693819999999,3.52880377e-05,6.21914917e-06,0.00291370815,0.4269658969999999,3.52880377e-05,6.21914917e-06,2.5025537729263307
155,1661890800,6.3576399e-05,6.357642669999999e-05,-0.05361065435660001,1.1542974871000002,0.0382133712,0.00611012182,0.012608349750000001,0.009698732449999999,1.9210643509999997e-05,0.0001456452265,46.071678,111.2,1.6778023e-05,6.27590969e-06,1.71425851e-06,9.91971642e-07,6.954043119999999e-07,5.220688519999999e-07,4.3959028899999997e-07,3.6678167900000006e-07,8.340046859999999e-07,2.51785936e-07,2.9182459700000004e-06,72.4518457,21.318465,1.66114422e-09,8.9614116,0.0016162115600000001,0.1276650905,7.55312943e-05,1.1495762969999999e-05,0.0020396528700000003,0.211040894,7.55312943e-05,1.1495762969999999e-05,0.00340295828,0.652187127,7.55312943e-05,1.1495762969999999e-05,0.0031831904,0.546451994,7.55312943e-05,1.1495762969999999e-05,2.502655601501465
155,1661891400,5.91984282e-05,5.9198505599999996e-05,0.0115529139,0.2505633259,0.032581441,0.00607014389,0.0126224867,0.00971672535,1.123369158e-05,7.17128192e-05,46.699300699999995,102.5,1.5122811799999998e-05,5.730694700000001e-06,1.7009725600000003e-06,9.70971503e-07,6.805376550000001e-07,5.28861677e-07,4.448583010000001e-07,3.80491524e-07,8.464449349999999e-07,2.47991214e-07,2.94372602e-06,72.6248426,21.2290082,1.5139949200000003e-09,8.970305999999999,0.0015999567499999999,0.12463978599999999,4.1322608e-05,7.5419481800000004e-06,0.00204890676,0.20913383199999996,4.1322608e-05,7.5419481800000004e-06,0.0033872406399999997,0.568527657,4.1322608e-05,7.5419481800000004e-06,0.0031652075700000005,0.5058657019999999,4.1322608e-05,7.5419481800000004e-06,2.5025700330734253
155,1661892000,6.08731509e-05,6.08731749e-05,0.023830663829999998,0.36280146569999994,0.034785598200000004,0.006139151319999999,0.012739198699999999,0.0097751004,1.2929634400000002e-05,8.90557121e-05,47.737762599999996,116.3,1.562583645e-05,6.07574556e-06,1.7208676900000002e-06,9.50652843e-07,6.95242262e-07,5.26690554e-07,4.3762141999999993e-07,3.81233731e-07,8.29813971e-07,2.64813316e-07,2.9270753599999995e-06,72.4514115,20.7489005,1.5691534099999998e-09,8.961632700000001,0.0016152971300000003,0.126712108,5.57902242e-05,9.151343e-06,0.002067712,0.213042428,5.57902242e-05,9.151343e-06,0.0034397993100000004,0.606973848,5.57902242e-05,9.151343e-06,0.00317908034,0.5108079269999999,5.57902242e-05,9.151343e-06,2.5025814056396483
155,1661892600,0.0001101866044,0.00011018665970000002,0.6346969498500001,21.5052568164,0.08947672679999999,0.006288663160000001,0.01271496535,0.009807347099999999,0.00015389454335,0.0013534160606000001,47.613635599999995,125.7,3.718131455e-05,9.076246569999997e-06,1.78679052e-06,9.82045414e-07,6.76955801e-07,5.40582403e-07,4.471470189999999e-07,3.8728357200000005e-07,8.33920183e-07,2.57528376e-07,2.9226958500000004e-06,69.89362229999999,19.25992087,3.19875655e-09,8.885084299999999,0.0016171650599999996,0.13017529840000003,0.000892663795,9.194702703e-05,0.00208521069,0.24184591899999996,0.000892663795,9.194702703e-05,0.00358204198,1.393068209,0.000892663795,9.194702703e-05,0.0033016859999999994,1.1029578859999998,0.000892663795,9.194702703e-05,2.5026472091674803
155,1661893200,5.5098968e-05,5.5098994100000004e-05,0.052998219299999996,0.45932704500000004,0.0350406197,0.00581885976,0.0121259118,0.009274593349999999,1.18383616e-05,8.1750386e-05,42.307692700000004,105.1,1.3645592799999998e-05,5.3922952499999995e-06,1.5781643599999999e-06,9.436954640000001e-07,6.467560809999999e-07,5.238296749999999e-07,4.3309742300000006e-07,3.7187179699999996e-07,8.50306894e-07,2.59900033e-07,2.9035630299999995e-06,73.7307408,22.417719499999997,1.39112057e-09,8.9904003,0.00157468687,0.12077437170000001,4.88904777e-05,8.052526920000001e-06,0.00195116527,0.18840084900000004,4.88904777e-05,8.052526920000001e-06,0.0031818785,0.529926157,4.88904777e-05,8.052526920000001e-06,0.0029870863500000002,0.45448995299999995,4.88904777e-05,8.052526920000001e-06,2.502568984031677
155,1661893800,6.320944890000001e-05,6.320950919999999e-05,-0.60960897517,16.3767316071,0.043637705900000004,0.00582860969,0.012007893749999998,0.0092284484,4.5738338579999996e-05,0.00045432030869999994,41.3059434,114.4,1.67216234e-05,6.16502908e-06,1.68623744e-06,9.515652229999999e-07,6.90369599e-07,5.46681585e-07,4.3863594e-07,3.7324295000000003e-07,8.416942830000001e-07,2.53680956e-07,2.9357855500000002e-06,72.69127460000001,21.9208197,1.6467157300000003e-09,8.9673776,0.0016036489000000001,0.12872425,0.0001729731649,2.2005772370000002e-05,0.00196654828,0.20851985499999995,0.0001729731649,2.2005772370000002e-05,0.00318127524,0.647396251,0.0001729731649,2.2005772370000002e-05,0.00301769213,0.5398146340000001,0.0001729731649,2.2005772370000002e-05,2.5026047468185424
155,1661894400,6.66679983e-05,6.666801860000002e-05,0.43679415033,10.4394673539,0.06181749999999999,0.0059184359199999995,0.0119995115,0.009224507500000001,4.85031528e-05,0.0004614627322,41.8951054,115.6,1.82538052e-05,6.42923684e-06,1.7008405699999997e-06,9.369287250000002e-07,6.83740007e-07,5.21082034e-07,4.44468661e-07,3.80210721e-07,8.263319579999999e-07,2.59499671e-07,2.8977039300000003e-06,72.16910789999999,20.972619699999996,1.7620677200000003e-09,8.952453949999999,0.0015894727899999999,0.1270418387,0.00016517090380000003,2.0723815809999997e-05,0.0020186999300000003,0.24464281200000002,0.00016517090380000003,2.0723815809999997e-05,0.0032963783500000003,0.7088936459999999,0.00016517090380000003,2.0723815809999997e-05,0.00298822895,0.5430430420000001,0.00016517090380000003,2.0723815809999997e-05,2.5025992155075074
155,1661895000,7.497406970000001e-05,7.49741555e-05,-0.0637251617,4.481181898000001,0.0511627858,0.00649587796,0.0135105481,0.010277421550000002,2.638084895e-05,0.00021111021989999999,51.744755,117.5,2.09847894e-05,7.616833140000001e-06,1.8793557600000002e-06,9.720529699999998e-07,6.88948279e-07,5.10570484e-07,4.423361139999999e-07,3.70511194e-07,8.368337180000001e-07,2.517523e-07,2.93282149e-06,70.504607,18.895098400000002,2.0256121599999997e-09,8.9145335,0.0016204439000000001,0.12859060400000002,0.00016554070670000002,2.020482861e-05,0.0021573386999999998,0.23908078099999996,0.00016554070670000002,2.020482861e-05,0.0037524138200000006,0.828186034,0.00016554070670000002,2.020482861e-05,0.00337135207,0.641661896,0.00016554070670000002,2.020482861e-05,2.5026020050048827
155,1661895600,6.1884138e-05,6.18841778e-05,0.0212600719,0.3263357409,0.0358044993,0.006189008019999999,0.0128334108,0.00986713925,1.24203801e-05,8.37655103e-05,48.391609100000004,106.6,1.5941626900000002e-05,6.2885848800000004e-06,1.7003697499999998e-06,9.489730550000001e-07,6.858421709999999e-07,5.292689530000001e-07,4.3360618099999994e-07,3.82815613e-07,8.342042729999999e-07,2.6901917400000003e-07,2.9276823100000004e-06,72.259753,20.6289816,1.60143525e-09,8.9576757,0.0016084662199999998,0.1254974195,6.28478622e-05,9.079347800000001e-06,0.0020766450299999997,0.212966033,6.28478622e-05,9.079347800000001e-06,0.00347638056,0.6217129110000001,6.28478622e-05,9.079347800000001e-06,0.0032266997800000003,0.5257818710000001,6.28478622e-05,9.079347800000001e-06,2.502678370475769
155,1661896200,5.750267689999999e-05,5.75026996e-05,0.09147659606,1.5200238909999997,0.0460413393,0.00591143615,0.0123066487,0.00943200445,1.44557437e-05,0.000114185393,43.6730776,111.3,1.445106045e-05,5.55619334e-06,1.6756597099999999e-06,9.53352661e-07,7.179606050000001e-07,5.32444532e-07,4.42915548e-07,3.85357118e-07,8.413907930000001e-07,2.54144022e-07,2.9400782999999997e-06,73.09671699999998,21.9566768,1.4607888e-09,8.9784278,0.00160156656,0.126924247,5.20707812e-05,8.105991900000002e-06,0.0020089918999999998,0.20547893399999997,5.20707812e-05,8.105991900000002e-06,0.00325333763,0.5437094690000001,5.20707812e-05,8.105991900000002e-06,0.00304189377,0.481751674,5.20707812e-05,8.105991900000002e-06,2.5026039838790894
155,1661896800,4.842546170000001e-05,4.8425485099999996e-05,0.02124474944,0.2595301352,0.032510613300000005,0.00548815031,0.0113858655,0.00879329675,9.043101499999999e-06,6.63998691e-05,36.5664335,86.7,1.0882472400000001e-05,4.845186290000001e-06,1.5435020600000002e-06,9.11951843e-07,6.779080559999999e-07,5.151043540000001e-07,4.5190406400000004e-07,3.89517487e-07,8.2039194e-07,2.61746017e-07,2.91245159e-06,74.90576940000001,24.914285399999997,1.1781581169999999e-09,9.019893849999999,0.00158579937,0.12217082500000001,4.01866612e-05,6.111175459999999e-06,0.00192067535,0.180446472,4.01866612e-05,6.111175459999999e-06,0.00287638084,0.41909722499999996,4.01866612e-05,6.111175459999999e-06,0.00275057478,0.384576531,4.01866612e-05,6.111175459999999e-06,2.5024801969528196
155,1661897400,5.77636666e-05,5.776370099999999e-05,0.03864952266,0.316633285,0.034287440999999995,0.00598169546,0.01252895905,0.009590434899999998,1.16377484e-05,7.203724919999999e-05,45.0576922,107.7,1.471517205e-05,5.67344573e-06,1.60511828e-06,9.2171408e-07,6.436936459999999e-07,5.26915905e-07,4.423256e-07,3.6073245099999997e-07,8.347909e-07,2.6211704e-07,2.8957839200000004e-06,73.0243429,21.3498901,1.47543922e-09,8.9740108,0.0015953829200000002,0.1231472334,4.51820391e-05,7.83999669e-06,0.0019919914499999998,0.195773774,4.51820391e-05,7.83999669e-06,0.00336630447,0.572758748,4.51820391e-05,7.83999669e-06,0.0030721159800000002,0.47834417599999995,4.51820391e-05,7.83999669e-06,2.502638578414917
155,1661898000,6.959306460000001e-05,6.959315609999999e-05,0.18827644396999998,3.248216483,0.05306182699999999,0.00649565776,0.01355101085,0.010370245900000002,1.7973490199999996e-05,0.00013293582499999997,53.374125400000004,122.4,1.89097598e-05,6.83381669e-06,1.8747364399999997e-06,9.882796000000002e-07,7.0686585e-07,5.58679105e-07,4.53615241e-07,3.9520177600000003e-07,8.38409207e-07,2.71036916e-07,2.96606555e-06,70.7339342,18.7829488,1.84320184e-09,8.9272642,0.0016225585399999999,0.12979268539999997,7.062374770000001e-05,1.061186074e-05,0.00211844124,0.237412022,7.062374770000001e-05,1.061186074e-05,0.003716733839999999,0.7104696269999999,7.062374770000001e-05,1.061186074e-05,0.00349604927,0.621333981,7.062374770000001e-05,1.061186074e-05,2.5026437044143677
155,1661898600,6.76075626e-05,6.760762000000001e-05,0.05026578388999999,0.612756885,0.0394858907,0.006423174470000001,0.013326954899999998,0.01021194885,1.59372862e-05,0.0001038010009,51.9405589,122.5,1.8469479600000002e-05,6.51817835e-06,1.7822389000000004e-06,9.48562446e-07,7.073130579999999e-07,5.447098830000001e-07,4.4521023500000006e-07,3.79589433e-07,8.438021940000001e-07,2.5404031200000004e-07,2.9104979099999997e-06,71.0314751,18.9533246,1.7833940499999998e-09,8.934179199999999,0.0016243530700000002,0.128341736,8.12223159e-05,1.156004513e-05,0.0021224033800000004,0.22230951399999999,8.12223159e-05,1.156004513e-05,0.0036859800900000002,0.707348265,8.12223159e-05,1.156004513e-05,0.00340124687,0.5919491809999999,8.12223159e-05,1.156004513e-05,2.5025405168533323
155,1661899200,5.9551271299999996e-05,5.95513429e-05,0.025552076229999998,0.7711380177,0.0389744103,0.00606252251,0.01253623485,0.009684317549999998,1.308089463e-05,9.49240261e-05,46.56293719999999,115.5,1.5136590949999998e-05,5.905763180000001e-06,1.7004511399999999e-06,9.540252320000001e-07,6.84555129e-07,5.184069829999999e-07,4.519835979999999e-07,3.8985286299999997e-07,8.466359230000002e-07,2.58262235e-07,2.92886352e-06,72.56130479999999,21.194539900000002,1.5265640199999997e-09,8.9683513,0.0016024619899999999,0.12522809289999998,5.17769417e-05,8.70332956e-06,0.00204850483,0.20899881800000003,5.17769417e-05,8.70332956e-06,0.00332660579,0.577136223,5.17769417e-05,8.70332956e-06,0.00314590525,0.50333837,5.17769417e-05,8.70332956e-06,2.502725338935852
155,1661899800,6.788898099999998e-05,6.78890149e-05,-0.03573041746,0.45314263,0.0381613904,0.00647237189,0.0133956343,0.010308338599999998,1.552030485e-05,0.00011030824949999998,53.419580700000004,115.8,1.8352357299999998e-05,6.72943429e-06,1.74888657e-06,9.8620141e-07,6.93682184e-07,5.512194769999999e-07,4.30586007e-07,3.94840538e-07,8.370037970000001e-07,2.67276359e-07,2.95278537e-06,71.3391645,19.2433262,1.7920337600000003e-09,8.933991950000001,0.00163124194,0.12863668700000003,6.67643331e-05,1.0234695199999998e-05,0.00211805789,0.22095982899999997,6.67643331e-05,1.0234695199999998e-05,0.00374889073,0.7105235710000001,6.67643331e-05,1.0234695199999998e-05,0.0034263665900000004,0.595103968,6.67643331e-05,1.0234695199999998e-05,2.5025420665740965
155,1661900400,6.371366580000002e-05,6.37137135e-05,0.024109521484,0.31687390420000006,0.035305416299999996,0.006277799149999999,0.013016456800000001,0.010018616999999999,1.30480404e-05,8.41487119e-05,50.5209793,109.3,1.67313211e-05,6.22821091e-06,1.74085383e-06,9.66606018e-07,6.83769901e-07,5.548360140000001e-07,4.54257671e-07,3.9153508300000003e-07,8.73043187e-07,2.8582728e-07,2.94604237e-06,71.953842,20.395459199999998,1.6546345500000001e-09,8.954019299999999,0.0016218778200000003,0.1277737135,5.2873211700000005e-05,8.88594299e-06,0.00209294186,0.215994369,5.2873211700000005e-05,8.88594299e-06,0.0035716332399999993,0.6475810630000001,5.2873211700000005e-05,8.88594299e-06,0.00326212403,0.5390392929999999,5.2873211700000005e-05,8.88594299e-06,2.502635455131531
155,1661901000,6.7617907e-05,6.76179679e-05,0.01838386902,0.32084984790000004,0.03687498709999999,0.006472285810000001,0.013452788200000001,0.010340081749999999,1.4153904849999998e-05,9.67434987e-05,53.631119,119.4,1.83530712e-05,6.43850153e-06,1.79041081e-06,9.86072964e-07,7.322230910000001e-07,5.46146651e-07,4.6037911900000003e-07,3.9102276999999995e-07,8.51334581e-07,2.79938763e-07,2.9795092599999997e-06,71.3278945,19.457069900000004,1.77715131e-09,8.9391455,0.0016525399,0.13255830799999999,5.88944249e-05,9.85176486e-06,0.00211767932,0.22241296100000002,5.88944249e-05,9.85176486e-06,0.00372937847,0.697798713,5.88944249e-05,9.85176486e-06,0.00338769835,0.5893631880000001,5.88944249e-05,9.85176486e-06,2.502637529373169
155,1661901600,0.00012769003070000002,0.00012769009820000002,-0.28870655223999997,8.807769427999999,0.0660499569,0.006634901119999999,0.013311874900000001,0.01008866235,0.00015148430589999998,0.0014423098275,50.227272600000006,122.3,4.0082626800000005e-05,1.379206579e-05,2.42279539e-06,1.20084445e-06,7.65303973e-07,5.91017501e-07,4.5227102499999997e-07,4.02363626e-07,8.56156684e-07,2.92701388e-07,2.98626398e-06,69.21265550000001,19.2580576,3.74919271e-09,8.87758175,0.0016668526099999996,0.153928171,0.0006475153398,7.978105678999999e-05,0.00221915653,0.42592190599999996,0.0006475153398,7.978105678999999e-05,0.00378631464,1.572715281,0.0006475153398,7.978105678999999e-05,0.00355589633,1.203805058,0.0006475153398,7.978105678999999e-05,2.5026602268218996
155,1661902200,6.27384334e-05,6.27384846e-05,-0.04040586301,6.711681627,0.050606292100000005,0.00603822303,0.012477028200000002,0.0095509507,2.29245462e-05,0.00019236676189999998,44.937063499999994,117.7,1.626952295e-05,6.02967719e-06,1.73594523e-06,1.000109372e-06,7.11877355e-07,5.802298819999999e-07,4.7956342e-07,4.2315400000000003e-07,9.317801830000001e-07,2.66094688e-07,2.9410770100000003e-06,71.83867359999999,20.6786852,1.61859123e-09,8.959481750000002,0.0016368437399999999,0.1335859865,0.00020685082259999996,2.2171929990000003e-05,0.00200501959,0.205513134,0.00020685082259999996,2.2171929990000003e-05,0.00335858208,0.655368186,0.00020685082259999996,2.2171929990000003e-05,0.00309907042,0.504909093,0.00020685082259999996,2.2171929990000003e-05,2.502618169784546
155,1661902800,0.0001654738858,0.0001654739165,-0.008091977390000001,4.093734504,0.073702637,0.006928121230000001,0.01361154815,0.010148127599999997,0.00020206276370000003,0.0016709588070000004,50.7097904,129.5,5.6725526399999995e-05,1.582110771e-05,2.5629224100000002e-06,1.216557843e-06,7.5449972e-07,5.97723723e-07,4.81784544e-07,4.15978452e-07,8.89716451e-07,2.87112369e-07,2.98402316e-06,68.8490952,19.3720066,5.02470917e-09,8.8620155,0.0016735514200000002,0.148940625,0.00045955432840000005,8.175759373999999e-05,0.00223470757,0.353280035,0.00045955432840000005,8.175759373999999e-05,0.00403793015,2.210899689,0.00045955432840000005,8.175759373999999e-05,0.0036840328399999995,1.717794881,0.00045955432840000005,8.175759373999999e-05,2.5026801586151124
155,1661903400,5.72990209e-05,5.729904009999999e-05,0.48258873196999996,9.933722636,0.048871605400000004,0.00585127863,0.012092200600000002,0.009336520800000001,1.9951953769999996e-05,0.00017665284599999997,42.3111889,96.1,1.332219675e-05,6.02088013e-06,1.91771022e-06,1.0675904780000001e-06,6.86769122e-07,5.63208683e-07,4.832808289999999e-07,4.3283881499999994e-07,9.204174650000002e-07,2.49241595e-07,2.98509367e-06,73.0073948,22.8589938,1.439812457e-09,8.9870406,0.00161826228,0.130117591,4.8227719400000004e-05,7.3788242200000014e-06,0.0020066148999999998,0.242904638,4.8227719400000004e-05,7.3788242200000014e-06,0.00315095518,0.507420912,4.8227719400000004e-05,7.3788242200000014e-06,0.00300046612,0.462439351,4.8227719400000004e-05,7.3788242200000014e-06,2.5025126457214357
155,1661904000,4.9325204899999995e-05,4.93252225e-05,0.028976376100000006,0.17384596730000001,0.030892995900000005,0.00556180328,0.0115739556,0.008963834300000001,8.545062149999999e-06,5.9729629899999995e-05,38.2744748,94.2,1.11723048e-05,4.8115941e-06,1.5719574e-06,9.3837195e-07,6.874781590000001e-07,5.45710041e-07,4.56239098e-07,3.88476691e-07,8.783528019999999e-07,2.53529507e-07,2.9577131999999997e-06,74.96361499999999,24.8220944,1.20070091e-09,9.019899,0.0016085899600000002,0.1255848459,3.25754065e-05,5.7268005099999995e-06,0.0019233344200000001,0.181567784,3.25754065e-05,5.7268005099999995e-06,0.00291667947,0.424801845,3.25754065e-05,5.7268005099999995e-06,0.00280439139,0.394270423,3.25754065e-05,5.7268005099999995e-06,2.502587819099426
155,1661904600,7.51335866e-05,7.51336237e-05,1.6112808242,35.305024358000004,0.1047032059,0.00583870983,0.011702170800000002,0.0089800958,5.740639020000001e-05,0.0004773296745000001,38.9632867,94.7,1.7289446050000003e-05,7.029442109999999e-06,2.4713425199999996e-06,1.638492413e-06,1.205758864e-06,8.926082880000001e-07,7.86611465e-07,6.50463045e-07,1.381659359e-06,2.9849607300000003e-07,3.92219825e-06,72.1578902,23.9355471,1.89273632e-09,8.979783799999998,0.0017248559300000002,0.215005618,0.0004901107985999999,4.8460280409999996e-05,0.0020840284199999995,0.261399917,0.0004901107985999999,4.8460280409999996e-05,0.00307522309,0.740894023,0.0004901107985999999,4.8460280409999996e-05,0.00295177048,0.525109257,0.0004901107985999999,4.8460280409999996e-05,2.50266056060791
155,1661905200,5.7546533000000006e-05,5.7546585699999996e-05,0.004176598200000002,0.373118308,0.0355919367,0.00596931879,0.012356547649999997,0.0095211408,1.23214019e-05,8.19743049e-05,44.7237769,102.9,1.44859951e-05,5.54039398e-06,1.6757128099999998e-06,9.43322566e-07,6.828084869999999e-07,5.477506079999999e-07,4.4179734300000005e-07,3.85601705e-07,8.710199500000001e-07,2.47268323e-07,2.9515530999999995e-06,72.87343960000001,21.5614038,1.4603506400000002e-09,8.9794355,0.00160579676,0.12449298260000001,4.94166485e-05,8.20871725e-06,0.0020343055299999998,0.20319817700000004,4.94166485e-05,8.20871725e-06,0.0033211661700000006,0.566212236,4.94166485e-05,8.20871725e-06,0.0030478094399999994,0.46539276400000007,4.94166485e-05,8.20871725e-06,2.5025733709335327
155,1661905800,0.0001906144507,0.0001906144922,-0.14024405817,5.9545029044,0.07098707900000001,0.007546188470000001,0.016096665599999997,0.011671102849999998,0.00022108146405,0.0021877161292000002,53.8374133,130.0,7.0163628e-05,1.501624277e-05,2.53658753e-06,1.212253887e-06,8.105608859999999e-07,5.93642705e-07,4.7134485700000003e-07,3.9806952800000005e-07,9.104829639999999e-07,2.5306799899999997e-07,2.94131291e-06,68.4345513,19.8699928,5.88057228e-09,8.84514,0.0017246860699999997,0.1612126406,0.0016580544925,0.00016647886980999997,0.00231222704,0.372795584,0.0016580544925,0.00016647886980999997,0.004617274070000001,3.281553445,0.0016580544925,0.00016647886980999997,0.003918533050000001,1.3416823629999999,0.0016580544925,0.00016647886980999997,2.503138852119446
155,1661906400,7.26735939e-05,7.267361190000002e-05,0.00045637759999999917,2.416628351,0.0662830282,0.006425705950000001,0.013254127199999998,0.010132253899999999,2.22371601e-05,0.0001832903735,50.0419574,105.8,2.01283474e-05,6.86766663e-06,1.8062770199999996e-06,1.000243258e-06,7.17377929e-07,5.59528053e-07,4.89026861e-07,4.0962362199999994e-07,9.493553149999999e-07,2.59863536e-07,3.1493654199999998e-06,71.92526600000001,21.166193000000003,1.9298472499999994e-09,8.95065675,0.0016308243,0.134784582,7.59060732e-05,1.238378629e-05,0.00208695158,0.226051927,7.59060732e-05,1.238378629e-05,0.00373943791,0.7869876849999999,7.59060732e-05,1.238378629e-05,0.00328260815,0.6247835329999999,7.59060732e-05,1.238378629e-05,2.5021554708480833
155,1661907000,6.0806383500000006e-05,6.08064164e-05,0.0565251069,3.6797653419999996,0.06739743710000001,0.00596934588,0.0123493858,0.0094555982,2.0659404449999997e-05,0.00017718340030000004,44.1818186,113.6,1.5218896549999997e-05,5.96556815e-06,1.75711937e-06,1.021530381e-06,6.990831140000001e-07,5.68184342e-07,4.87238676e-07,4.04205788e-07,9.452182160000002e-07,2.6008779999999996e-07,3.07605566e-06,72.715755,22.0478896,1.5490937599999999e-09,8.979712499999998,0.0016248761599999997,0.13457580000000002,7.765959280000002e-05,1.068420984e-05,0.0020350718899999998,0.21402941699999997,7.765959280000002e-05,1.068420984e-05,0.0032411708399999995,0.578427014,7.765959280000002e-05,1.068420984e-05,0.0031064932099999997,0.513761615,7.765959280000002e-05,1.068420984e-05,2.502572202682495
155,1661907600,6.72320221e-05,6.7232052e-05,-0.143750335,3.5072743436000002,0.0444858868,0.00621619252,0.01286032745,0.0098216235,2.831442655e-05,0.0002415488597,47.840909,123.0,1.85006281e-05,6.285478160000001e-06,1.6790992500000002e-06,9.7253495e-07,6.86454002e-07,5.553871170000001e-07,4.47291587e-07,3.7799532199999994e-07,8.998068730000001e-07,2.62021357e-07,2.94907684e-06,71.548529,19.89711145,1.7724083900000002e-09,8.942123700000002,0.0016244424200000003,0.12815768560000002,0.000106181029,1.520776904e-05,0.0020782165199999996,0.21747859800000002,0.000106181029,1.520776904e-05,0.003477119,0.681584701,0.000106181029,1.520776904e-05,0.00326688979,0.604130954,0.000106181029,1.520776904e-05,2.5027002096176147
155,1661908200,6.0227658e-05,6.02276899e-05,0.0018303374699999999,0.36795051905,0.034653297900000005,0.006093489370000001,0.012580554599999998,0.0097227725,1.2640083500000001e-05,8.662564220000001e-05,47.3181827,103.6,1.5272658099999997e-05,5.94191438e-06,1.8006406300000002e-06,9.615662779999999e-07,6.9830843e-07,5.2624163e-07,4.5806233399999996e-07,4.0476628900000003e-07,8.721155079999999e-07,2.29210546e-07,2.9480278100000003e-06,72.40124100000001,21.1505166,1.5441441499999999e-09,8.9692062,0.0016242308600000002,0.12822857399999998,4.99111408e-05,8.319143370000001e-06,0.0020727667299999994,0.21317809,4.99111408e-05,8.319143370000001e-06,0.00343142366,0.60115696,4.99111408e-05,8.319143370000001e-06,0.0030926359699999994,0.49335960300000004,4.99111408e-05,8.319143370000001e-06,2.502523922920227
155,1661908800,6.416790799999999e-05,6.41679682e-05,0.05075853797,0.344720231,0.035681536699999995,0.00630406119,0.013165769549999998,0.010087919249999999,1.295586075e-05,8.17545521e-05,50.304196,104.2,1.68702008e-05,6.28666857e-06,1.75398136e-06,9.816700820000002e-07,7.02907119e-07,5.59910266e-07,4.4559037800000006e-07,3.88032212e-07,8.90406697e-07,2.3140081199999995e-07,2.97317453e-06,71.6097252,19.867577700000002,1.6669316300000002e-09,8.9506328,0.0016382687,0.1296577376,4.796036030000001e-05,8.71753877e-06,0.00212023192,0.221974165,4.796036030000001e-05,8.71753877e-06,0.0036021724499999998,0.644668096,4.796036030000001e-05,8.71753877e-06,0.0032799170399999992,0.5482895879999999,4.796036030000001e-05,8.71753877e-06,2.502601146697998
155,1661909400,6.51050858e-05,6.510515729999999e-05,-0.016049033982999998,1.2679068249999998,0.0391406693,0.00632368114,0.013167560650000002,0.0101306867,1.699913365e-05,0.00014173144290000002,51.3321678,122.5,1.66872641e-05,6.46764491e-06,1.8061946e-06,1.0244831499999998e-06,7.541602139999999e-07,6.02774558e-07,4.9945925e-07,4.22219417e-07,9.47878827e-07,2.42503049e-07,3.0978982500000007e-06,71.48463300000002,20.3818102,1.6792049400000002e-09,8.957871999999998,0.0016892666300000001,0.13906530199999997,5.7627352199999995e-05,9.360300400000002e-06,0.002132589,0.23045611400000002,5.7627352199999995e-05,9.360300400000002e-06,0.00348842604,0.625812615,5.7627352199999995e-05,9.360300400000002e-06,0.0033173929100000004,0.5625818989999999,5.7627352199999995e-05,9.360300400000002e-06,2.5026360511779786
155,1661910000,6.0805064e-05,6.0805090400000004e-05,-0.04206123370000001,1.6307486088,0.0398840625,0.00612706655,0.012744788400000002,0.0098712135,1.42966401e-05,0.00011684954210000001,47.6888105,109.6,1.48511018e-05,6.1278724e-06,1.8264978000000003e-06,1.0579843650000002e-06,7.669867300000001e-07,5.84697635e-07,5.085890669999999e-07,4.2944848700000004e-07,9.322184399999999e-07,2.3306706e-07,3.08386382e-06,72.1444119,21.4941483,1.54290628e-09,8.9728482,0.00169360444,0.144980762,5.39783829e-05,8.07063153e-06,0.00207343159,0.22142540800000005,5.39783829e-05,8.07063153e-06,0.0033671697,0.5628396899999999,5.39783829e-05,8.07063153e-06,0.0031702543,0.5074864270000001,5.39783829e-05,8.07063153e-06,2.502612042427063
155,1661910600,5.29247856e-05,5.2924834499999996e-05,0.02377951711,0.14609239552999997,0.0313847873,0.0057660913,0.011907860400000001,0.0092295914,8.719769330000002e-06,6.16503227e-05,41.45804210000001,91.6,1.2259994400000001e-05,5.22204655e-06,1.6494705800000003e-06,1.01108819e-06,7.26770791e-07,5.58788918e-07,4.721369269999999e-07,3.9877520899999996e-07,9.02627219e-07,2.29815282e-07,3.03086107e-06,73.98669229999999,23.745742099999998,1.30344442e-09,9.0083934,0.0016477106099999999,0.13215787299999998,3.535929e-05,6.14823243e-06,0.0020082432499999997,0.19708335300000002,3.535929e-05,6.14823243e-06,0.0030875423999999997,0.467867388,3.535929e-05,6.14823243e-06,0.00290887306,0.4213929929999999,3.535929e-05,6.14823243e-06,2.502569890022278
155,1661911200,6.247722009999998e-05,6.247732690000001e-05,0.5343414860700001,7.906595199760001,0.0659403867,0.0060903604399999995,0.01256429915,0.0096583989,1.594105725e-05,0.000102231479,46.3409085,100.6,1.4330098550000004e-05,6.26327564e-06,2.0020230799999995e-06,1.260685193e-06,8.89357766e-07,7.017174140000001e-07,5.92376305e-07,5.025882569999999e-07,1.083183603e-06,2.5996390099999997e-07,3.3533806499999994e-06,72.100704,22.3318169,1.5545094299999996e-09,8.98322085,0.00169807692,0.15868376860000002,4.219428259999999e-05,7.13963108e-06,0.00210860681,0.23861908400000004,4.219428259999999e-05,7.13963108e-06,0.0032851720000000003,0.531009908,4.219428259999999e-05,7.13963108e-06,0.00318991286,0.519183641,4.219428259999999e-05,7.13963108e-06,2.5026115655899046
155,1661911800,5.95839798e-05,5.9584046099999995e-05,-0.4192376186000001,9.3252760725,0.0395669398,0.00583126255,0.012031244699999997,0.009291220849999999,3.685018662e-05,0.00037237227089999996,41.924825500000004,109.2,1.50667651e-05,5.63436601e-06,1.6991612799999997e-06,9.913324549999998e-07,7.21299834e-07,5.958889610000001e-07,4.89131712e-07,4.2273053399999995e-07,8.912641e-07,2.3459551299999997e-07,3.04537153e-06,72.79736890000001,22.3609061,1.5154678700000002e-09,8.98163035,0.0016507034600000002,0.133099254,0.00015864967289999998,1.954246024e-05,0.00203773979,0.211355124,0.00015864967289999998,1.954246024e-05,0.00313437111,0.6060879270000001,0.00015864967289999998,1.954246024e-05,0.0028954620800000002,0.456649919,0.00015864967289999998,1.954246024e-05,2.5026708126068113
155,1661912400,0.0001694140877,0.00016941414479999998,0.28349884388,7.7719786287,0.07924877459999999,0.0072299626399999995,0.015804607400000004,0.01121357365,0.00013726821787000002,0.0009674074710999999,50.924825,119.8,5.8146469000000005e-05,1.523508704e-05,3.00416807e-06,1.40628981e-06,8.797205519999999e-07,6.876040090000001e-07,5.53882128e-07,4.51080628e-07,9.61011827e-07,2.3818875199999996e-07,3.14320355e-06,68.8087246,20.2904128,5.1211726500000004e-09,8.87119255,0.0017708462799999997,0.186282162,0.0008115342590000001,0.00010953885044999995,0.00234201747,0.43378721200000003,0.0008115342590000001,0.00010953885044999995,0.00428201665,2.5444891689999998,0.0008115342590000001,0.00010953885044999995,0.00374263271,1.3703379129999997,0.0008115342590000001,0.00010953885044999995,2.5025453567504883
155,1661913000,6.277374059999999e-05,6.277379330000001e-05,-0.048976021280000004,1.6073246035,0.0370490076,0.00622076711,0.012893072350000001,0.00998098115,1.589390764e-05,0.0001378474972,49.024475499999994,105.8,1.5676349e-05,6.23840623e-06,1.89286793e-06,1.0861000400000002e-06,7.29172049e-07,5.80173829e-07,4.9686148e-07,4.303675659999999e-07,9.14152686e-07,2.52020493e-07,3.0902643300000003e-06,71.9239345,21.1660989,1.6048921399999998e-09,8.9666241,0.00167938167,0.13784691200000002,8.03246098e-05,1.036133521e-05,0.00216955966,0.23259320200000003,8.03246098e-05,1.036133521e-05,0.00344325307,0.5925061389999999,8.03246098e-05,1.036133521e-05,0.00323512942,0.529582276,8.03246098e-05,1.036133521e-05,2.5027075529098513
155,1661913600,6.018660520000001e-05,6.018666889999999e-05,0.02410996594,0.1199344263,0.0322802203,0.00614640036,0.0128038031,0.00986252,1.06072044e-05,6.63356906e-05,48.428321700000005,101.2,1.4711334600000002e-05,6.017404320000001e-06,1.7878528300000003e-06,1.0573347029999998e-06,7.630790070000001e-07,5.777999030000001e-07,5.00745779e-07,4.28482138e-07,9.084266969999999e-07,2.6505798600000007e-07,3.07537465e-06,72.3963441,21.8272773,1.52437747e-09,8.975877,0.0016976033800000002,0.139560759,4.3787581e-05,7.483190439999999e-06,0.0021161984199999997,0.21903392100000002,4.3787581e-05,7.483190439999999e-06,0.00338129942,0.567280617,4.3787581e-05,7.483190439999999e-06,0.0031364750099999996,0.492151695,4.3787581e-05,7.483190439999999e-06,2.5025670289993287
155,1661914200,9.30405053e-05,9.30406049e-05,-0.5017679424,14.63462152835,0.056499715500000006,0.006544416630000001,0.0133178743,0.010095256399999999,7.565127884999999e-05,0.0006865842952,50.270978799999995,132.0,2.78713855e-05,8.81721112e-06,2.1180749400000003e-06,1.0983026419999998e-06,8.041587229999999e-07,5.934228800000001e-07,5.073048410000001e-07,4.13694324e-07,9.27364953e-07,2.57232394e-07,3.11187543e-06,69.3243455,19.31821286,2.5893724300000004e-09,8.8976198,0.00173263562,0.147952834,0.0006731656423000001,7.067067603e-05,0.0021921086299999996,0.284242824,0.0006731656423000001,7.067067603e-05,0.0036670079200000006,1.2450524049999998,0.0006731656423000001,7.067067603e-05,0.0033591863800000003,0.6692315179999999,0.0006731656423000001,7.067067603e-05,2.502620720863342
155,1661914800,6.930818200000001e-05,6.930823560000001e-05,0.07317100350000001,0.746957728,0.041721805099999995,0.0065619039899999995,0.01360192965,0.0104940617,1.7665533549999996e-05,0.00014264623370000001,55.43007,121.6,1.79924128e-05,6.84347516e-06,1.91884546e-06,1.0887395e-06,8.135128879999999e-07,6.38348909e-07,5.795185170000001e-07,4.56542996e-07,9.94303814e-07,2.57569965e-07,3.0707534200000008e-06,70.52393650000002,19.655878100000002,1.80348274e-09,8.9409833,0.0017358421400000001,0.14892631699999997,6.611585889999999e-05,1.0393187730000001e-05,0.0022061567800000003,0.237660368,6.611585889999999e-05,1.0393187730000001e-05,0.0036834259499999994,0.682390379,6.611585889999999e-05,1.0393187730000001e-05,0.00344562931,0.598701535,6.611585889999999e-05,1.0393187730000001e-05,2.502651023864746
155,1661915400,6.199110319999999e-05,6.199118840000001e-05,-0.0213730525,1.6649065942,0.039088592000000005,0.00617625569,0.0127200511,0.00990659595,1.82092922e-05,0.00016020875720000003,48.800699300000005,104.6,1.5185843999999996e-05,6.577961050000001e-06,1.8247056099999999e-06,1.0607282599999999e-06,7.132217310000001e-07,5.952503759999999e-07,4.7460630099999996e-07,4.0686462899999994e-07,8.95596321e-07,2.41216617e-07,3.01958198e-06,71.80162299999999,21.0136926,1.5860354999999998e-09,8.964250499999999,0.0016743053699999999,0.13678134999999997,8.60745658e-05,1.090348777e-05,0.0021240431499999998,0.22137552500000002,8.60745658e-05,1.090348777e-05,0.0033489658899999997,0.573180225,8.60745658e-05,1.090348777e-05,0.0032678638999999996,0.5428652300000001,8.60745658e-05,1.090348777e-05,2.502657651901245
155,1661916000,6.73631757e-05,6.73631998e-05,-0.055105412250000006,1.9580657651000002,0.040664892599999995,0.00643091659,0.013310155149999999,0.010295123950000002,1.9920928500000002e-05,0.0001708240017,53.02972020000001,114.1,1.76071406e-05,6.85809492e-06,1.8459420600000003e-06,1.0380681899999999e-06,7.381121619999999e-07,5.949232450000001e-07,4.69947626e-07,4.13794569e-07,8.80244218e-07,2.3432548400000006e-07,3.00095422e-06,70.97496989999999,19.552838650000005,1.7630358500000003e-09,8.940048100000002,0.00168775959,0.13923986900000002,6.56769981e-05,1.027087938e-05,0.0021770139799999998,0.23370831600000003,6.56769981e-05,1.027087938e-05,0.00354595225,0.6453064270000001,6.56769981e-05,1.027087938e-05,0.0034779745800000003,0.615947228,6.56769981e-05,1.027087938e-05,2.5025650024414063
155,1661916600,0.0003486035286,0.0003486036763,0.03148178029,15.836316793999998,0.1306202826,0.00899327809,0.0195581423,0.012859811599999998,0.0003748082241,0.002952774041,67.8968527,148.3,0.00013605486190000003,2.594421893e-05,4.03818316e-06,1.56983519e-06,9.47443854e-07,6.565347620000001e-07,5.10329553e-07,4.3152233e-07,8.95695863e-07,2.413007899999999e-07,3.0119376900000005e-06,62.59069999999999,15.094770729999999,1.1105992229999999e-08,8.69635227,0.00180007929,0.178615448,0.0023966594997999998,0.00032426027684999995,0.00272047515,0.704909946,0.0023966594997999998,0.00032426027684999995,0.00580591655,6.471275674,0.0023966594997999998,0.00032426027684999995,0.00465498051,2.202004324,0.0023966594997999998,0.00032426027684999995,2.502786564826965
155,1661917200,6.47055912e-05,6.47056538e-05,-0.013108805550000002,1.81315277464,0.039570670200000005,0.00623204571,0.0128758017,0.0099237688,2.251465215e-05,0.00020117682880000002,49.089160500000006,115.3,1.62066e-05,6.54320155e-06,1.8005365799999999e-06,1.02915534e-06,8.084251389999999e-07,7.10076653e-07,5.875034299999999e-07,4.3816762099999996e-07,9.81244e-07,2.52508338e-07,2.99542036e-06,71.34393,20.8837852,1.6673738399999997e-09,8.956011700000001,0.00170071059,0.150143757,7.213763520000001e-05,1.148182217e-05,0.00213166573,0.22738246599999998,7.213763520000001e-05,1.148182217e-05,0.0034053789199999995,0.616160378,7.213763520000001e-05,1.148182217e-05,0.0032364969800000006,0.550419961,7.213763520000001e-05,1.148182217e-05,2.50258629322052
155,1661917800,0.0001221970901,0.0001221971657,-0.6506888742949999,22.207386335069994,0.0659392863,0.0064393764,0.01313703555,0.009980160249999998,0.00024271995615999996,0.0025564580007000006,48.4877626,116.7,3.8177756749999996e-05,1.302927167e-05,2.37898118e-06,1.1727268200000003e-06,7.50876363e-07,5.75092246e-07,4.8629992e-07,4.122576850000001e-07,8.689188849999998e-07,2.4923764999999997e-07,2.99712447e-06,69.7392362,20.289885599999998,3.5642246699999994e-09,8.8980992,0.00166472049,0.1441873969,0.0007254596032000001,7.510220730999999e-05,0.00219601237,0.362513693,0.0007254596032000001,7.510220730999999e-05,0.0036378206100000005,1.31424623,0.0007254596032000001,7.510220730999999e-05,0.00337458706,1.384014405,0.0007254596032000001,7.510220730999999e-05,2.502613639831543
155,1661918400,5.8458362e-05,5.8458406900000003e-05,0.01813900632,0.14434065954999997,0.0361019602,0.00606246059,0.0125613471,0.009725798400000001,1.0244097550000001e-05,7.050535279999999e-05,47.024475200000005,99.7,1.42426486e-05,5.80659796e-06,1.8087452699999998e-06,1.01211589e-06,7.11150161e-07,5.62731897e-07,4.6722425500000005e-07,3.9080659999999994e-07,8.52195658e-07,3.59605691e-07,3.0152356700000004e-06,73.0755872,22.426515300000002,1.4802995300000001e-09,8.97616925,0.00167558563,0.136533299,4.44446584e-05,7.50038004e-06,0.0020986500399999995,0.21385643000000001,4.44446584e-05,7.50038004e-06,0.003272714090000001,0.5363848589999999,4.44446584e-05,7.50038004e-06,0.0031524473499999995,0.489730794,4.44446584e-05,7.50038004e-06,2.502408576011658
155,1661919000,6.334465119999999e-05,6.33447114e-05,0.017858612899999998,0.6187619806,0.0401325848,0.006272144740000001,0.0129357662,0.010027295799999999,1.3985628149999998e-05,0.0001086135388,50.7832169,116.6,1.5762597499999997e-05,6.5719347199999994e-06,1.74983847e-06,1.0076642200000001e-06,7.31026028e-07,5.640087950000001e-07,4.75385452e-07,3.8901392e-07,8.65417319e-07,4.79454355e-07,3.07511289e-06,72.6188581,22.225941299999995,1.6321557500000002e-09,8.959936800000001,0.0016583533500000001,0.133078325,5.7065366400000004e-05,8.916387440000002e-06,0.00212205645,0.22242310499999998,5.7065366400000004e-05,8.916387440000002e-06,0.00346653195,0.6093638419999999,5.7065366400000004e-05,8.916387440000002e-06,0.0032643237800000003,0.5374591439999999,5.7065366400000004e-05,8.916387440000002e-06,2.5027122020721437
155,1661919600,6.195413479999999e-05,6.195417799999999e-05,0.052476600186,0.330253258,0.041126066700000005,0.006215653070000001,0.0129457301,0.00995053165,1.304394195e-05,0.0001001426265,49.6486018,108.0,1.5708378000000003e-05,6.06610361e-06,1.7607802999999998e-06,1.03276495e-06,6.85736313e-07,5.27930172e-07,4.7648547999999996e-07,4.00437359e-07,8.526378739999998e-07,4.11153845e-07,3.0537564599999995e-06,72.7553831,21.9997858,1.59360539e-09,8.961589550000001,0.0016355251500000001,0.1293763526,4.80505645e-05,8.249193410000001e-06,0.0021171333299999998,0.21880023299999998,4.80505645e-05,8.249193410000001e-06,0.003494696480000001,0.60510637,4.80505645e-05,8.249193410000001e-06,0.00318418265,0.5152068419999999,4.80505645e-05,8.249193410000001e-06,2.5026245594024656
155,1661920200,0.00013238889199999998,0.0001323890736,0.29630844912000004,12.378434926999999,0.0851501586,0.007435911390000001,0.015353858449999999,0.011379282899999999,0.00013464676340000002,0.0012492399256,61.52098000000001,147.8,4.470726439999999e-05,1.138560035e-05,2.2612612100000004e-06,1.1017603299999999e-06,7.87323909e-07,6.49196934e-07,5.07142363e-07,4.12596767e-07,9.3057439e-07,4.051640560000001e-07,3.0444514999999996e-06,67.04377290000001,17.74344369,3.891582270000001e-09,8.8182984,0.0017180530500000002,0.15089441199999998,0.0006237560148999999,7.483259535e-05,0.00238819116,0.34045965300000003,0.0006237560148999999,7.483259535e-05,0.004448295969999999,1.740890088,0.0006237560148999999,7.483259535e-05,0.0039084001400000005,1.2200739940000003,0.0006237560148999999,7.483259535e-05,2.502525496482849
155,1661920800,5.77773316e-05,5.77773613e-05,0.024288592859999996,0.1482357693,0.0327484613,0.00601977167,0.0124798089,0.0096695627,9.669520549999998e-06,6.163413039999999e-05,46.491258,98.2,1.3667618099999997e-05,6.017714250000001e-06,1.7634612400000001e-06,9.973223270000002e-07,7.051165050000001e-07,5.52796073e-07,4.72571301e-07,3.9178140300000004e-07,8.70905828e-07,3.8647417499999994e-07,3.0625519500000005e-06,73.51241639999999,23.3737547,1.4555607399999999e-09,8.98268995,0.0016556319,0.133094755,3.40954217e-05,6.48137545e-06,0.00210484396,0.21768875,3.40954217e-05,6.48137545e-06,0.00323246446,0.5140510519999999,3.40954217e-05,6.48137545e-06,0.0031170652099999996,0.4859966160000001,3.40954217e-05,6.48137545e-06,2.502686548233032
155,1661921400,5.04673484e-05,5.04673823e-05,0.014498667759999997,0.49712558490000003,0.037479950299999995,0.00561509268,0.011631701650000001,0.00900381505,9.61638696e-06,7.294391550000001e-05,39.22028,88.7,1.108545155e-05,5.1236719699999995e-06,1.64479871e-06,9.026794729999999e-07,6.893147250000001e-07,5.49180636e-07,4.6434044799999997e-07,4.02640652e-07,8.562243830000001e-07,4.2755389799999994e-07,3.08511027e-06,75.21877789999999,26.444044099999996,1.2295708500000002e-09,9.014957900000002,0.00159338208,0.1230239455,3.9528401600000005e-05,5.66236815e-06,0.00198804761,0.19235799599999998,3.9528401600000005e-05,5.66236815e-06,0.00286796177,0.410581969,3.9528401600000005e-05,5.66236815e-06,0.00285317744,0.41276911599999994,3.9528401600000005e-05,5.66236815e-06,2.5025776863098144
155,1661922000,5.1434754499999996e-05,5.14347721e-05,0.02367093749,0.16656110119999995,0.0317703748,0.005688188469999999,0.011810625350000001,0.00916503395,8.824700119999998e-06,5.83487507e-05,40.295454199999995,90.8,1.1165841100000001e-05,5.16970818e-06,1.62530241e-06,9.8888902e-07,7.419239540000001e-07,6.73883525e-07,5.444647570000001e-07,4.19991794e-07,9.108437079999999e-07,4.2290213299999996e-07,3.0515889900000002e-06,74.7987096,25.868376599999998,1.2524003200000001e-09,9.0111377,0.0016614316900000002,0.139132991,3.05737323e-05,5.51858289e-06,0.00198493377,0.19344872500000002,3.05737323e-05,5.51858289e-06,0.00294729829,0.428676458,3.05737323e-05,5.51858289e-06,0.00283891055,0.39853399899999997,3.05737323e-05,5.51858289e-06,2.5026004552841186
155,1661922600,4.90494939e-05,4.904953669999999e-05,0.0054591252000000005,0.21866286029999998,0.0316008008,0.005545744280000001,0.011452405,0.00887663495,8.37340486e-06,6.16055465e-05,37.3898602,85.1,1.0462476899999999e-05,5.06091362e-06,1.6096565899999999e-06,9.532261370000001e-07,6.92938256e-07,5.41334033e-07,4.55331013e-07,3.9320238099999996e-07,8.56415936e-07,4.15591604e-07,3.0768939800000003e-06,75.567689,26.8015666,1.18363245e-09,9.0231365,0.0016106321799999996,0.1261198314,2.9370491000000005e-05,5.081208380000001e-06,0.00197688065,0.189822352,2.9370491000000005e-05,5.081208380000001e-06,0.00282363726,0.392232027,2.9370491000000005e-05,5.081208380000001e-06,0.0028008493299999998,0.393227279,2.9370491000000005e-05,5.081208380000001e-06,2.5025434255599976
155,1661923200,5.73205276e-05,5.73205692e-05,0.026715248569999996,0.4017471877,0.035290081,0.00595689336,0.01237340975,0.009561189749999999,1.145525169e-05,8.55644859e-05,44.83391640000001,104.1,1.3839684400000002e-05,5.75811963e-06,1.7238629499999998e-06,9.79493183e-07,7.189458419999999e-07,5.439381500000001e-07,4.6594653700000005e-07,4.00911079e-07,8.673178519999999e-07,2.938231699999999e-07,3.0667151200000004e-06,73.4990553,23.255140700000002,1.44329935e-09,8.98339795,0.00164922727,0.13182081400000004,5.24421506e-05,7.91956698e-06,0.00205790396,0.210669351,5.24421506e-05,7.91956698e-06,0.0032158527299999996,0.527375428,5.24421506e-05,7.91956698e-06,0.0030477494,0.47293385499999996,5.24421506e-05,7.91956698e-06,2.5025728225708006
155,1661923800,7.52778114e-05,7.52778992e-05,0.045161048399999994,0.4034868449999999,0.0392544222,0.00682413107,0.014313195300000001,0.0109432961,1.7218993099999998e-05,0.00011763729760000002,59.080419400000004,122.4,2.1260780600000003e-05,7.14055887e-06,1.8763805399999999e-06,1.01306216e-06,7.020309800000001e-07,5.59848255e-07,4.538106030000001e-07,4.1147918799999994e-07,8.559128220000001e-07,3.05543705e-07,3.05695111e-06,70.27579,18.2675872,2.0195854299999998e-09,8.908133800000002,0.00165462051,0.1325183805,7.186157570000001e-05,1.1465879750000001e-05,0.0022053911300000005,0.24006543000000002,7.186157570000001e-05,1.1465879750000001e-05,0.00397827389,0.796911289,7.186157570000001e-05,1.1465879750000001e-05,0.0036861707400000004,0.682210205,7.186157570000001e-05,1.1465879750000001e-05,2.5026678800582887
155,1661924400,6.03530169e-05,6.03530824e-05,0.02680265623,0.256644234,0.0344442472,0.006131846469999999,0.012778121,0.009848050550000001,1.16707912e-05,7.93627928e-05,47.69056020000001,110.0,1.49669429e-05,6.20505918e-06,1.75888079e-06,9.8723328e-07,7.093159979999999e-07,5.42640587e-07,4.7033676799999994e-07,3.95437098e-07,8.81198077e-07,2.4914336300000004e-07,3.0093477699999996e-06,72.56596579999999,21.4356076,1.54038148e-09,8.97252015,0.00165371749,0.132866602,4.18559959e-05,7.447698880000001e-06,0.00208307157,0.214133112,4.18559959e-05,7.447698880000001e-06,0.0033427576000000002,0.5540800610000001,4.18559959e-05,7.447698880000001e-06,0.0032760077000000007,0.531906512,4.18559959e-05,7.447698880000001e-06,2.502673316001892
155,1661925000,7.97678027e-05,7.976786989999999e-05,-0.1515627336,22.150563658800003,0.0641466632,0.00590248767,0.0120143683,0.0092756266,7.49679463e-05,0.0006707567050000001,41.739510700000004,100.7,2.293348055e-05,7.79024409e-06,1.86201787e-06,1.0212206089999998e-06,7.460318759999999e-07,5.64076084e-07,4.81770119e-07,3.89531544e-07,8.62851407e-07,2.2714282399999998e-07,3.00512846e-06,71.60415459999999,21.840902550000003,2.1797862799999995e-09,8.943095600000001,0.0016442469299999998,0.135158982,0.0009332845132,9.013228924999999e-05,0.0020167839999999998,0.256317499,0.0009332845132,9.013228924999999e-05,0.00325434993,1.0774762340000001,0.0009332845132,9.013228924999999e-05,0.0029685623900000003,0.524193549,0.0009332845132,9.013228924999999e-05,2.50259747505188
155,1661925600,5.623365069999999e-05,5.6233684900000004e-05,-0.08703403500000001,3.25459815933,0.0395561091,0.0058439192000000004,0.012130908999999999,0.009326765550000001,1.8409600649999996e-05,0.00015658380590000002,42.4248247,104.6,1.3561577799999999e-05,5.68213249e-06,1.6780426799999997e-06,1.008476459e-06,6.934298170000001e-07,5.70875687e-07,4.5465663200000003e-07,3.9358900199999995e-07,8.741891719999999e-07,2.19735441e-07,2.97993338e-06,73.0820554,22.186971899999996,1.41299148e-09,8.98671145,0.00163204759,0.13378243039999999,6.593902920000001e-05,8.94879081e-06,0.00199634397,0.20440857499999998,6.593902920000001e-05,8.94879081e-06,0.0031917705499999996,0.531476342,6.593902920000001e-05,8.94879081e-06,0.0029496408700000003,0.45335420600000004,6.593902920000001e-05,8.94879081e-06,2.502588319778442
155,1661926200,5.4210112199999994e-05,5.421016430000001e-05,0.005178248040000002,0.2355119254,0.0322444656,0.00582049401,0.012052686400000002,0.009340307699999998,1.037824885e-05,6.875149360000002e-05,41.868881200000004,105.9,1.26392117e-05,5.42404455e-06,1.6224171000000001e-06,9.763821959999999e-07,7.32779999e-07,7.36073539e-07,4.91055512e-07,3.96608808e-07,9.05405068e-07,2.15516858e-07,2.96544687e-06,73.37636589999998,22.954319799999997,1.3439389600000001e-09,8.9979473,0.00165302033,0.1392234995,3.7139674e-05,6.530617020000001e-06,0.00198777347,0.19302072900000003,3.7139674e-05,6.530617020000001e-06,0.0031468695499999996,0.492027316,3.7139674e-05,6.530617020000001e-06,0.0029326915099999996,0.432176566,3.7139674e-05,6.530617020000001e-06,2.5026051998138428
155,1661926800,5.80689942e-05,5.806905380000001e-05,0.03480199512,1.0040279837000001,0.0399254978,0.00596090747,0.0123257926,0.0095093069,1.3700245650000002e-05,0.0001034454433,44.421328599999995,112.5,1.42147418e-05,5.99010722e-06,1.7416104000000002e-06,9.59250115e-07,6.72675678e-07,5.45649475e-07,4.57477006e-07,3.9039142499999997e-07,8.48544461e-07,2.1998676600000002e-07,2.99372895e-06,72.83380360000001,21.6168537,1.47271879e-09,8.9781278,0.0016204152,0.12698596339999998,6.32842435e-05,8.98628265e-06,0.00206662234,0.21466130300000003,6.32842435e-05,8.98628265e-06,0.00323302635,0.5322613119999999,6.32842435e-05,8.98628265e-06,0.00312810845,0.49964819,6.32842435e-05,8.98628265e-06,2.502599763870239
155,1661927400,6.22505159e-05,6.22506633e-05,0.1265036236,7.751786846,0.0453038437,0.00608570221,0.0125149915,0.0096490005,2.3808716399999998e-05,0.00021522849420000002,46.46153819999999,106.6,1.5358580100000003e-05,6.47757589e-06,1.8799423799999998e-06,9.989496600000002e-07,7.58910447e-07,6.502383390000001e-07,4.83830946e-07,4.19642066e-07,8.97290087e-07,2.1708707200000004e-07,2.98294769e-06,71.659955,21.056401400000002,1.5948222900000002e-09,8.9623328,0.0016743987499999997,0.139282423,9.60420859e-05,1.263233267e-05,0.00209501442,0.243982301,9.60420859e-05,1.263233267e-05,0.00331505372,0.593161716,9.60420859e-05,1.263233267e-05,0.0031394373600000004,0.508096105,9.60420859e-05,1.263233267e-05,2.502672290802002
155,1661928000,8.474882388888888e-05,8.474886011111111e-05,-0.9199277914777776,27.224349385777778,0.054744371666666666,0.006002363577777777,0.012157005,0.009400620444444445,0.00010187434425555556,0.000994923764111111,42.983683444444445,111.44444444444444,2.390336711111111e-05,9.409705866666666e-06,1.9589943333333336e-06,9.641091266666667e-07,6.944492644444444e-07,5.358506977777779e-07,4.563954299999999e-07,3.912181788888889e-07,8.547516155555557e-07,2.3239697333333332e-07,2.972729711111111e-06,71.21116611111113,21.390416199999997,2.3425893666666666e-09,8.931453555555555,0.0016090967777777777,0.12678875888888888,0.0008598453123333334,8.362862021111111e-05,0.0020642359444444447,0.25724787666666665,0.0008598453123333334,8.362862021111111e-05,0.003320869344444444,1.075131553333333,0.0008598453123333334,8.362862021111111e-05,0.0030932351555555556,0.679459688888889,0.0008598453123333334,8.362862021111111e-05,2.5025762716929116
155,1661928600,5.0984324700000006e-05,5.0984360700000005e-05,0.0124651124,0.12168462219999998,0.0307595819,0.0056636433900000005,0.0117277057,0.009082828900000001,8.71508668e-06,5.9754398100000005e-05,39.743006699999995,94.4,1.17460015e-05,5.03796697e-06,1.60526971e-06,9.63201589e-07,6.916517269999999e-07,5.36664038e-07,4.58161806e-07,3.90402783e-07,8.282001069999999e-07,2.5069371799999996e-07,2.9837451100000003e-06,74.447283,24.0166003,1.24981527e-09,9.012014800000001,0.0016039817200000001,0.125005851,3.5620148199999996e-05,6.210632310000001e-06,0.0019942643400000003,0.19369840899999996,3.5620148199999996e-05,6.210632310000001e-06,0.00297627992,0.44754357100000003,3.5620148199999996e-05,6.210632310000001e-06,0.0028705154100000002,0.40695178,3.5620148199999996e-05,6.210632310000001e-06,2.5025726079940798
155,1661929200,4.8000407900000006e-05,4.8000424200000004e-05,0.0162684057,0.2764737182,0.031992819299999996,0.005476295009999999,0.011314265900000002,0.0087476159,8.987782860000002e-06,6.740443480000001e-05,36.3164331,92.3,1.065850415e-05,4.69398266e-06,1.55552774e-06,9.646579889999998e-07,6.732934300000001e-07,5.357878549999999e-07,4.5122020500000004e-07,3.88412479e-07,8.79025132e-07,2.4808377099999995e-07,2.9515606e-06,75.069711,25.1935273,1.1589839730000002e-09,9.0255014,0.00160145496,0.12412282749999999,3.9385928299999996e-05,6.05220873e-06,0.0019311717,0.18244828,3.9385928299999996e-05,6.05220873e-06,0.0027761237,0.39450593100000003,3.9385928299999996e-05,6.05220873e-06,0.00279461918,0.388120343,3.9385928299999996e-05,6.05220873e-06,2.502627635002136
155,1661929800,5.10378657e-05,5.10379829e-05,-0.0013177709499999884,1.7797282761999997,0.0416791988,0.005575892359999999,0.0114993115,0.0088782653,1.270094436e-05,9.508731530000001e-05,37.255244600000005,88.4,1.08672992e-05,4.79036337e-06,1.6668847499999998e-06,9.37173534e-07,7.94813462e-07,8.663892560000001e-07,6.859173150000001e-07,4.1717646499999997e-07,1.1400355540000001e-06,2.46037783e-07,3.1067901700000006e-06,74.2324534,25.5093168,1.22663164e-09,9.023216999999999,0.00164220035,0.15357258999999998,2.98713267e-05,5.24210305e-06,0.00196923361,0.188165408,2.98713267e-05,5.24210305e-06,0.0028981247999999996,0.408603133,2.98713267e-05,5.24210305e-06,0.0027601018599999996,0.38456178799999996,2.98713267e-05,5.24210305e-06,2.5024868488311767
155,1661930400,6.64508918e-05,6.64509801e-05,2.75850724688,74.6065752255,0.1272768735,0.00551533154,0.01113127345,0.00862804765,8.001761888e-05,0.0008182387267000001,34.3776217,87.6,1.3706425e-05,8.675174089999999e-06,2.57106186e-06,1.317441668e-06,9.101157610000001e-07,6.98663181e-07,5.49556378e-07,4.70251088e-07,9.7101169e-07,2.58590851e-07,3.09569191e-06,71.4156661,23.35272565,1.68832639e-09,8.9724079,0.00165323073,0.157043285,0.0001466022355,1.7943494619999998e-05,0.0020120530400000005,0.4060169019999999,0.0001466022355,1.7943494619999998e-05,0.00270151792,0.48501274499999997,0.0001466022355,1.7943494619999998e-05,0.00282666495,0.54106737,0.0001466022355,1.7943494619999998e-05,2.5026493310928344
155,1661931000,4.872262599999999e-05,4.87226539e-05,-0.05167452520000001,3.16634436936,0.038364527800000006,0.00538073946,0.011169720400000001,0.008591665099999998,1.4578808369999999e-05,0.00011934753229999998,33.8513982,97.2,1.098216832e-05,4.73560107e-06,1.5531327800000001e-06,8.9697217e-07,6.57233505e-07,5.44798025e-07,4.5268323899999994e-07,4.05151477e-07,8.86941387e-07,2.66242704e-07,2.9800958199999997e-06,75.39953700000001,26.012656099999997,1.18181613e-09,9.02920765,0.0015868852,0.1228574224,8.191405600000001e-05,9.51550638e-06,0.0018995966199999998,0.17914736599999997,8.191405600000001e-05,9.51550638e-06,0.0027100304999999997,0.412257864,8.191405600000001e-05,9.51550638e-06,0.0027162770899999997,0.39112947700000006,8.191405600000001e-05,9.51550638e-06,2.5026106595993043
155,1661931600,4.74933919e-05,4.74934547e-05,0.005772854449999999,6.226066874500001,0.04394174729999999,0.00518859524,0.010665875349999998,0.008245506480000001,1.8564020409999998e-05,0.00012739670879999997,29.8741262,84.7,8.341055920000002e-06,4.05625225e-06,1.4825201599999999e-06,9.58308861e-07,8.104062960000001e-07,1.2280751139999999e-06,9.12712834e-07,6.36107243e-07,1.503514573e-06,2.81793597e-07,3.5357945500000004e-06,76.1835135,29.814236899999997,1.0852890110000002e-09,9.05614095,0.0016476611000000002,0.1870388054,3.3709942e-05,5.08724842e-06,0.0018455491100000001,0.166383407,3.3709942e-05,5.08724842e-06,0.00248417705,0.314041607,3.3709942e-05,5.08724842e-06,0.0024508090200000003,0.30798448700000003,3.3709942e-05,5.08724842e-06,2.5026506185531616
155,1661932200,4.0347849900000005e-05,4.0347875100000004e-05,0.006526323170000001,0.0783220517,0.026574343,0.0050506288,0.0104445917,0.0081136752,5.46653363e-06,3.88923481e-05,28.4020978,65.7,7.52756167e-06,3.8125624400000007e-06,1.4397256700000003e-06,8.98764026e-07,6.6620583e-07,5.374783550000001e-07,4.59904776e-07,4.0460873400000003e-07,8.77605457e-07,5.16185139e-07,3.0329624199999996e-06,77.7693408,31.394818299999997,9.165160499999999e-10,9.070663999999999,0.0015861715899999997,0.1224803629,1.90667604e-05,3.5082819099999997e-06,0.0018021108300000001,0.158080287,1.90667604e-05,3.5082819099999997e-06,0.00239866023,0.279639213,1.90667604e-05,3.5082819099999997e-06,0.00242506529,0.290409131,1.90667604e-05,3.5082819099999997e-06,2.5026288986206056
155,1661932800,5.16117842e-05,5.1611880400000005e-05,-0.012049337700000001,0.79972939503,0.032010368000000004,0.0056460430600000005,0.0117446062,0.00903433325,1.1614667009999999e-05,8.711358770000001e-05,38.951049,100.2,1.206570705e-05,4.80517108e-06,1.59618636e-06,9.23471395e-07,6.89011287e-07,5.635043390000001e-07,4.7644608600000005e-07,3.91330393e-07,8.781752479999998e-07,4.23119287e-07,2.9935399499999997e-06,74.51669539999999,24.8362429,1.2668905e-09,9.0105547,0.0016118235499999998,0.1268864816,7.31714368e-05,9.394913680000001e-06,0.0019474578300000002,0.18591794600000003,7.31714368e-05,9.394913680000001e-06,0.00299094657,0.468447557,7.31714368e-05,9.394913680000001e-06,0.00280556158,0.39345603700000004,7.31714368e-05,9.394913680000001e-06,2.50262451171875
155,1661933400,5.41240247e-05,5.4124115900000005e-05,0.02921441265,0.552617534,0.0345768548,0.005782062700000001,0.0120246539,0.009246148899999999,1.171418625e-05,8.641335160000001e-05,41.3181815,105.3,1.289740315e-05,5.33221957e-06,1.6495631199999999e-06,9.41873855e-07,6.850602799999999e-07,5.70155881e-07,4.47129122e-07,3.7603628400000004e-07,8.565317150000001e-07,3.3890339e-07,2.96707764e-06,73.69385060000002,23.2879446,1.34882608e-09,8.995699949999999,0.0016162079599999998,0.12708388899999998,5.68214186e-05,8.067124819999998e-06,0.0020028805500000003,0.197301,5.68214186e-05,8.067124819999998e-06,0.00309739439,0.49088994,5.68214186e-05,8.067124819999998e-06,0.0029459445800000005,0.44263459800000005,5.68214186e-05,8.067124819999998e-06,2.5026127576828
155,1661934000,5.0757947400000006e-05,5.0757985300000005e-05,0.033719961300000004,0.455260935,0.036023668599999996,0.005603080890000001,0.011663944249999999,0.008957918799999999,1.064908525e-05,8.00049012e-05,38.307692700000004,102.6,1.197228895e-05,4.743725060000001e-06,1.57227146e-06,9.203532919999999e-07,6.72010881e-07,5.161518280000001e-07,4.4769094899999996e-07,3.74885439e-07,8.327858529999999e-07,3.7659591899999994e-07,2.94932754e-06,74.8864599,24.6497117,1.24829319e-09,9.0115695,0.00158264995,0.12117227239999999,4.7070582299999995e-05,7.178993290000001e-06,0.00192724863,0.18374336600000002,4.7070582299999995e-05,7.178993290000001e-06,0.00297198095,0.4582779189999999,4.7070582299999995e-05,7.178993290000001e-06,0.00281326431,0.40069279399999996,4.7070582299999995e-05,7.178993290000001e-06,2.5026674032211305
155,1661934600,6.392363069999999e-05,6.392369190000001e-05,0.0500621227,0.9595687970000002,0.039742545399999996,0.00609674397,0.012712479049999998,0.00965564025,1.808847535e-05,0.0001226879184,44.994755999999995,109.6,1.700987855e-05,6.02766933e-06,1.6847343e-06,9.917130829999999e-07,6.93852528e-07,5.425405900000001e-07,4.5641941100000004e-07,3.93993796e-07,8.38826303e-07,3.67046771e-07,2.9549087899999998e-06,72.6994246,22.106842500000003,1.66846288e-09,8.9624972,0.00162509692,0.129268887,8.252767949999999e-05,1.198347925e-05,0.00203685711,0.207889417,8.252767949999999e-05,1.198347925e-05,0.0033554604100000003,0.636819737,8.252767949999999e-05,1.198347925e-05,0.00318519498,0.562244839,8.252767949999999e-05,1.198347925e-05,2.5026403665542603
155,1661935200,5.0237740400000004e-05,5.0237788399999996e-05,0.17332945337,5.433847436,0.05863506309999998,0.00547891837,0.011348163800000002,0.0087143374,1.4684483149999999e-05,0.00013076134979999996,35.6276222,100.9,1.10638603e-05,4.87421629e-06,1.64191968e-06,1.00611129e-06,7.33246357e-07,5.90395921e-07,5.047926739999999e-07,4.05114726e-07,8.95103677e-07,3.7974667400000005e-07,3.02419529e-06,74.561434,25.5273367,1.21658659e-09,9.0195786,0.0016257016700000002,0.13340526460000002,5.171098400000001e-05,7.11747882e-06,0.0019158134999999999,0.19046988599999998,5.171098400000001e-05,7.11747882e-06,0.00279528864,0.4082935770000001,5.171098400000001e-05,7.11747882e-06,0.0027783445600000002,0.401354111,5.171098400000001e-05,7.11747882e-06,2.5025343894958496
155,1661935800,4.7765757099999997e-05,4.7765805099999994e-05,-0.08712895308,5.5429118735,0.0435845824,0.00535359162,0.01104554915,0.00852480995,1.6772153200000003e-05,0.0001577538823,33.45104870000001,92.3,1.037447995e-05,4.76792252e-06,1.58189727e-06,9.264411379999999e-07,6.746993340000001e-07,5.46737778e-07,4.4402803e-07,3.86067802e-07,8.48058511e-07,3.7168568299999997e-07,2.96075759e-06,75.2961495,25.9836505,1.15015532e-09,9.02630875,0.0015927589,0.12722446299999998,7.9293258e-05,9.386821189999999e-06,0.00188345706,0.17967397499999999,7.9293258e-05,9.386821189999999e-06,0.00270820172,0.39389031899999993,7.9293258e-05,9.386821189999999e-06,0.0026621864800000002,0.37477794200000003,7.9293258e-05,9.386821189999999e-06,2.5026192903518676
155,1661936400,5.17911087e-05,5.1791157100000014e-05,0.025055020049999998,0.43658851919999997,0.0342954257,0.0056590474000000005,0.011770523250000001,0.009048323049999998,1.0431201140000001e-05,7.51607993e-05,39.5000001,92.4,1.2214916650000001e-05,4.96422406e-06,1.57629709e-06,9.351206599999999e-07,6.71174076e-07,5.42956165e-07,4.4587609500000004e-07,3.9277751999999995e-07,8.34987518e-07,3.7283655499999994e-07,2.94434976e-06,74.5772332,24.3472081,1.2791878699999998e-09,9.009032899999998,0.00161826433,0.12645950820000001,5.0758330999999996e-05,7.4526673999999984e-06,0.0019289859299999996,0.18279435900000002,5.0758330999999996e-05,7.4526673999999984e-06,0.0030917243499999996,0.48618191599999994,5.0758330999999996e-05,7.4526673999999984e-06,0.00280246084,0.397881126,5.0758330999999996e-05,7.4526673999999984e-06,2.502605652809143
155,1661937000,5.8980657999999994e-05,5.8980775900000006e-05,-0.23324659026,4.5885983369,0.0339911737,0.00598389729,0.0123607244,0.009551537850000002,1.794507159e-05,0.0001530437596,45.0716781,97.8,1.48498345e-05,5.7557942e-06,1.7031778600000002e-06,9.457828550000002e-07,7.02969227e-07,5.400247110000001e-07,4.4067442399999994e-07,3.8578813600000003e-07,8.4220891e-07,3.98836656e-07,2.92520277e-06,72.9498571,22.0820351,1.5042498099999998e-09,8.97335065,0.0016197468900000002,0.1272904421,6.450105020000001e-05,1.013816991e-05,0.00203330766,0.209955879,6.450105020000001e-05,1.013816991e-05,0.0033282554399999996,0.5704134140000001,6.450105020000001e-05,1.013816991e-05,0.0030443847500000003,0.485565509,6.450105020000001e-05,1.013816991e-05,2.5027650356292725
155,1661937600,8.243488350000001e-05,8.24349093e-05,-0.377484606793,12.757151377700001,0.060896132100000014,0.0060527903,0.012216603749999999,0.009404220000000001,7.555337904999999e-05,0.0006227135002,42.8181819,115.6,2.1931000799999997e-05,9.41453274e-06,2.36474404e-06,1.1616909050000002e-06,7.38057489e-07,5.673770890000001e-07,4.5210863400000006e-07,4.0155677400000005e-07,8.621011960000001e-07,3.5851439799999996e-07,2.96537395e-06,71.09297439999999,21.452091099999997,2.2492219e-09,8.9301439,0.0016433891,0.14969856180000002,0.00034217523859999996,3.789727578000001e-05,0.00210437282,0.313487896,0.00034217523859999996,3.789727578000001e-05,0.00324633424,0.818916761,0.00034217523859999996,3.789727578000001e-05,0.0031608980599999994,0.7797810929999999,0.00034217523859999996,3.789727578000001e-05,2.502577781677246
155,1661938200,8.43252574e-05,8.4325318e-05,-0.12350523829999997,26.595219104,0.0846703012,0.00638417092,0.01288207335,0.009876054850000001,9.61260215e-05,0.0009834088432000001,48.5646853,138.3,2.38624745e-05,8.695863319999997e-06,2.15674345e-06,1.1188486e-06,7.19838476e-07,5.79230924e-07,4.63080584e-07,3.99577196e-07,8.531930889999999e-07,3.32577311e-07,2.9800620900000004e-06,69.08823810000001,17.9563696,2.3062732099999998e-09,8.8864413,0.00165837574,0.14505643699999998,0.0003059735833,3.65355333e-05,0.00210341081,0.276778646,0.0003059735833,3.65355333e-05,0.0036676402900000004,0.9707092900000001,0.0003059735833,3.65355333e-05,0.00327477058,0.721731201,0.0003059735833,3.65355333e-05,2.5027040243148804
155,1661938800,4.94632664e-05,4.946333639999999e-05,-0.05356716450000001,5.0802212745,0.0451885937,0.00535240042,0.011015338400000001,0.0085020917,1.906835505e-05,0.00018017204440000002,33.30769239999999,99.1,1.124882113e-05,4.696723150000001e-06,1.61221999e-06,9.398900700000001e-07,6.81814471e-07,5.446699100000001e-07,4.4298132500000006e-07,4.03089661e-07,8.50709326e-07,3.57585062e-07,2.9528816399999996e-06,75.2013534,26.146626699999995,1.20478202e-09,9.0233008,0.00158237192,0.1245334203,0.0001628304722,1.6942848179999998e-05,0.0018795893999999998,0.18036733999999996,0.0001628304722,1.6942848179999998e-05,0.00271368775,0.44801684,0.0001628304722,1.6942848179999998e-05,0.00262662733,0.36805992,0.0001628304722,1.6942848179999998e-05,2.502535653114319
155,1661939400,4.6263310699999997e-05,4.62633232e-05,-0.0647313166,9.968210202169999,0.0516495387,0.00510196044,0.010503051650000001,0.00808491037,2.163000198e-05,0.00021021793990000002,28.8916082,85.4,9.79727503e-06,4.55847154e-06,1.50611254e-06,9.179683239999999e-07,7.04480289e-07,5.914454130000001e-07,4.782137870000001e-07,3.93529766e-07,8.97524078e-07,3.35960672e-07,2.94974218e-06,76.21682009999999,27.9223951,1.102202778e-09,9.043926299999999,0.00160451395,0.12952806290000002,0.0001544047716,1.5587439290000004e-05,0.0018276312799999999,0.17548516799999997,0.0001544047716,1.5587439290000004e-05,0.0024626942999999997,0.37613824300000004,0.0001544047716,1.5587439290000004e-05,0.0024574621,0.351665786,0.0001544047716,1.5587439290000004e-05,2.5026029109954835
155,1661940000,4.0689855699999996e-05,4.06898653e-05,0.29625899167,4.7077373255,0.06009040200000001,0.00501294179,0.0103605026,0.008034701640000001,8.79157894e-06,8.121146980000001e-05,28.1188811,67.1,7.78576028e-06,3.8022543599999996e-06,1.48033348e-06,9.58923041e-07,7.11639938e-07,5.69878353e-07,4.5889057900000004e-07,4.0052225800000003e-07,8.682826029999998e-07,3.25328116e-07,2.98296852e-06,77.38414790000002,29.837551,9.26375961e-10,9.0696077,0.0015999949199999998,0.12904331759999998,2.51336895e-05,3.89720518e-06,0.0017871093000000002,0.16009450799999997,2.51336895e-05,3.89720518e-06,0.0023943485,0.285483674,2.51336895e-05,3.89720518e-06,0.0024330377199999996,0.299081755,2.51336895e-05,3.89720518e-06,2.5025883674621583
155,1661940600,5.44676383e-05,5.4467707699999994e-05,1.285127201118,33.778252849,0.10464811140000001,0.005537248840000001,0.01134903835,0.008754063699999998,1.8947732049999998e-05,0.00016005401909999998,35.9965037,89.1,1.131317525e-05,5.480037040000001e-06,2.0601171499999997e-06,1.300449158e-06,9.22724394e-07,6.76962926e-07,5.387953410000001e-07,4.72933757e-07,9.875937410000001e-07,3.4435341900000005e-07,3.13544197e-06,74.1999262,26.2004425,1.3198194539999997e-09,9.0203864,0.00162908419,0.1601084594,7.791273669999999e-05,9.35191599e-06,0.0019416136800000001,0.207630517,7.791273669999999e-05,9.35191599e-06,0.0028539320200000004,0.43146967500000005,7.791273669999999e-05,9.35191599e-06,0.0027892251099999998,0.43166218799999995,7.791273669999999e-05,9.35191599e-06,2.5026362419128416
155,1661941200,6.33962398e-05,6.339625410000001e-05,1.5790106439499998,55.271514194299996,0.12551416610000002,0.005414815499999999,0.010949303600000002,0.008483666499999999,9.28201528e-05,0.0009776545639,33.386363900000006,98.8,1.4078265000000003e-05,7.525854020000001e-06,2.2065185499999997e-06,1.185339798e-06,7.749907569999999e-07,6.15337601e-07,5.05387867e-07,4.40333571e-07,9.43159913e-07,3.2508473700000003e-07,3.0969882199999998e-06,73.0357435,25.4023249,1.6204589499999999e-09,8.986957100000001,0.0016160923300000002,0.1467324661,0.0001539696685,1.833001913e-05,0.0019256331200000001,0.323573125,0.0001539696685,1.833001913e-05,0.0027266491299999997,0.496159264,0.0001539696685,1.833001913e-05,0.00271277485,0.5343407439999999,0.0001539696685,1.833001913e-05,2.5026105403900147
155,1661941800,4.6036784300000004e-05,4.6036830200000005e-05,1.2812849515,40.6402493906,0.0956053774,0.00510447202,0.01049003615,0.0081146518,1.9349450330000003e-05,0.0001762267449,29.1101403,82.5,8.43172677e-06,4.7385110000000005e-06,1.6923460399999998e-06,1.178356423e-06,8.59110064e-07,6.6668233e-07,5.334175129999999e-07,4.57620877e-07,9.751690980000001e-07,3.30226335e-07,3.15275235e-06,75.8683358,29.002610300000004,1.061586943e-09,9.0557348,0.00160085336,0.14798634,2.60667244e-05,4.15007579e-06,0.0018100666500000002,0.18764011500000002,2.60667244e-05,4.15007579e-06,0.00245057041,0.299615564,2.60667244e-05,4.15007579e-06,0.00251385211,0.36453816499999997,2.60667244e-05,4.15007579e-06,2.5026268005371093
155,1661942400,4.38712044e-05,4.3871289400000004e-05,0.17301594980000004,3.3284208989,0.0466609355,0.00518991777,0.0106915433,0.0082820645,1.157617732e-05,0.0001117862175,30.8513986,82.9,9.02799458e-06,4.237165050000001e-06,1.48952585e-06,9.1341463e-07,6.73919835e-07,5.33811532e-07,4.5723443399999996e-07,3.74674074e-07,8.431906439999999e-07,3.94031079e-07,2.99046446e-06,76.6923041,28.2807051,1.02760193e-09,9.049822699999998,0.00157662308,0.12338830299999999,3.9329502600000005e-05,5.3699424000000005e-06,0.00183999414,0.17162510800000003,3.9329502600000005e-05,5.3699424000000005e-06,0.0025770197899999997,0.337373386,3.9329502600000005e-05,5.3699424000000005e-06,0.0025355904600000002,0.326044016,3.9329502600000005e-05,5.3699424000000005e-06,2.502596044540405
155,1661943000,4.75934949e-05,4.75935244e-05,1.1188894484,28.339630805400002,0.09101383789999999,0.00525522343,0.010757144350000001,0.008336095699999999,2.126151485e-05,0.00020866351980000004,31.7482513,82.9,9.48413105e-06,4.6561886599999995e-06,1.6673760699999997e-06,1.031633367e-06,8.31270577e-07,6.7835559e-07,5.39289619e-07,4.38136631e-07,9.85969872e-07,3.42255612e-07,3.13971269e-06,75.3645424,27.7437348,1.113434433e-09,9.0445911,0.0016232826199999999,0.14838902449999997,7.78524648e-05,9.06091488e-06,0.0018519178,0.18455300000000002,7.78524648e-05,9.06091488e-06,0.0026077674700000003,0.36636111699999996,7.78524648e-05,9.06091488e-06,0.00256263144,0.34899636600000006,7.78524648e-05,9.06091488e-06,2.50257465839386
155,1661943600,7.640361419999999e-05,7.64036646e-05,-0.34711039410999994,22.346747076,0.0742195333,0.00536687002,0.01081272035,0.00834164594,0.00013569210897,0.0014269471841,31.3688807,93.7,2.2820778040000003e-05,6.0591161500000005e-06,1.59012102e-06,9.68051049e-07,7.50677761e-07,7.07319597e-07,5.138891829999999e-07,4.252783170000001e-07,1.018943708e-06,3.58748283e-07,2.98803627e-06,73.7148118,26.18245235,2.084734864e-09,8.982181350000001,0.0016080790600000003,0.135156466,0.0005625972215,7.488394133e-05,0.0018704525,0.23464213100000003,0.0005625972215,7.488394133e-05,0.0027361956200000004,1.047233978,0.0005625972215,7.488394133e-05,0.00256944106,0.46001964199999995,0.0005625972215,7.488394133e-05,2.5026774406433105
155,1661944200,4.69714574e-05,4.69715627e-05,0.30604782005,7.521277823399998,0.0682604322,0.00527951224,0.0109271261,0.00843337572,1.2943631710000002e-05,0.00010059622240000002,31.8898606,82.8,9.929650560000001e-06,4.62681798e-06,1.57360555e-06,9.40827593e-07,7.06817964e-07,5.56754136e-07,4.73266143e-07,3.97045277e-07,8.886742109999999e-07,3.5321326799999997e-07,3.03904314e-06,75.59002600000001,27.263478199999998,1.117286578e-09,9.0395103,0.0015803000000000002,0.12980783299999998,5.445511569999999e-05,7.3082712000000005e-06,0.00185320671,0.181184901,5.445511569999999e-05,7.3082712000000005e-06,0.00263569406,0.375570018,5.445511569999999e-05,7.3082712000000005e-06,0.0025884541000000005,0.35472616700000004,5.445511569999999e-05,7.3082712000000005e-06,2.5025925397872926
155,1661944800,4.9658422e-05,4.9658472700000004e-05,-0.086256123951,5.1501988260000005,0.0609973414,0.00533619053,0.0109882126,0.0084632395,1.94357728e-05,0.00017267396209999996,32.3741257,83.7,1.08080675e-05,4.80767457e-06,1.5368855400000001e-06,9.83445211e-07,7.24779339e-07,5.80039736e-07,5.090688429999999e-07,4.16284225e-07,9.184201500000002e-07,3.45874216e-07,3.19735461e-06,75.8140047,27.1068687,1.186532969e-09,9.0397561,0.0015980451,0.13219248790000002,6.13953429e-05,7.81011821e-06,0.0018979932399999996,0.18849786,6.13953429e-05,7.81011821e-06,0.00269914826,0.399808212,6.13953429e-05,7.81011821e-06,0.00262925512,0.389882705,6.13953429e-05,7.81011821e-06,2.5025647401809694
155,1661945400,0.0001113734707,0.0001113735561,0.31891212129999996,30.4170094538,0.0904656699,0.00605518821,0.012171672500000001,0.00943066615,0.00016193999580000002,0.0015899736302999999,43.9632864,109.5,3.155439039999999e-05,1.389490366e-05,2.72343479e-06,1.156653104e-06,7.271348069999999e-07,5.65905809e-07,4.43877831e-07,3.92252607e-07,8.49124514e-07,3.8822185900000004e-07,2.9870827699999997e-06,70.4441046,22.06718953,3.1985078400000003e-09,8.9051873,0.0016579712900000002,0.14998265700000002,0.0016026826632,0.00015416402742,0.0021096751000000006,0.34487256499999996,0.0016026826632,0.00015416402742,0.00322325349,1.583405306,0.0016026826632,0.00015416402742,0.00315477668,0.8041474479999999,0.0016026826632,0.00015416402742,2.5025874614715575
155,1661946000,8.764162610000001e-05,8.764167470000001e-05,-0.03143469729,0.9284562486000002,0.04624224540000001,0.00700363586,0.0144418131,0.0110761088,2.4667529099999998e-05,0.0001762310323,58.6993012,132.0,2.43336521e-05,9.29164078e-06,2.4607322500000003e-06,1.198915008e-06,7.79898578e-07,5.912320279999999e-07,4.88577086e-07,3.98829351e-07,8.547462930000001e-07,4.01182613e-07,3.02113756e-06,69.45791349999999,19.508346999999997,2.41135625e-09,8.89051935,0.0017561438299999999,0.15410398,9.515903200000001e-05,1.541716634e-05,0.00236894673,0.309959586,9.515903200000001e-05,1.541716634e-05,0.00401732371,0.9301763059999999,9.515903200000001e-05,1.541716634e-05,0.0037546137699999995,0.806049715,9.515903200000001e-05,1.541716634e-05,2.5026389360427856
155,1661946600,0.00010860639440000001,0.0001086064351,0.3828967356,9.506251048500001,0.0751979129,0.007350165089999999,0.015434742300000002,0.0113965552,7.659225712000002e-05,0.0006874611961999999,61.6013981,138.1,3.23924998e-05,1.124687587e-05,2.71018287e-06,1.3400352399999998e-06,8.423933149999999e-07,6.10866545e-07,4.85925546e-07,4.07085266e-07,8.771512439999999e-07,3.57640762e-07,3.0282683699999997e-06,66.84334820000001,17.4970881,3.08280023e-09,8.83197195,0.00178337968,0.161380735,0.00027003728450000005,3.544051598e-05,0.0025171748000000003,0.357268023,0.00027003728450000005,3.544051598e-05,0.00420894132,1.1956523559999999,0.00027003728450000005,3.544051598e-05,0.00402021434,1.083157215,0.00027003728450000005,3.544051598e-05,2.5026710510253904
155,1661947200,5.0497066200000005e-05,5.04971006e-05,0.01958705904,0.1913990451,0.033103481000000004,0.00564262777,0.01160772035,0.0090369562,8.44387215e-06,6.364301169999999e-05,39.21678300000001,92.9,1.136422815e-05,4.99340153e-06,1.6130520999999997e-06,9.19521475e-07,6.804831840000001e-07,5.60411637e-07,4.5598425400000006e-07,3.82838178e-07,8.388153370000001e-07,3.9625356900000005e-07,3.0424371700000002e-06,75.3229499,26.0097467,1.23455564e-09,9.010603099999999,0.0016035729000000002,0.12466100420000001,3.56198515e-05,5.6051303399999994e-06,0.0019730253399999997,0.188774692,3.56198515e-05,5.6051303399999994e-06,0.0029434040400000004,0.42625479099999997,3.56198515e-05,5.6051303399999994e-06,0.00286928732,0.406575564,3.56198515e-05,5.6051303399999994e-06,2.5025858163833616
155,1661947800,7.310774959999998e-05,7.310800739999998e-05,-0.427373811,16.8790496871,0.05563046850000001,0.005879868389999999,0.0119355344,0.00913206385,8.812248399e-05,0.0008930455250999999,40.5629368,108.6,2.07523014e-05,6.82378655e-06,1.7258813799999997e-06,9.179100480000002e-07,6.6672592e-07,5.340257859999999e-07,4.4621043200000005e-07,4.04150714e-07,8.506309549999999e-07,3.7602166e-07,3.05297887e-06,72.61554650000001,23.320349,1.9662521400000003e-09,8.9485304,0.00159874004,0.1249184234,0.00038288925160000003,4.502261352999999e-05,0.0020090362600000003,0.24309894,0.00038288925160000003,4.502261352999999e-05,0.0031503656,0.918421835,0.00038288925160000003,4.502261352999999e-05,0.0029317933,0.492387908,0.00038288925160000003,4.502261352999999e-05,2.502584528923035
155,1661948400,0.0001335562868,0.0001335563454,-0.44828697260600014,13.66451032116,0.06518066630000001,0.0067239905400000004,0.0139563672,0.010051991049999999,0.00017290079039,0.0016821753036999998,47.250000500000006,130.4,4.76384341e-05,9.49721168e-06,2.06853937e-06,1.0515831729999999e-06,7.57430534e-07,5.52887684e-07,4.64807078e-07,3.9288673400000003e-07,8.460374280000001e-07,3.9994537699999994e-07,3.10772983e-06,69.9035295,21.54779307,3.97137932e-09,8.8620757,0.0016509114999999999,0.139462229,0.0011107911215,0.00011280423051,0.00212685767,0.283132292,0.0011107911215,0.00011280423051,0.00387137138,1.8901770510000002,0.0011107911215,0.00011280423051,0.0034745228,1.204175493,0.0011107911215,0.00011280423051,2.50265793800354
155,1661949000,4.7414499699999997e-05,4.7414532999999995e-05,0.2610224052,3.3592763375000003,0.047534054199999995,0.00540837763,0.011132281600000002,0.0086259866,8.48511191e-06,6.689146939999998e-05,34.709790500000004,80.2,9.4917753e-06,4.83483056e-06,1.64791036e-06,1.0026166889999998e-06,7.48890472e-07,6.095859240000001e-07,4.7946056e-07,4.24794893e-07,8.87451205e-07,3.56176764e-07,3.22029306e-06,76.1268452,28.7222844,1.12241131e-09,9.0359079,0.00163147877,0.1377171249,2.95408831e-05,4.644010109999999e-06,0.0019351169799999997,0.18750520399999998,2.95408831e-05,4.644010109999999e-06,0.00267630375,0.351962138,2.95408831e-05,4.644010109999999e-06,0.00272884953,0.36970728799999997,2.95408831e-05,4.644010109999999e-06,2.5025460004806517
155,1661949600,5.200933650000001e-05,5.2009366199999994e-05,-0.060742176110000004,0.8992175029,0.0332205655,0.00554851909,0.01143553415,0.00884183355,1.330509994e-05,9.46552131e-05,36.8426573,88.7,1.19196722e-05,5.09360654e-06,1.6778109499999998e-06,9.415224389999998e-07,6.87605188e-07,5.367146059999999e-07,4.5049742499999994e-07,4.00103781e-07,8.376533180000001e-07,3.49610325e-07,3.1068712000000004e-06,75.7536992,27.8849162,1.28769697e-09,9.0164178,0.00160749426,0.12703724619999998,5.2536505299999996e-05,7.74310048e-06,0.0019271599099999997,0.187565077,5.2536505299999996e-05,7.74310048e-06,0.0028481603,0.458508739,5.2536505299999996e-05,7.74310048e-06,0.0027615531499999998,0.41666582399999996,5.2536505299999996e-05,7.74310048e-06,2.5025802850723267
155,1661950200,0.0001109068383,0.00011090685059999999,0.3653894837399999,20.895183049,0.0868308842,0.00596280148,0.01197583275,0.009211434300000002,0.00019734867985,0.0019535211270999995,41.6660835,106.3,3.69073295e-05,9.07702829e-06,1.95078086e-06,1.0968769159999997e-06,6.90021801e-07,5.259635799999999e-07,4.7347424499999996e-07,3.82478864e-07,8.540438170000001e-07,3.65577415e-07,3.1278861400000003e-06,71.7105837,23.313791100000003,3.220559589999999e-09,8.9141409,0.00163610104,0.1364582516,0.0017364754699,0.00016825210176000003,0.00206071265,0.34176467299999996,0.0017364754699,0.00016825210176000003,0.00322672876,1.7369822869999996,0.0017364754699,0.00016825210176000003,0.00302330515,0.655664261,0.0017364754699,0.00016825210176000003,2.5026010513305663
155,1661950800,0.00015220969350000004,0.00015220972990000002,-0.15787010810000002,30.698829060630004,0.1067364801,0.006142644000000001,0.012254557400000001,0.00947445985,0.00029709696417999995,0.0030162906948,44.3723776,101.2,4.778430240000001e-05,1.7801943810000003e-05,2.59820573e-06,1.2747350250000002e-06,7.748972840000001e-07,6.095368960000001e-07,4.899525670000001e-07,3.9521281500000005e-07,8.614408309999998e-07,4.0129032700000004e-07,3.1129260200000002e-06,70.4537053,22.909182,4.5459224600000006e-09,8.889258799999999,0.0016419324800000003,0.168927029,0.0025041741343000004,0.00023827005954999998,0.00210649721,0.6115168429999999,0.0025041741343000004,0.00023827005954999998,0.0033437261799999993,2.0295845639999994,0.0025041741343000004,0.00023827005954999998,0.00320929499,1.2405612000000001,0.0025041741343000004,0.00023827005954999998,2.5026682376861573
155,1661951400,6.455718389999999e-05,6.45572811e-05,0.0185578257,0.4058097839,0.0373428401,0.006334676609999999,0.013151483799999999,0.010143856100000001,1.41119133e-05,0.00010970998719999999,51.42657369999999,112.8,1.6583589950000002e-05,6.40504204e-06,1.80362827e-06,1.002443175e-06,7.129533470000001e-07,5.598579500000001e-07,4.5719833600000004e-07,3.76890636e-07,8.436534220000001e-07,3.8880468799999995e-07,3.1429022899999996e-06,72.503387,21.937727399999996,1.6738548099999999e-09,8.95371135,0.00165471318,0.133499543,6.21292961e-05,9.37761943e-06,0.00210030333,0.21779767999999997,6.21292961e-05,9.37761943e-06,0.0035582033000000008,0.640601886,6.21292961e-05,9.37761943e-06,0.0032923630599999997,0.548277516,6.21292961e-05,9.37761943e-06,2.502563452720642
155,1661952000,6.44180151e-05,6.441814960000001e-05,0.010826120030000002,0.23864950299999999,0.03646833000000001,0.006326081289999999,0.01308483205,0.010093783,1.310045525e-05,9.783535080000001e-05,51.3618881,108.4,1.6263779549999998e-05,6.6256304699999995e-06,1.82989217e-06,1.019372379e-06,7.03810337e-07,5.47146372e-07,4.498809030000001e-07,3.98831618e-07,8.54620384e-07,3.80553787e-07,3.13128323e-06,72.3958002,22.136192599999998,1.6663597299999999e-09,8.95293715,0.0016480983099999998,0.13236158400000003,5.14258977e-05,8.72131488e-06,0.0021516198900000004,0.227969718,5.14258977e-05,8.72131488e-06,0.0035059146099999995,0.620040324,5.14258977e-05,8.72131488e-06,0.0033097844299999997,0.55686611,5.14258977e-05,8.72131488e-06,2.5026127815246584
155,1661952600,0.0002555415254,0.0002555440183,0.06270299995600001,1.4134523799999998,0.08330628209999999,0.00864981902,0.02022385015,0.013920814600000001,0.0001317729107,0.0008530988476000001,65.9632858,140.5,8.53525904e-05,2.638737655e-05,5.8381742199999995e-06,2.0771914699999995e-06,1.2210540310000003e-06,8.66334618e-07,6.39285296e-07,5.20169271e-07,1.013307962e-06,4.40151333e-07,3.4156626e-06,67.32380429999999,19.102019140000003,7.88582809e-09,8.821033920000001,0.0019464300100000003,0.27440891599999995,0.0004270327493000001,7.63887022e-05,0.0028659936600000002,0.834119733,0.0004270327493000001,7.63887022e-05,0.00500507886,2.9095378530000002,0.0004270327493000001,7.63887022e-05,0.00478376529,2.5694715500000003,0.0004270327493000001,7.63887022e-05,2.502517008781433
155,1661953200,8.01213065e-05,8.01214382e-05,-0.01088342397,3.6831647636,0.0746207085,0.00688650708,0.01425859455,0.01093257955,2.6914976300000005e-05,0.00022038439160000002,59.277971300000004,125.6,2.1292218999999998e-05,8.31356786e-06,2.10706781e-06,1.10315566e-06,7.93918829e-07,6.307440389999999e-07,5.124916930000001e-07,4.3907135999999993e-07,1.001977334e-06,4.60426616e-07,3.4018233300000003e-06,70.37897960000001,19.996358100000002,2.1339371900000003e-09,8.914214249999999,0.0017062745399999998,0.150358224,0.0001543470757,1.78540245e-05,0.0022879025,0.272392447,0.0001543470757,1.78540245e-05,0.003987930410000001,0.848077105,0.0001543470757,1.78540245e-05,0.0036199073199999995,0.6749537059999999,0.0001543470757,1.78540245e-05,2.502636766433716
155,1661953800,6.654161290000001e-05,6.65416859e-05,0.023580983599999997,0.7774950683,0.0420953901,0.0063852588799999995,0.013172183600000002,0.0101852872,1.473012885e-05,0.00010335449960000002,51.2412593,118.3,1.72066826e-05,6.560244219999999e-06,1.8854450199999996e-06,1.04573075e-06,7.24047573e-07,5.60662899e-07,4.4661282899999994e-07,3.91328577e-07,8.581761889999999e-07,4.0915065099999996e-07,3.1784237699999995e-06,72.342747,21.753422699999998,1.73071177e-09,8.947243,0.0016690849300000001,0.135040347,5.8515583399999986e-05,9.548116500000001e-06,0.0021483138899999997,0.230517413,5.8515583399999986e-05,9.548116500000001e-06,0.0035479801999999997,0.643466277,5.8515583399999986e-05,9.548116500000001e-06,0.0033418376400000003,0.569678865,5.8515583399999986e-05,9.548116500000001e-06,2.5026204347610475
155,1661954400,8.38537539e-05,8.385382310000001e-05,0.0676063868,10.991837190000002,0.06280801350000001,0.006721249309999999,0.0138174776,0.010563681,5.90297955e-05,0.0005682053330000001,56.06643319999999,126.6,2.48616775e-05,7.5649880700000005e-06,1.96594446e-06,1.0344233900000001e-06,7.33047043e-07,5.49017074e-07,4.6798748800000004e-07,3.9313783e-07,8.512924080000002e-07,4.0233073e-07,3.0984465499999995e-06,69.7126547,18.4373692,2.2950846700000002e-09,8.8853312,0.00167688309,0.138098137,0.00028764773100000004,3.2659346800000006e-05,0.00219173017,0.243835823,0.00028764773100000004,3.2659346800000006e-05,0.00380152925,0.8957076669999999,0.00028764773100000004,3.2659346800000006e-05,0.00366285836,0.817314416,0.00028764773100000004,3.2659346800000006e-05,2.5025516986846923
155,1661955000,6.681034200000001e-05,6.68104624e-05,0.026085865463999998,0.21443806559999995,0.0364010819,0.00647629879,0.013393921149999998,0.010353236399999998,1.2919961450000002e-05,8.836607999999999e-05,53.94230799999999,118.4,1.72194596e-05,6.839900320000001e-06,1.84669638e-06,1.03543191e-06,7.09280536e-07,5.61710116e-07,4.5448704400000007e-07,3.9442060099999996e-07,8.529598040000001e-07,4.09135343e-07,3.0808827500000008e-06,71.8399533,20.945139899999997,1.7455667e-09,8.943056349999999,0.00167619767,0.13618330850000002,5.12203008e-05,8.96310329e-06,0.00218557269,0.23631472000000003,5.12203008e-05,8.96310329e-06,0.0037000582699999998,0.676952416,5.12203008e-05,8.96310329e-06,0.0033246529900000004,0.555257704,5.12203008e-05,8.96310329e-06,2.502689170837402
155,1661955600,7.086795069999999e-05,7.086804310000001e-05,0.20067608185000005,6.517770668370001,0.050318813000000004,0.00638891512,0.01310392525,0.01012347755,4.17524061e-05,0.00040706564500000004,51.550700199999994,119.3,1.96295235e-05,6.612058370000001e-06,1.8333866500000002e-06,1.006000305e-06,7.059385999999999e-07,5.573377999999999e-07,4.58759232e-07,3.88088204e-07,8.617187120000001e-07,3.32469898e-07,3.04519999e-06,71.346439,20.424896,1.8827360800000004e-09,8.9307919,0.0016387349700000002,0.1311203245,0.0001902520176,2.4182477090000003e-05,0.00216774519,0.23659922399999997,0.0001902520176,2.4182477090000003e-05,0.00364884697,0.806311727,0.0001902520176,2.4182477090000003e-05,0.0033133358,0.5547569489999999,0.0001902520176,2.4182477090000003e-05,2.502501893043518
155,1661956200,5.61202809e-05,5.61203439e-05,0.006742970586000001,0.06991867939,0.0321660214,0.005960984359999999,0.0123059897,0.009548211150000001,9.47439404e-06,7.12355579e-05,45.2062943,101.2,1.320927375e-05,5.7357841e-06,1.6913148599999997e-06,9.82376662e-07,7.05292709e-07,5.52194018e-07,4.55689159e-07,3.9147800700000003e-07,8.610486329999999e-07,3.8484674e-07,3.0894640200000006e-06,73.9179872,23.8828414,1.4034007500000002e-09,8.9894827,0.0016403893099999998,0.13046139900000003,4.2498919100000004e-05,6.9104291700000005e-06,0.00207641625,0.209379893,4.2498919100000004e-05,6.9104291700000005e-06,0.0031927177,0.506932748,4.2498919100000004e-05,6.9104291700000005e-06,0.0030523253,0.45495310299999997,4.2498919100000004e-05,6.9104291700000005e-06,2.5026299238204954
155,1661956800,5.876446199999999e-05,5.876449300000001e-05,-0.0065025935300000014,0.2503571064,0.0352745025,0.00604439644,0.0124365832,0.0096333366,1.0874718499999998e-05,7.08945961e-05,46.2867137,103.9,1.442688175e-05,5.7356100000000005e-06,1.7806147299999998e-06,1.0105896740000001e-06,7.16115701e-07,5.4930077e-07,4.660190179999999e-07,3.9759160300000005e-07,8.477956270000001e-07,3.5213437e-07,3.0953411299999997e-06,73.5253203,23.412144199999997,1.4917795599999999e-09,8.975551050000002,0.0016506374799999998,0.13253974100000002,4.332723390000001e-05,7.660652670000002e-06,0.00209286397,0.21657104000000005,4.332723390000001e-05,7.660652670000002e-06,0.0033436836900000004,0.565856205,4.332723390000001e-05,7.660652670000002e-06,0.0030576078400000005,0.46548888600000005,4.332723390000001e-05,7.660652670000002e-06,2.502603554725647
155,1661957400,6.0686994200000004e-05,6.068702010000001e-05,-0.1552035245,5.7997878943000005,0.048738636300000006,0.00604170752,0.0124473576,0.0096341803,1.9237911059999997e-05,0.00016896945400000002,45.8548952,106.6,1.4618429e-05,6.24831007e-06,1.9424192899999997e-06,1.063088503e-06,7.19510424e-07,5.63692768e-07,4.77798804e-07,3.98182964e-07,8.51567666e-07,3.61464731e-07,3.0931532200000004e-06,72.8849151,22.911771800000004,1.5483149800000003e-09,8.9659686,0.0016485131,0.13538836,6.80219489e-05,9.008650509999998e-06,0.0020996363399999997,0.22337688300000003,6.80219489e-05,9.008650509999998e-06,0.00325401731,0.533983256,6.80219489e-05,9.008650509999998e-06,0.00315783028,0.539949776,6.80219489e-05,9.008650509999998e-06,2.502622890472412
155,1661958000,6.11134487e-05,6.11134714e-05,0.0092562155,0.35665307783,0.0364461243,0.00618752049,0.01280707565,0.0099307221,1.1864927670000001e-05,9.152361089999999e-05,49.1223777,102.9,1.50317417e-05,6.31510792e-06,1.8066911499999999e-06,1.0075218699999998e-06,7.203449410000001e-07,5.41747679e-07,4.49894992e-07,3.95220645e-07,8.369189630000001e-07,3.75034971e-07,3.07499744e-06,72.9522979,22.391431500000003,1.56798149e-09,8.9647802,0.00164985517,0.132159374,4.3388612500000004e-05,7.335014089999999e-06,0.00214615327,0.224855547,4.3388612500000004e-05,7.335014089999999e-06,0.0034290290200000005,0.576404855,4.3388612500000004e-05,7.335014089999999e-06,0.0032249338400000003,0.516978685,4.3388612500000004e-05,7.335014089999999e-06,2.5025510787963867
155,1661958600,0.0001339842469,0.00013398426850000003,-0.0985817139,31.196448839999995,0.1048346873,0.006188623339999999,0.012366662300000001,0.009578432349999999,0.00034539933210000004,0.0036548397983000003,45.010489799999995,111.2,4.48587295e-05,1.247644105e-05,2.1368405500000004e-06,1.03861172e-06,7.302740709999999e-07,5.827203280000001e-07,4.6622773400000005e-07,3.8612631799999996e-07,8.459894450000001e-07,4.1763793399999994e-07,3.0482527e-06,70.1744176,21.635085229999998,3.9756988e-09,8.8800279,0.0016436408499999999,0.142433292,0.0013279000345999999,0.00013456258533,0.00208465735,0.35484471400000006,0.0013279000345999999,0.00013456258533,0.0034111125900000002,1.6576176829999998,0.0013279000345999999,0.00013456258533,0.00323810291,1.3715781150000004,0.0013279000345999999,0.00013456258533,2.5026282548904417
155,1661959200,7.44800545e-05,7.44800814e-05,0.10846326779200002,8.139858476900002,0.051694110800000005,0.0060840143,0.012370980049999999,0.009469179,5.027304234e-05,0.0004075506459,43.72727220000001,114.0,2.1275489850000002e-05,6.605471209999998e-06,1.95784185e-06,1.04005125e-06,7.12142178e-07,5.56731974e-07,4.5116000799999995e-07,4.0354121099999997e-07,8.518276859999999e-07,3.36613382e-07,3.04536193e-06,71.93195349999999,22.29312895,2.0050940199999995e-09,8.94042525,0.0016372766399999998,0.13171285800000002,0.0002697385258,3.199391045e-05,0.00209492795,0.234702446,0.0002697385258,3.199391045e-05,0.00328999009,0.8361988140000001,0.0002697385258,3.199391045e-05,0.0031325303800000003,0.629922347,0.0002697385258,3.199391045e-05,2.5026030778884887
155,1661959800,7.34058144e-05,7.34058566e-05,0.170119176666,11.1767938211,0.07007313439999999,0.00596524379,0.0120433021,0.009289142850000001,5.64090887e-05,0.000506604124,42.4178313,105.9,2.0438353350000003e-05,6.915437650000001e-06,1.7402733200000003e-06,1.0310520199999998e-06,7.2697232e-07,6.13775129e-07,4.95656488e-07,4.15169505e-07,8.99367965e-07,3.7248225900000005e-07,3.05168004e-06,72.0594844,22.8175751,1.96337006e-09,8.94845685,0.0016630298800000003,0.138072961,0.00021164155760000002,2.7033692949999997e-05,0.00208398237,0.23902070600000003,0.00021164155760000002,2.7033692949999997e-05,0.00312624976,0.6992405500000001,0.00021164155760000002,2.7033692949999997e-05,0.00311070084,0.719876888,0.00021164155760000002,2.7033692949999997e-05,2.502557110786438
155,1661960400,6.024777779999999e-05,6.02478314e-05,0.0012825534199999993,0.062191279200000005,0.032981830200000006,0.00617402778,0.012747914100000002,0.00988859065,1.004003692e-05,6.583661810000001e-05,48.846153799999996,105.4,1.50324973e-05,5.97200357e-06,1.73983171e-06,1.012588833e-06,6.98377617e-07,5.458704850000001e-07,4.5009939599999997e-07,3.89979408e-07,8.60105945e-07,3.5678023e-07,3.06214681e-06,73.1270699,22.358675799999997,1.53809682e-09,8.9693427,0.0016399829200000001,0.13131401199999998,4.404601e-05,7.30817065e-06,0.00211132349,0.21587797800000003,4.404601e-05,7.30817065e-06,0.0034221824200000002,0.570452138,4.404601e-05,7.30817065e-06,0.0032020575100000005,0.506873717,4.404601e-05,7.30817065e-06,2.5026628494262697
155,1661961000,5.7538511799999994e-05,5.75385724e-05,0.0089577357,0.23092939393999998,0.03266108349999999,0.00599543608,0.012417718800000001,0.00959270025,1.0849655299999999e-05,7.140218459999999e-05,45.232517900000005,96.5,1.4002950699999999e-05,5.67702855e-06,1.7613157200000002e-06,1.012857353e-06,7.022224440000001e-07,5.40274528e-07,4.71031561e-07,3.79071692e-07,8.37074089e-07,3.3889279199999995e-07,3.0435514599999996e-06,73.31418959999999,23.1345737,1.4534131300000001e-09,8.979769200000002,0.0016405914599999997,0.131244441,5.3904811200000006e-05,7.85402366e-06,0.00209207647,0.215653191,5.3904811200000006e-05,7.85402366e-06,0.0032733240600000004,0.541461352,5.3904811200000006e-05,7.85402366e-06,0.00306236838,0.461601888,5.3904811200000006e-05,7.85402366e-06,2.5026123762130736
155,1661961600,6.10318956e-05,6.1031910200000005e-05,0.024975240099999997,0.19033220490000002,0.0348990676,0.0061955497200000004,0.0128468359,0.0099471733,1.1107843e-05,7.471972809999998e-05,48.70804210000001,103.4,1.490216345e-05,6.356744200000001e-06,1.8742323699999999e-06,1.0047183e-06,7.185014290000001e-07,5.46309445e-07,4.44689124e-07,3.7633574200000006e-07,8.669517899999999e-07,3.63982858e-07,3.0602539399999995e-06,72.8536154,22.089696699999998,1.56055695e-09,8.963815399999998,0.00164241353,0.13287802,4.08629295e-05,7.166094809999999e-06,0.00213153296,0.22285745300000004,4.08629295e-05,7.166094809999999e-06,0.00337423336,0.55592125,4.08629295e-05,7.166094809999999e-06,0.0032761929500000004,0.534369686,4.08629295e-05,7.166094809999999e-06,2.502631735801697
155,1661962200,6.85478856e-05,6.854792980000001e-05,-0.08454547093,0.99877858752,0.0367580021,0.00645111399,0.0133191468,0.0102734414,1.86877424e-05,0.0001402940587,52.503496,124.2,1.7411369400000002e-05,7.077211349999999e-06,2.02657686e-06,1.08600797e-06,7.40871191e-07,5.73899607e-07,4.775266949999999e-07,4.0589921e-07,8.915648179999999e-07,4.13377483e-07,3.16472114e-06,71.82101850000001,20.9330065,1.78409215e-09,8.94591155,0.0016866858599999999,0.13936916400000002,8.712842419999999e-05,1.178424254e-05,0.0022415917600000002,0.25295628299999995,8.712842419999999e-05,1.178424254e-05,0.00357173934,0.67117457,8.712842419999999e-05,1.178424254e-05,0.00336107026,0.5856732379999999,8.712842419999999e-05,1.178424254e-05,2.5025797843933106
155,1661962800,7.35013287e-05,7.350136879999999e-05,0.08762056609999999,4.07891784078,0.05588230329999999,0.00660265225,0.01364015655,0.01052401835,3.0968360300000005e-05,0.0002984480165,55.2762235,120.1,1.8478067599999998e-05,8.32543846e-06,2.20574625e-06,1.14982576e-06,7.50243556e-07,5.87168624e-07,4.6990767e-07,4.0036066499999994e-07,8.74126374e-07,4.4914704000000003e-07,3.0594408699999997e-06,70.39540749999999,19.8956465,1.9463598299999997e-09,8.9167251,0.0017047695000000002,0.149972127,7.23316273e-05,1.106235583e-05,0.0022686875299999998,0.279597052,7.23316273e-05,1.106235583e-05,0.0036056837100000004,0.677935306,7.23316273e-05,1.106235583e-05,0.0036090757500000003,0.687191441,7.23316273e-05,1.106235583e-05,2.50265371799469
155,1661963400,7.768167300000001e-05,7.768185220000001e-05,0.0025189910600000006,0.242012614,0.0374835572,0.00696180831,0.014393117899999999,0.0111446265,1.64905071e-05,0.0001109065644,62.136363599999996,129.5,2.0999636050000002e-05,8.08161706e-06,2.1733611699999998e-06,1.12353354e-06,7.446024249999999e-07,5.41476516e-07,4.5500036399999993e-07,4.0193984500000003e-07,8.580265060000001e-07,4.45822695e-07,3.0138232e-06,69.5711127,18.500126299999998,2.08455622e-09,8.899503450000001,0.00169753755,0.13966147,5.6182705e-05,9.931341320000001e-06,0.00234556092,0.272435985,5.6182705e-05,9.931341320000001e-06,0.00396854637,0.777293322,5.6182705e-05,9.931341320000001e-06,0.0037917186300000004,0.725256353,5.6182705e-05,9.931341320000001e-06,2.5025589227676392
155,1661964000,0.00012259958399999998,0.00012259964759999998,0.002253378419999994,7.840985645729998,0.0682624357,0.007177063620000002,0.0144074913,0.0110224729,0.00012506145495000002,0.001212857886,60.6066436,137.2,3.86052213e-05,1.2846545229999999e-05,2.309416e-06,1.1317721230000001e-06,7.76945207e-07,5.7625176e-07,4.63848464e-07,4.03346021e-07,8.563860719999999e-07,3.24281371e-07,3.00517252e-06,67.32745129999999,17.25118223,3.5666174e-09,8.8345569,0.0017090120299999997,0.14578633400000002,0.0005476078058999999,7.272970171999999e-05,0.00240752422,0.322406394,0.0005476078058999999,7.272970171999999e-05,0.004189513420000001,1.68296512,0.0005476078058999999,7.272970171999999e-05,0.0038904753899999998,1.0544584999999997,0.0005476078058999999,7.272970171999999e-05,2.5026033878326417
155,1661964600,0.00016624193299999998,0.00016624199919999997,0.402313715,45.876816210399994,0.1592172489,0.007671934199999999,0.015440303549999998,0.011475497099999999,0.00017994959745,0.0014901938884999998,63.66258740000001,153.3,5.457524319999999e-05,1.652165226e-05,3.31082705e-06,1.68217317e-06,9.71049308e-07,6.93332124e-07,5.59559819e-07,4.31004083e-07,9.13942095e-07,3.39297034e-07,3.1225671299999995e-06,63.093284600000004,14.85520856,4.94436893e-09,8.73593945,0.0017482405599999998,0.211221142,0.0006146956414,7.636521204999999e-05,0.00248032745,0.45998878099999996,0.0006146956414,7.636521204999999e-05,0.00461368485,1.780447127,0.0006146956414,7.636521204999999e-05,0.004211829649999999,1.9802890719999997,0.0006146956414,7.636521204999999e-05,2.502536749839783
155,1661965200,5.90908955e-05,5.909095e-05,0.03835128077,0.24064302244999997,0.035384374499999996,0.00609638019,0.0126383141,0.00977813965,1.05982215e-05,7.678637870000001e-05,47.6363638,99.4,1.407095585e-05,6.304916659999999e-06,1.88624519e-06,9.93162705e-07,7.048013870000001e-07,5.67322364e-07,4.5596750099999996e-07,3.91030431e-07,8.298400090000001e-07,3.4071199e-07,2.9992661899999998e-06,72.7012523,22.2582912,1.50101272e-09,8.9691777,0.0016622210700000001,0.133838274,4.43038293e-05,7.193664979999999e-06,0.00215724529,0.228947221,4.43038293e-05,7.193664979999999e-06,0.0032800042699999998,0.5307814319999999,4.43038293e-05,7.193664979999999e-06,0.0032158446699999997,0.503952245,4.43038293e-05,7.193664979999999e-06,2.5025964260101317
155,1661965800,6.14745418e-05,6.14746056e-05,-0.005683894599999998,0.35599505800000003,0.037314765699999995,0.006171617789999999,0.01280220645,0.00984849585,1.21627024e-05,8.0806592e-05,48.7395099,107.0,1.48162258e-05,6.694901620000001e-06,1.7796915200000002e-06,1.051064645e-06,7.215450450000001e-07,5.434888790000001e-07,4.6581041899999995e-07,3.88271203e-07,8.72012924e-07,3.78539572e-07,3.0253067200000003e-06,72.4331125,21.9941918,1.5722038300000001e-09,8.964189750000001,0.0016562413800000001,0.13365343899999999,4.50465382e-05,7.6195705700000005e-06,0.00211553371,0.223091098,4.50465382e-05,7.6195705700000005e-06,0.0033105557500000002,0.5487936,4.50465382e-05,7.6195705700000005e-06,0.0032954812900000004,0.5505211000000001,4.50465382e-05,7.6195705700000005e-06,2.502621817588806
155,1661966400,0.0002272121713,0.0002272123012,-0.26139034947999995,20.205305088399996,0.10404258899999999,0.007549844849999999,0.0148214538,0.011064760250000001,0.00048068216945,0.0049974363342,59.010489099999994,135.7,8.801191780000002e-05,1.507990114e-05,2.75780806e-06,1.277592206e-06,8.205451459999999e-07,5.76541425e-07,4.5874319e-07,3.91416012e-07,8.56205688e-07,3.81986448e-07,2.9920204600000004e-06,65.4911267,17.286517030000002,7.079665749999998e-09,8.76411349,0.00172184297,0.163797438,0.0018272384102999996,0.00020746553869999997,0.0024286746299999997,0.49643943099999993,0.0018272384102999996,0.00020746553869999997,0.004506077020000001,3.21226493,0.0018272384102999996,0.00020746553869999997,0.00405365486,2.3193205299999997,0.0018272384102999996,0.00020746553869999997,2.5025340795516966
155,1661967000,6.827897379999999e-05,6.82790291e-05,0.20074242390000002,12.31624938317,0.06000221809999999,0.00615870742,0.0125554397,0.009685192549999999,4.777767346e-05,0.00044829007990000003,46.910839700000004,116.5,1.785335745e-05,6.990664620000001e-06,2.0068552399999996e-06,1.063485376e-06,7.14146268e-07,5.5662089e-07,4.4868759e-07,3.7998158199999996e-07,8.329635630000001e-07,3.5638793200000005e-07,2.93554904e-06,71.2537993,20.42539005,1.79768515e-09,8.9364717,0.0016543128300000002,0.142745334,0.00019340764089999997,2.0785298500000005e-05,0.0020930971899999996,0.227912395,0.00019340764089999997,2.0785298500000005e-05,0.00338804418,0.6562337659999999,0.00019340764089999997,2.0785298500000005e-05,0.0032118669,0.636861851,0.00019340764089999997,2.0785298500000005e-05,2.502707052230835
155,1661967600,8.153116169999999e-05,8.153121139999999e-05,0.390157167987,13.800797118100002,0.0883017497,0.00641475217,0.01317096135,0.010011398299999998,5.9666128600000014e-05,0.0005715274305000001,49.4615379,110.8,2.32567609e-05,7.900304510000002e-06,1.9809701199999998e-06,1.07205311e-06,7.62392606e-07,5.74711352e-07,4.87631374e-07,4.0253119700000005e-07,9.05117216e-07,3.6990959e-07,3.05309991e-06,70.775925,20.558914129999998,2.2238506699999994e-09,8.9226651,0.0016651289600000002,0.14430608599999997,0.0002531774047,3.16940822e-05,0.00219512699,0.253093872,0.0002531774047,3.16940822e-05,0.0035734811499999997,0.9679469690000001,0.0002531774047,3.16940822e-05,0.00336799516,0.662907141,0.0002531774047,3.16940822e-05,2.5026429653167725
155,1661968200,7.4883081e-05,7.488314909999999e-05,-0.3521316309000001,6.010291638150001,0.0382376698,0.00635159312,0.012968490899999999,0.01004810275,4.014686665e-05,0.0003121489587,49.6538459,107.2,2.1755338950000002e-05,6.56928188e-06,1.8928169599999998e-06,1.018504889e-06,7.009932879999999e-07,5.47571887e-07,4.36997648e-07,3.823060860000001e-07,8.484138389999999e-07,3.49482102e-07,2.93812463e-06,70.86277350000002,20.219332700000002,2.01832207e-09,8.925856099999999,0.0016499006900000002,0.132292951,0.0004110165439000001,4.3696058569999995e-05,0.00215920716,0.23029204499999997,0.0004110165439000001,4.3696058569999995e-05,0.00355816999,0.9244764959999999,0.0004110165439000001,4.3696058569999995e-05,0.00328363069,0.561348352,0.0004110165439000001,4.3696058569999995e-05,2.5026009321212768
155,1661968800,5.58320857e-05,5.5832152700000014e-05,-0.09683990956,0.9676540078499999,0.0346667773,0.00587828352,0.012063848649999999,0.009383299000000001,1.234680104e-05,9.17534275e-05,43.2097894,98.4,1.3243710950000001e-05,5.7813216499999996e-06,1.75386574e-06,9.4989104e-07,6.62412576e-07,5.56794419e-07,4.4497419599999997e-07,3.8819289800000007e-07,8.33011026e-07,3.4422825800000004e-07,2.95732457e-06,73.5905179,22.9818474,1.4038225300000001e-09,8.988398800000002,0.0016191158900000003,0.1272483395,7.890573880000001e-05,9.994315170000002e-06,0.0020705485599999997,0.21016973600000002,7.890573880000001e-05,9.994315170000002e-06,0.00311715499,0.5055977429999998,7.890573880000001e-05,9.994315170000002e-06,0.00304638737,0.46370172600000004,7.890573880000001e-05,9.994315170000002e-06,2.50270254611969
155,1661969400,8.58246159e-05,8.582470790000001e-05,-0.16711591469,3.9193296919200002,0.0450742886,0.00621260214,0.0124463475,0.009541231450000002,6.774760279e-05,0.0005160985038000001,45.4055944,118.0,2.5808655999999995e-05,8.026763359999998e-06,1.8326837500000002e-06,1.03940208e-06,6.968251619999999e-07,5.43225734e-07,4.40916282e-07,3.96279922e-07,8.457299430000001e-07,3.27456218e-07,2.95319756e-06,71.32813309999999,21.23011353,2.39286319e-09,8.929643350000001,0.0016449026,0.1324624255,0.00041691387839999997,5.1914911309999995e-05,0.0021392650300000003,0.241872298,0.00041691387839999997,5.1914911309999995e-05,0.00337924239,1.124500544,0.00041691387839999997,5.1914911309999995e-05,0.00324608743,0.664705339,0.00041691387839999997,5.1914911309999995e-05,2.5047248363494874
155,1661970000,7.677997309999998e-05,7.678126379999999e-05,0.04275009440000001,19.8492446247,0.06595727729999999,0.006043952060000001,0.012290621399999998,0.00945262395,7.51301314e-05,0.0007382411564,43.7272727,126.8,2.12808349e-05,7.89228181e-06,2.0103522999999996e-06,1.0173618899999998e-06,6.817838640000001e-07,5.42927093e-07,4.44619305e-07,3.9111637e-07,8.35798652e-07,3.44124611e-07,2.9496280399999997e-06,70.8693425,20.932609999999997,2.07174635e-09,8.9267412,0.0016159941599999997,0.1329627285,0.00035617324019999997,3.670635797e-05,0.00204912294,0.261708192,0.00035617324019999997,3.670635797e-05,0.00328006984,0.7910622139999999,0.00035617324019999997,3.670635797e-05,0.00314308343,0.644059067,0.00035617324019999997,3.670635797e-05,2.5004828929901124
155,1661970600,5.9018114e-05,5.901815910000001e-05,-0.012409276429999994,3.4746819777299995,0.047195999599999996,0.005909598319999999,0.012204986300000002,0.009407281850000001,2.08046023e-05,0.00017585413999999998,43.188811400000006,104.9,1.470370365e-05,5.8672652500000005e-06,1.75939701e-06,1.01219172e-06,6.91609357e-07,5.2875391e-07,4.5078760700000003e-07,3.81911529e-07,8.38517913e-07,3.36708698e-07,2.93768525e-06,72.9925926,22.263373899999998,1.50535411e-09,8.9765329,0.0016321947599999998,0.1298344965,0.00011068105910000002,1.36321035e-05,0.00206013976,0.208893197,0.00011068105910000002,1.36321035e-05,0.0031611315200000003,0.554693138,0.00011068105910000002,1.36321035e-05,0.0030499281200000003,0.505986082,0.00011068105910000002,1.36321035e-05,2.502695155143738
155,1661971200,6.838644439999999e-05,6.838663759999998e-05,-0.045417613509999996,2.89017760487,0.0486255979,0.00613316979,0.012520074399999997,0.009668161,2.906921676e-05,0.0002192547109,45.90034949999999,108.1,1.8346297800000002e-05,6.646784330000001e-06,1.8770434899999996e-06,1.0686854059999998e-06,7.139338580000001e-07,5.67325464e-07,4.46999968e-07,3.87358124e-07,8.565537789999999e-07,3.2209830100000004e-07,2.96003894e-06,71.9161129,21.590113600000002,1.8046657299999997e-09,8.955091800000002,0.0016431035699999998,0.132772308,0.00021814027420000002,2.3961859509999997e-05,0.0020906513000000003,0.220871472,0.00021814027420000002,2.3961859509999997e-05,0.00338347333,0.715499121,0.00021814027420000002,2.3961859509999997e-05,0.0031709681,0.5525910209999999,0.00021814027420000002,2.3961859509999997e-05,2.5026742219924927
155,1661971800,6.38459803e-05,6.384602700000001e-05,-0.02788938286699999,4.614834577569999,0.046497750500000004,0.005993504429999999,0.012222809800000001,0.009434053750000001,3.5055832099999996e-05,0.000332084478,43.2482526,115.6,1.6750513899999995e-05,6.23816205e-06,1.7707697000000003e-06,1.002186693e-06,6.918420469999999e-07,5.33213021e-07,4.5387776700000004e-07,3.8228005e-07,8.461875279999999e-07,3.02784515e-07,2.9510822400000004e-06,72.21780709999999,21.2879976,1.66257018e-09,8.95830815,0.00162371623,0.128969408,0.00014455664159999997,1.77642575e-05,0.0020545127599999997,0.21290326199999998,0.00014455664159999997,1.77642575e-05,0.00323838866,0.620774704,0.00014455664159999997,1.77642575e-05,0.0031446177899999996,0.576390014,0.00014455664159999997,1.77642575e-05,2.5026541471481325
155,1661972400,5.1802988e-05,5.18030531e-05,-0.02407535337,0.1019571779,0.029012364800000003,0.0057100825,0.01176441745,0.00916037965,8.76843939e-06,6.197701349999999e-05,40.7517479,89.1,1.1772e-05,5.427250080000001e-06,1.6177075599999999e-06,9.527748e-07,6.945242250000001e-07,5.430308779999999e-07,4.57900395e-07,3.7285507600000005e-07,8.36158506e-07,2.9922028600000003e-07,2.92773927e-06,74.201317,23.9081729,1.27832959e-09,9.0052061,0.00160971995,0.125281434,3.2913860399999994e-05,5.62416585e-06,0.00200846397,0.19741181800000002,3.2913860399999994e-05,5.62416585e-06,0.0029528629100000004,0.42934830900000004,3.2913860399999994e-05,5.62416585e-06,0.0029693294899999995,0.4423138,3.2913860399999994e-05,5.62416585e-06,2.5025827884674072
155,1661973000,5.09757024e-05,5.09757685e-05,-0.0255911972,0.5296326202,0.0317440973,0.00561479745,0.0115653346,0.0089738917,1.142858716e-05,9.83222696e-05,38.3688814,91.1,1.16963343e-05,5.1543334299999994e-06,1.61970832e-06,9.2667484e-07,6.74787576e-07,5.269179180000002e-07,4.36190641e-07,3.7819157499999997e-07,8.36061685e-07,3.12661081e-07,2.92584496e-06,74.58355800000001,24.511074200000003,1.25586241e-09,9.010958200000001,0.0015998380899999998,0.12402729090000002,5.1387067e-05,7.261552999999999e-06,0.0019891071400000002,0.19391881,5.1387067e-05,7.261552999999999e-06,0.0028969954699999997,0.434174971,5.1387067e-05,7.261552999999999e-06,0.00291052201,0.42196063200000006,5.1387067e-05,7.261552999999999e-06,2.502624678611755
155,1661973600,6.85075865e-05,6.850766009999998e-05,0.23388204087000006,28.7677847477,0.07490486520000002,0.00578020782,0.01172702915,0.00904762655,7.77800063e-05,0.0008106616995,39.568181700000004,117.8,1.82691006e-05,6.735073030000001e-06,1.9356163e-06,1.023841079e-06,7.452879e-07,5.42436183e-07,4.54663992e-07,3.8911809200000005e-07,8.434051170000001e-07,3.53959487e-07,2.96120923e-06,71.85705850000001,22.128792799999996,1.8085209100000002e-09,8.9510681,0.00162345157,0.1359527766,0.0006003413372999999,5.9937664620000005e-05,0.00202072221,0.23606301599999996,0.0006003413372999999,5.9937664620000005e-05,0.00304492775,0.8264813820000001,0.0006003413372999999,5.9937664620000005e-05,0.0029572804600000004,0.470197074,0.0006003413372999999,5.9937664620000005e-05,2.5026216745376586
155,1661974200,0.00027342157320000003,0.0002734217246,0.28881200324999995,22.561541241999997,0.1237575138,0.00834024554,0.017907061450000004,0.0125430243,0.0003968175759,0.003963599050600001,61.681818,151.5,0.00010513043129999999,2.011892032e-05,3.5112530800000002e-06,1.462351314e-06,8.371572229999999e-07,5.90997662e-07,4.93373541e-07,4.10274124e-07,8.715896e-07,2.9884207599999995e-07,2.9853676399999998e-06,63.985761000000004,16.309899100000003,8.6185317e-09,8.72778665,0.00178796144,0.192535544,0.0025300426735999997,0.00025132728186000005,0.0025986280300000003,0.560237099,0.0025300426735999997,0.00025132728186000005,0.00520661626,4.3263920780000005,0.0025300426735999997,0.00025132728186000005,0.00441140891,2.3816151019999996,0.0025300426735999997,0.00025132728186000005,2.502633213996887
155,1661974800,0.00020485064929999996,0.00020485073700000006,-0.12025524828999998,11.660008086000001,0.0839537337,0.007256960309999999,0.015422239499999999,0.010656455549999999,0.00022278632887000002,0.0016779304531,51.195803999999995,124.7,7.60692654e-05,1.6286628880000002e-05,2.63832664e-06,1.1879322759999999e-06,7.22982436e-07,5.77576162e-07,4.62096552e-07,3.9044425499999997e-07,8.48799247e-07,2.92139555e-07,2.94884981e-06,68.60087349999999,19.3264759,6.384637019999999e-09,8.84147605,0.0016753813700000001,0.1489250611,0.0011899360168000001,0.00016122963927,0.0023095018899999997,0.42963272999999996,0.0011899360168000001,0.00016122963927,0.00424615192,3.3522436339999997,0.0011899360168000001,0.00016122963927,0.0038094163699999998,1.6329414660000001,0.0011899360168000001,0.00016122963927,2.502628231048584
155,1661975400,5.60546763e-05,5.6054769599999995e-05,0.028991651498999998,1.2327719360000002,0.03738312110000001,0.0058952814300000005,0.012186581599999998,0.00943912245,1.3772096040000002e-05,0.000115453647,43.41783160000001,104.9,1.3479207450000001e-05,5.6398394999999995e-06,1.7607411999999999e-06,9.71981865e-07,7.15635732e-07,5.3254326e-07,4.5827426599999995e-07,3.89735213e-07,8.20789747e-07,3.02075695e-07,2.9564301000000005e-06,73.34845909999999,22.6154151,1.4093416000000001e-09,8.987723800000001,0.0016258910500000002,0.12811205939999998,3.7717048899999994e-05,6.38983702e-06,0.00204418155,0.21091535499999997,3.7717048899999994e-05,6.38983702e-06,0.00316055872,0.4958354570000001,3.7717048899999994e-05,6.38983702e-06,0.00306567499,0.482184831,3.7717048899999994e-05,6.38983702e-06,2.502601432800293
155,1661976000,5.65097347e-05,5.65097967e-05,-0.02684621222,0.286862147,0.0317211121,0.005950734859999999,0.01232554035,0.0095430989,9.98019255e-06,6.70748639e-05,44.6363634,101.1,1.3366816950000001e-05,5.98521427e-06,1.79921282e-06,9.542565309999999e-07,6.901665740000001e-07,5.48435727e-07,4.44697388e-07,3.92760138e-07,8.45467942e-07,2.74822627e-07,2.95236552e-06,73.03586800000001,22.2658131,1.4239968e-09,8.9816726,0.00163329332,0.1294967425,4.1339946800000006e-05,6.8241091e-06,0.00208931971,0.213901979,4.1339946800000006e-05,6.8241091e-06,0.0032049184100000003,0.5084636140000001,4.1339946800000006e-05,6.8241091e-06,0.00310060204,0.477436877,4.1339946800000006e-05,6.8241091e-06,2.502610206604004
155,1661976600,0.00010829388630000001,0.00010829392910000001,-0.0221643387,4.377315729,0.0656727021,0.007257976840000001,0.0150061686,0.0112950232,7.024844940000001e-05,0.0006302803049,60.9440556,142.3,3.28114367e-05,1.124940424e-05,2.62996335e-06,1.1945085700000001e-06,7.64705027e-07,5.76945751e-07,4.5818410099999994e-07,3.7538090199999995e-07,8.37194048e-07,2.80066646e-07,2.9684640799999998e-06,67.5450131,16.933237549999998,3.0933269e-09,8.847534499999998,0.0017173223000000002,0.15655778000000004,0.000292396817,3.6017428e-05,0.0023754002900000003,0.3169402069999999,0.000292396817,3.6017428e-05,0.00441524912,1.365894911,0.000292396817,3.6017428e-05,0.0038131947199999995,0.9687772659999998,0.000292396817,3.6017428e-05,2.5031000137329102
155,1661977200,6.129904340000001e-05,6.129909409999999e-05,0.15274792745000002,2.3101233695000003,0.04236257140000001,0.00614173346,0.012729092000000001,0.0097887107,1.443059645e-05,9.97663152e-05,47.7604895,110.4,1.544401865e-05,6.291358810000002e-06,1.8116949e-06,9.375518790000001e-07,6.98294166e-07,5.42463517e-07,4.57913272e-07,3.9074688099999994e-07,8.353734249999999e-07,2.71971864e-07,2.9667700200000002e-06,72.22983760000001,20.828573900000002,1.57554971e-09,8.9613125,0.00161821487,0.12704768699999996,7.481372709999999e-05,1.0270442199999999e-05,0.0021339620000000005,0.22432693600000003,7.481372709999999e-05,1.0270442199999999e-05,0.0033909318199999996,0.5832167050000001,7.481372709999999e-05,1.0270442199999999e-05,0.00322374367,0.527008478,7.481372709999999e-05,1.0270442199999999e-05,2.5021469831466674
155,1661977800,6.52348303e-05,6.52348575e-05,-0.025933301800000003,0.2556675406,0.0353030952,0.0063672348200000005,0.013166531750000002,0.01016823955,1.287572971e-05,8.82010208e-05,51.7569927,113.9,1.6609711449999997e-05,7.024972700000001e-06,1.8429428e-06,1.0032894059999999e-06,6.971258590000001e-07,5.4161535e-07,4.4652184700000003e-07,3.92827186e-07,8.311774479999999e-07,2.7674443199999996e-07,2.94952206e-06,71.6047529,20.1517017,1.70156592e-09,8.9444407,0.0016352439899999997,0.130091816,6.229366819999999e-05,9.45740588e-06,0.00218865161,0.23484565500000004,6.229366819999999e-05,9.45740588e-06,0.0036056826099999995,0.6499344720000001,6.229366819999999e-05,9.45740588e-06,0.00333895208,0.562667137,6.229366819999999e-05,9.45740588e-06,2.50264048576355
155,1661978400,0.00028217919930000003,0.00028217925969999997,-0.6669274296400001,26.936273475399997,0.11371659460000001,0.007124938239999999,0.013978107850000001,0.01018731495,0.0007761724447,0.0080833688046,49.4895097,119.6,0.00011612641399999998,1.5001443820000002e-05,2.6306770299999995e-06,1.052505537e-06,7.40945352e-07,5.72428134e-07,4.6297807799999994e-07,4.0082416700000004e-07,8.42708443e-07,2.90899579e-07,2.9669900099999997e-06,66.3826124,18.7789123,8.982688109999998e-09,8.7628506,0.0016816819999999999,0.1446076935,0.0025891705893999997,0.00030972656725000003,0.0022782852599999995,0.386980679,0.0025891705893999997,0.00030972656725000003,0.0041496751400000005,4.348605843,0.0025891705893999997,0.00030972656725000003,0.0038343031,2.900975638,0.0025891705893999997,0.00030972656725000003,2.5025160551071166
155,1661979000,5.20258576e-05,5.20259119e-05,0.0024686551,0.9172475770000001,0.03617408059999999,0.00563142894,0.0116445927,0.00894811885,1.3635116000000001e-05,0.0001090195473,38.4580423,95.0,1.24479471e-05,4.9603094e-06,1.6086061999999998e-06,9.489312760000001e-07,6.62672252e-07,5.29646755e-07,4.31269808e-07,3.7012426400000004e-07,8.262167369999999e-07,2.7693029500000004e-07,2.9494581800000002e-06,74.43972,23.767076600000003,1.28969164e-09,9.0041383,0.00159512731,0.12335741010000001,6.88862107e-05,9.34561475e-06,0.0019424876,0.187219437,6.88862107e-05,9.34561475e-06,0.00298188545,0.48687232700000005,6.88862107e-05,9.34561475e-06,0.00283098033,0.406977192,6.88862107e-05,9.34561475e-06,2.5025474548339846
155,1661979600,5.89420423e-05,5.8942126499999995e-05,0.015163639400000001,0.749612426,0.0362268336,0.00600385984,0.0124492126,0.0095676928,1.4759138249999999e-05,0.00011311057019999999,44.8583916,112.0,1.5106414399999998e-05,5.77795532e-06,1.6147670799999998e-06,9.03340611e-07,6.61863826e-07,5.247093620000001e-07,4.36233314e-07,3.8254562000000004e-07,8.49952728e-07,2.8564456800000006e-07,2.92696551e-06,73.1213585,21.423203100000002,1.5106861499999999e-09,8.972543300000002,0.0015807859399999998,0.121508302,5.82576036e-05,9.29714419e-06,0.00202177983,0.20158461500000002,5.82576036e-05,9.29714419e-06,0.0033349637099999996,0.5830092880000001,5.82576036e-05,9.29714419e-06,0.0030985214699999998,0.4904962970000001,5.82576036e-05,9.29714419e-06,2.5026444673538206
155,1661980200,0.00028240240960000003,0.0002824037365,-0.16777110752999996,9.001936847,0.1085861598,0.009276123530000003,0.020018067450000003,0.013612194500000003,0.00026618933225,0.0023219585228,71.5646851,160.2,0.000100617246,2.7616369100000002e-05,4.77291231e-06,1.5817256949999998e-06,9.062074499999999e-07,6.46183869e-07,5.026117219999999e-07,4.08826426e-07,8.92631175e-07,2.78263566e-07,2.97922864e-06,62.049558800000014,15.1309573,8.838982690000002e-09,8.684968940000001,0.00181922089,0.198824914,0.0008699764599,0.00011535926493,0.00281953577,0.680280541,0.0008699764599,0.00011535926493,0.00594040331,3.836498225000001,0.0008699764599,0.00011535926493,0.00501313779,2.886674933,0.0008699764599,0.00011535926493,2.5026361465454103
155,1661980800,6.04089275e-05,6.0408962500000005e-05,-0.00040933444999999985,0.2904097435,0.034423046199999995,0.0061273011,0.01274438605,0.009806044600000001,1.1601581949999999e-05,7.44465024e-05,48.256992999999994,109.2,1.5175227799999998e-05,6.24009207e-06,1.73077618e-06,9.80297668e-07,6.741750139999998e-07,5.275286420000001e-07,4.2121268600000005e-07,3.8306603599999997e-07,8.37985826e-07,2.7383330999999995e-07,2.95970254e-06,72.5784089,20.9985438,1.5510284400000003e-09,8.96498815,0.0016038132800000001,0.12418106599999998,5.15347216e-05,8.213463479999999e-06,0.00209623699,0.217184934,5.15347216e-05,8.213463479999999e-06,0.0033450255,0.563693056,5.15347216e-05,8.213463479999999e-06,0.00327261618,0.535197722,5.15347216e-05,8.213463479999999e-06,2.5026007175445555
155,1661981400,7.03899752e-05,7.03900806e-05,-0.0104491221,0.16908940870000003,0.0349129305,0.0066314523,0.01368570975,0.0105867218,1.3648232199999998e-05,8.77766697e-05,56.777972999999996,125.1,1.91578233e-05,6.9356432e-06,1.8921836e-06,1.02506863e-06,7.147681559999999e-07,5.459143990000001e-07,4.5552285999999994e-07,3.8977404700000004e-07,8.33297006e-07,2.75796462e-07,2.9687365e-06,70.75382400000001,19.134672600000002,1.86564119e-09,8.926193199999998,0.00167116071,0.135306816,5.0746800900000005e-05,9.0044864e-06,0.0022413081100000004,0.24774148399999998,5.0746800900000005e-05,9.0044864e-06,0.00376881049,0.705349395,5.0746800900000005e-05,9.0044864e-06,0.0035547689400000004,0.6331226959999999,5.0746800900000005e-05,9.0044864e-06,2.502536725997925
155,1661982000,6.08942485e-05,6.089432149999999e-05,0.05823220130000001,4.9950855149999995,0.0459070276,0.0060017509,0.012405621649999999,0.00954208395,2.4464201499999993e-05,0.00021948942090000003,44.6101392,102.7,1.4577416399999999e-05,6.730172650000001e-06,1.88186578e-06,1.056993512e-06,7.27693208e-07,5.518187460000001e-07,4.7023558699999993e-07,3.7789685999999995e-07,8.465882680000001e-07,2.6907510600000006e-07,2.9557265e-06,72.21126489999999,21.6191677,1.5578148699999998e-09,8.9654322,0.0016428534600000002,0.1351180114,8.371912510000002e-05,1.1020361310000002e-05,0.0021103380099999998,0.234825194,8.371912510000002e-05,1.1020361310000002e-05,0.00328134379,0.571413071,8.371912510000002e-05,1.1020361310000002e-05,0.00307893849,0.511645147,8.371912510000002e-05,1.1020361310000002e-05,2.5027084589004516
155,1661982600,0.00010884325299999999,0.00010884331040000002,0.4793429934000001,11.767245417999998,0.08665941429999999,0.00659849433,0.013175183299999999,0.0100850307,0.00011020506879999999,0.0010525983289999998,50.811189,122.0,3.477085899999999e-05,1.0146502520000002e-05,2.24721321e-06,1.059965839e-06,7.303261450000001e-07,5.5831947e-07,4.4552937199999994e-07,3.8773373500000004e-07,8.47123268e-07,2.7375457e-07,2.9535971699999997e-06,69.46013900000001,18.94157175,3.1439576899999994e-09,8.880491600000001,0.0016692235100000002,0.1441029855,0.0005671520797,5.989458619000001e-05,0.0021934566,0.282149047,0.0005671520797,5.989458619000001e-05,0.00377981644,1.2652416629999998,0.0005671520797,5.989458619000001e-05,0.003508538730000001,1.13167349,0.0005671520797,5.989458619000001e-05,2.502616119384766
155,1661983200,9.17872623e-05,9.17873063e-05,0.47259538457000005,15.9273729054,0.0740403065,0.0063016049099999995,0.012658093950000001,0.00982035195,9.518957524999999e-05,0.0007408525263000001,47.465034700000004,117.8,2.3817380150000003e-05,1.303031503e-05,1.8781648900000002e-06,1.051918044e-06,7.09720462e-07,5.2738618e-07,4.49887113e-07,3.90800719e-07,8.300830880000001e-07,2.85913342e-07,2.92111662e-06,69.8927025,19.563548400000002,2.56652249e-09,8.8985339,0.0016265877300000002,0.1330831046,0.00024933147319999995,2.846433626e-05,0.00215915042,0.35676340600000006,0.00024933147319999995,2.846433626e-05,0.0034996618199999996,0.7672254890000001,0.00024933147319999995,2.846433626e-05,0.00333642595,1.080165785,0.00024933147319999995,2.846433626e-05,2.5026670694351196
155,1661983800,6.0692434100000007e-05,6.06924536e-05,0.01989264072,0.2099820569,0.0329391604,0.006161408429999999,0.0127988772,0.009874597950000001,1.1694220499999998e-05,7.69102105e-05,48.5681818,103.8,1.556537695e-05,5.92210086e-06,1.7808838700000003e-06,9.930734669999999e-07,6.990448449999999e-07,5.407769220000001e-07,4.31891457e-07,3.6812588499999995e-07,8.300367179999999e-07,2.8896199100000004e-07,2.92534964e-06,72.3975016,20.8996172,1.5598305699999998e-09,8.96353265,0.0016310616100000002,0.12904499649999998,4.56123731e-05,7.761383960000002e-06,0.00208453997,0.212874678,4.56123731e-05,7.761383960000002e-06,0.0034469706800000005,0.5860949000000001,4.56123731e-05,7.761383960000002e-06,0.0032371267199999996,0.5249051029999999,4.56123731e-05,7.761383960000002e-06,2.5025371313095093
155,1661984400,5.4430261000000006e-05,5.44302911e-05,0.011415337930000002,0.10767517841399998,0.0308170577,0.005842870599999999,0.012097617199999999,0.0093544672,9.41792439e-06,6.42493292e-05,42.706293599999995,96.5,1.29401309e-05,5.517634010000001e-06,1.68189042e-06,9.75849423e-07,6.759432540000001e-07,5.26624259e-07,4.4438271e-07,3.89986233e-07,8.34593788e-07,2.92671798e-07,2.93486962e-06,73.6543735,23.0903053,1.36333418e-09,8.9927445,0.00161684229,0.1263532806,3.79312895e-05,6.2777114100000006e-06,0.0020292423299999997,0.201922959,3.79312895e-05,6.2777114100000006e-06,0.00314360822,0.483933358,3.79312895e-05,6.2777114100000006e-06,0.00303581059,0.46036858599999997,3.79312895e-05,6.2777114100000006e-06,2.502625560760498
155,1661985000,0.0001530382654,0.00015303839239999998,0.04328086899999999,3.5442418243000007,0.06442905789999999,0.0071883309000000005,0.015686008300000002,0.01118659655,9.652976040000002e-05,0.0005960921506,51.8024473,127.6,5.0831104400000006e-05,1.5211733970000002e-05,2.9330660299999997e-06,1.243362345e-06,8.067979960000001e-07,5.70335765e-07,4.59680779e-07,3.8719629099999997e-07,8.522022460000002e-07,2.83297823e-07,2.94029641e-06,69.2551279,19.716307399999998,4.604890870000001e-09,8.87429085,0.0016847665799999997,0.1631707338,0.00032860137830000003,5.621026621999999e-05,0.00231563943,0.41093741799999994,0.00032860137830000003,5.621026621999999e-05,0.00425609417,2.0750629700000003,0.00032860137830000003,5.621026621999999e-05,0.00382846087,1.434467065,0.00032860137830000003,5.621026621999999e-05,2.5026785373687743
155,1661985600,0.00010563840289999999,0.0001056384902,0.4699374992,39.426413561500006,0.1076501912,0.00607848246,0.0122711879,0.0094342188,0.00024841831223,0.002624559541,43.3531472,103.6,2.98272671e-05,1.2764462799999998e-05,2.8244264899999998e-06,1.2363951339999999e-06,7.075140070000001e-07,5.377872979999999e-07,4.74523557e-07,3.9620028800000005e-07,8.315504999999999e-07,2.87580058e-07,2.9314837899999997e-06,69.6682957,20.28374616,3.00653046e-09,8.89274195,0.0016348030999999998,0.150744737,0.00023940106699999998,2.8929168670000005e-05,0.00207370145,0.4144273,0.00023940106699999998,2.8929168670000005e-05,0.0032986490199999998,0.7266784940000001,0.00023940106699999998,2.8929168670000005e-05,0.00320103874,1.4418353959999997,0.00023940106699999998,2.8929168670000005e-05,2.50264687538147
155,1661986200,7.51648083e-05,7.516490039999999e-05,0.4620507990999999,13.452090159199997,0.06070079390000001,0.00629315565,0.012806707849999998,0.0099107651,4.94154455e-05,0.00045656500189999994,49.3951048,124.2,2.1913036699999998e-05,6.85302503e-06,1.73656314e-06,9.84522582e-07,6.70228371e-07,5.39180649e-07,4.62880572e-07,3.8732045299999995e-07,8.43466233e-07,2.82936056e-07,2.90918661e-06,70.85555020000001,19.5172636,2.0331028200000005e-09,8.923534100000001,0.0016156255399999999,0.1273773434,0.00043258275980000003,4.386595049e-05,0.00213404704,0.23712063,0.00043258275980000003,4.386595049e-05,0.00362128463,0.8880382649999999,0.00043258275980000003,4.386595049e-05,0.0032245052599999997,0.6127905389999999,0.00043258275980000003,4.386595049e-05,2.502556252479553
155,1661986800,5.5265316499999996e-05,5.526534860000001e-05,-0.0365514551,1.4035025860399999,0.0377559011,0.00584280061,0.012067905200000001,0.0093158838,1.17037202e-05,9.254244909999998e-05,42.1433567,94.0,1.3239239600000002e-05,5.70472022e-06,1.63954326e-06,9.600779030000001e-07,6.70961203e-07,5.377210530000001e-07,4.5549304500000005e-07,3.7723874599999996e-07,8.41456693e-07,2.6844949900000003e-07,2.93767442e-06,73.4996158,22.5245908,1.38993737e-09,8.988995399999999,0.0016059759999999998,0.12589501300000003,4.57577894e-05,7.400150949999999e-06,0.00198398928,0.202109429,4.57577894e-05,7.400150949999999e-06,0.00319576944,0.513128842,4.57577894e-05,7.400150949999999e-06,0.00299957878,0.453729066,4.57577894e-05,7.400150949999999e-06,2.502625513076782
155,1661987400,0.00034320003370000003,0.0003432000715000001,0.7019876032999999,22.171978568799997,0.17241778870000005,0.006550759420000001,0.01272006425,0.0093793761,0.00101633329568,0.010668822417899999,41.5856639,102.7,0.0001325058485,2.725109755e-05,3.71895205e-06,1.551647381e-06,9.93386633e-07,6.44659781e-07,4.83545738e-07,4.05996938e-07,8.518919679999999e-07,2.61230473e-07,2.93133605e-06,70.20663170000002,22.71692513,1.1004549720000002e-08,8.882339479999999,0.0016847099400000003,0.2088049346,0.0042285290541,0.0004145082842300001,0.00224942984,1.107712111,0.0042285290541,0.0004145082842300001,0.00365320692,4.239043272,0.0042285290541,0.0004145082842300001,0.0034716211900000004,3.9722115710000003,0.0042285290541,0.0004145082842300001,2.5025675773620604
155,1661988000,6.07321479e-05,6.07321822e-05,0.007771689600000001,0.29240433880000005,0.034124112199999994,0.00614350859,0.0127552369,0.00981622455,1.1940432399999999e-05,7.767729960000001e-05,47.9475523,113.7,1.56141205e-05,5.99871926e-06,1.7498819900000003e-06,9.49045732e-07,6.779164480000001e-07,5.29091168e-07,4.2633273e-07,3.8569954599999996e-07,8.3515748e-07,2.6956859e-07,2.9304563699999996e-06,72.46012089999999,20.875581299999997,1.56315932e-09,8.963895050000001,0.0016126314199999998,0.126648751,5.14977363e-05,8.47474133e-06,0.0020656444,0.208467775,5.14977363e-05,8.47474133e-06,0.003448021389999999,0.605697929,5.14977363e-05,8.47474133e-06,0.00318393047,0.512966496,5.14977363e-05,8.47474133e-06,2.502578520774841
155,1661988600,0.0004051121344,0.0004051121867,0.4637915302600001,27.890429027399996,0.1828334061,0.00677789263,0.0131083112,0.01009099705,0.0014679804422,0.0156060423235,50.3968533,124.9,0.00017773193720000002,1.4172917029999999e-05,3.17699333e-06,1.1940674139999999e-06,7.69014611e-07,5.913375259999999e-07,4.5349444099999993e-07,3.91275822e-07,8.68115507e-07,2.61682932e-07,2.94503373e-06,67.38564520000001,18.5959629,1.315495584e-08,8.806246439999999,0.00164896389,0.16994021609999999,0.0073279201046,0.0008763978460100002,0.0022025818700000003,0.6107810070000002,0.0073279201046,0.0008763978460100002,0.00404368351,9.790055208999998,0.0073279201046,0.0008763978460100002,0.0034007600400000003,0.7292494699999998,0.0073279201046,0.0008763978460100002,2.502680039405823
155,1661989200,5.36835881e-05,5.368365239999999e-05,-0.012903103150000001,0.17083521399999999,0.0327664523,0.00580415686,0.0119846918,0.0092827184,9.372794120000001e-06,6.0348383800000006e-05,42.3479022,92.4,1.296683725e-05,5.30362741e-06,1.5871062e-06,9.206784980000001e-07,6.60555309e-07,5.260930779999999e-07,4.2482197999999994e-07,3.7792466e-07,8.345599410000001e-07,3.09785792e-07,2.92944356e-06,74.07546190000001,23.040774199999998,1.34499769e-09,8.993441050000001,0.00159074997,0.12321977300000002,3.98231974e-05,6.66510843e-06,0.0019723447099999998,0.190803903,3.98231974e-05,6.66510843e-06,0.0031369447000000003,0.48701642300000003,3.98231974e-05,6.66510843e-06,0.0029954841600000003,0.45040466300000004,3.98231974e-05,6.66510843e-06,2.502600312232971
155,1661989800,0.0004692875593000002,0.000469287653,0.2810732037,19.085614410500003,0.1774901949,0.007052393990000001,0.0132122991,0.010054946,0.0013979076182999998,0.0144688110515,49.867133100000004,112.3,0.0001775668928,4.583814522000001e-05,3.4649305e-06,1.2415969630000002e-06,9.53708175e-07,5.858876619999999e-07,4.791106629999999e-07,4.1845226299999994e-07,8.2926093e-07,3.2017803199999995e-07,2.9453710100000003e-06,68.165626,19.87130943,1.5242191e-08,8.81888522,0.00165906866,0.176740038,0.002851679537,0.00033151025066000006,0.00223233316,0.8236381389999998,0.002851679537,0.00033151025066000006,0.00417765483,4.945090686,0.002851679537,0.00033151025066000006,0.00378009708,7.185441461999998,0.002851679537,0.00033151025066000006,2.502543568611145
155,1661990400,0.00011057869360000001,0.00011057887200000001,-0.11395898310000005,17.337633764899998,0.08260981790000002,0.00656515423,0.0132326966,0.009973177000000001,0.0001284045803,0.00123793492,48.3636358,132.0,3.64756746e-05,9.52906679e-06,2.0249366400000002e-06,1.0331800739999998e-06,7.124933520000001e-07,5.62858364e-07,4.6791021400000005e-07,3.91300704e-07,8.529394649999999e-07,2.71324178e-07,2.96746264e-06,68.4083325,18.64407345,3.1847890500000002e-09,8.8581493,0.00164896153,0.13577415799999998,0.0008196569029000001,9.03349949e-05,0.0021660924000000002,0.306151703,0.0008196569029000001,9.03349949e-05,0.0037794877999999996,1.5074971940000002,0.0008196569029000001,9.03349949e-05,0.0034390016000000003,0.917918938,0.0008196569029000001,9.03349949e-05,2.5028104066848753
155,1661991000,0.00014560621269999998,0.0001456069912,1.094842266,19.3973533,0.1430257136,0.00767309682,0.01525748985,0.0112180091,0.0001176125979,0.0009285095489999999,62.9947542,166.0,3.9121258599999996e-05,1.7524926099999998e-05,4.89152272e-06,2.28615987e-06,1.4514069300000001e-06,1.0227444009999998e-06,8.194140510000001e-07,6.4632574e-07,1.2681299070000002e-06,2.95252658e-07,3.47638073e-06,62.82849510000001,15.313373499999997,4.12432006e-09,8.7948068,0.00187548982,0.293647857,0.000305173041,4.3586969669999995e-05,0.0026533241600000005,0.6454874070000001,0.000305173041,4.3586969669999995e-05,0.00447000675,1.4551762099999999,0.000305173041,4.3586969669999995e-05,0.00420196233,1.3760019140000002,0.000305173041,4.3586969669999995e-05,2.502471899986267
155,1661991600,6.90310896e-05,6.90311361e-05,-0.03435086653,3.722667326999999,0.054544854,0.006268112540000001,0.012997337749999999,0.00987620785,2.8910226270000006e-05,0.00025153381279999996,48.0909098,126.3,1.84395668e-05,6.99470281e-06,1.8889723399999999e-06,1.0045165259999999e-06,7.28951035e-07,5.4293053e-07,4.4762464000000003e-07,3.77777378e-07,8.51514415e-07,2.7158457900000004e-07,2.96672511e-06,71.060843,19.7576608,1.8228362799999999e-09,8.93401035,0.0016303679,0.131778759,0.00015879598690000002,1.843804525e-05,0.00214248513,0.240933215,0.00015879598690000002,1.843804525e-05,0.0035328682,0.724504932,0.00015879598690000002,1.843804525e-05,0.00326263159,0.588608351,0.00015879598690000002,1.843804525e-05,2.502716636657715
155,1661992200,5.32835119e-05,5.328355110000001e-05,0.009404684500000001,0.8973349305000001,0.0378493321,0.005693989219999999,0.011791932350000001,0.009058923799999999,1.3538267230000001e-05,0.00010830681710000001,39.7849652,106.4,1.2505414200000002e-05,5.47604419e-06,1.65307047e-06,8.996919299999999e-07,6.62163396e-07,5.27837399e-07,4.508721639999999e-07,3.86679532e-07,8.439334679999998e-07,2.6599446299999995e-07,2.9696744499999996e-06,74.076502,23.5477181,1.32463001e-09,9.0002081,0.0015823501600000002,0.12174334149999999,5.544694379999999e-05,7.7109318e-06,0.00199404047,0.198722127,5.544694379999999e-05,7.7109318e-06,0.00301981721,0.47351637900000004,5.544694379999999e-05,7.7109318e-06,0.0029052973899999996,0.442050434,5.544694379999999e-05,7.7109318e-06,2.5026413202285767
155,1661992800,5.9797587099999994e-05,5.97976091e-05,-0.0089879147,0.1829329826,0.033276544899999996,0.00612429168,0.012635061050000002,0.0097947699,1.0783983899999998e-05,6.89634772e-05,47.405594300000004,103.8,1.52726667e-05,5.90938788e-06,1.70874383e-06,9.502419599999999e-07,6.75334993e-07,5.31003745e-07,4.3889152899999997e-07,3.7221836600000004e-07,8.42046972e-07,2.76897866e-07,2.92042384e-06,72.730144,21.101030400000006,1.53655365e-09,8.966569999999999,0.00160561625,0.12418575009999999,4.4376508900000004e-05,7.610513629999999e-06,0.0020677815799999997,0.208466255,4.4376508900000004e-05,7.610513629999999e-06,0.0033934673,0.572821767,4.4376508900000004e-05,7.610513629999999e-06,0.00321659505,0.520920508,4.4376508900000004e-05,7.610513629999999e-06,2.5025526523590087
155,1661993400,7.633326079999999e-05,7.633330210000001e-05,-0.07498307979999999,8.796796957000002,0.060017293000000006,0.00650034969,0.013598980699999999,0.0102804705,4.6712117899999994e-05,0.00044852866599999995,52.4388108,126.0,2.1484639600000004e-05,7.51484582e-06,1.92131938e-06,1.030702846e-06,6.97084459e-07,5.62571657e-07,4.541099689999999e-07,3.8012046300000003e-07,8.28532725e-07,3.18519924e-07,2.9736789900000002e-06,70.1330444,18.419598,2.05975686e-09,8.90503485,0.0016253017899999999,0.13524184840000003,0.00014717812430000001,1.950213321e-05,0.00214917024,0.246591439,0.00014717812430000001,1.950213321e-05,0.0037476426799999997,0.8138715639999999,0.00014717812430000001,1.950213321e-05,0.00344651947,0.6987964019999999,0.00014717812430000001,1.950213321e-05,2.5025967597961425
155,1661994000,7.69743753e-05,7.69744203e-05,0.11703576634999999,8.131116832099998,0.058848729700000005,0.006158000360000001,0.012655136849999998,0.009569805599999998,5.902540539999999e-05,0.0005553316494,44.6153846,120.4,2.13494528e-05,7.84553813e-06,1.9766162499999997e-06,1.03087359e-06,7.45136865e-07,5.50257224e-07,4.5670143600000003e-07,3.9448257100000003e-07,8.5574586e-07,3.41815661e-07,2.94032921e-06,70.83514500000001,20.5287628,2.08198657e-09,8.923435300000001,0.00162107599,0.13328658499999996,0.00031257794129999994,3.38378626e-05,0.0021092470299999997,0.268859897,0.00031257794129999994,3.38378626e-05,0.0033659873000000005,0.8360682970000001,0.00031257794129999994,3.38378626e-05,0.0032468921499999998,0.674596553,0.00031257794129999994,3.38378626e-05,2.502584385871887
155,1661994600,7.548420740000002e-05,7.548422139999999e-05,-0.05953250649999999,6.5480976686000005,0.05168760830000001,0.0061359744,0.0125764257,0.0096443225,5.309033999e-05,0.0004394763207,45.4405594,122.9,2.24838633e-05,6.387107410000001e-06,1.77704383e-06,9.495300539999999e-07,6.92667891e-07,5.422499950000001e-07,4.61128462e-07,3.8297153599999995e-07,8.348027810000001e-07,3.0343940499999993e-07,2.92649084e-06,71.69265850000001,20.833145899999998,2.05354768e-09,8.93227345,0.0016195477499999999,0.1284313151,0.00043253303950000003,4.447791836e-05,0.0020678668400000003,0.22247293699999998,0.00043253303950000003,4.447791836e-05,0.0034239556400000003,0.849964739,0.00043253303950000003,4.447791836e-05,0.0031830829800000003,0.6699903739999999,0.00043253303950000003,4.447791836e-05,2.5025876998901366
155,1661995200,8.622742269999999e-05,8.62274611e-05,-0.1669872338,9.4366153006,0.0651770069,0.0064934938,0.013172013,0.009912131999999999,6.223903359999999e-05,0.0005146392139,48.723776300000004,139.8,2.62289658e-05,7.841875709999998e-06,1.9371375499999997e-06,1.0093720899999998e-06,6.76437468e-07,5.374315619999999e-07,4.4685770899999997e-07,3.7730033e-07,8.280749409999999e-07,2.89156082e-07,2.9400873699999997e-06,69.51312,17.9324766,2.39024268e-09,8.882641150000001,0.00162726067,0.1304399609,0.0002431632107,3.037540323e-05,0.00214344088,0.25852533699999997,0.0002431632107,3.037540323e-05,0.0036628449599999994,0.9175832450000001,0.0002431632107,3.037540323e-05,0.00349587278,0.876519618,0.0002431632107,3.037540323e-05,2.502620720863342
155,1661995800,8.13971905e-05,8.13972244e-05,-0.49548718680000003,21.256487096499992,0.0587450527,0.006393456699999999,0.0130537668,0.01006493675,7.86193624e-05,0.0007958698125999999,50.2447547,121.3,2.33149909e-05,8.115527420000002e-06,2.08827383e-06,1.0573563039999997e-06,6.91200328e-07,5.56971542e-07,4.38627938e-07,3.8393631100000005e-07,8.29280712e-07,2.8839946e-07,2.93382458e-06,69.9175935,18.703998000000002,2.22235269e-09,8.90288335,0.00163215912,0.140682758,0.00018433709830000005,2.114609801e-05,0.00216901014,0.30229016700000005,0.00018433709830000005,2.114609801e-05,0.0036264172700000005,0.7613311049999999,0.00018433709830000005,2.114609801e-05,0.00338277242,0.8319194440000001,0.00018433709830000005,2.114609801e-05,2.502560329437256
155,1661996400,6.0510788899999995e-05,6.05109578e-05,0.022959430960000003,0.2499986602,0.0343366352,0.00613205635,0.012710663050000001,0.0097792089,1.173419065e-05,7.9749601e-05,47.7954544,101.8,1.542775305e-05,6.077728070000001e-06,1.7329275400000001e-06,9.718332539999999e-07,6.87964447e-07,5.23600352e-07,4.39226362e-07,3.7498401799999995e-07,8.25740209e-07,2.81454648e-07,2.91190936e-06,72.2807103,20.950708600000006,1.5564626499999998e-09,8.9671267,0.00162483691,0.12863547200000003,5.02972295e-05,7.89998124e-06,0.0020745250900000003,0.211520135,5.02972295e-05,7.89998124e-06,0.00344996635,0.594077989,5.02972295e-05,7.89998124e-06,0.00317815924,0.5138858660000001,5.02972295e-05,7.89998124e-06,2.5026201009750366
155,1661997000,6.34466717e-05,6.344669540000001e-05,0.27167703306,8.1175395305,0.060022434300000004,0.006116261299999999,0.012591551650000001,0.0096859884,2.6585619199999997e-05,0.0002552522319,46.3846155,113.6,1.6133497700000004e-05,6.70424709e-06,1.8011432200000003e-06,9.87265239e-07,6.98458691e-07,5.46933444e-07,4.5703839199999996e-07,3.82656347e-07,8.266378090000001e-07,2.3639847600000003e-07,2.94899696e-06,71.6124501,20.158896300000002,1.6475134499999999e-09,8.950540649999999,0.0016217809299999997,0.132230161,0.0001238749219,1.5093503250000003e-05,0.0020465858100000003,0.21436559000000002,0.0001238749219,1.5093503250000003e-05,0.0034170437400000003,0.6322674819999999,0.0001238749219,1.5093503250000003e-05,0.00323292555,0.551047955,0.0001238749219,1.5093503250000003e-05,2.5026071548461912
155,1661997600,0.0001425820557,0.0001425821119,0.006205284700000001,29.8061549946,0.10810583500000001,0.00620554611,0.0123799377,0.009521795349999999,0.00040753526036,0.004294043386699999,44.6660838,112.4,4.50019662e-05,1.563614671e-05,3.2479227600000003e-06,1.144069629e-06,8.598509729999999e-07,5.627756659999999e-07,4.4534644900000004e-07,3.93040066e-07,8.386045770000001e-07,2.4228218699999996e-07,2.91901493e-06,69.05582840000001,19.7396017,4.22824941e-09,8.87690295,0.0016284053100000001,0.14514129820000002,0.0007252643491,7.556598087e-05,0.0021058922900000004,0.43597391099999994,0.0007252643491,7.556598087e-05,0.0034701751199999998,1.1081766329999998,0.0007252643491,7.556598087e-05,0.0032661284399999996,2.106063183,0.0007252643491,7.556598087e-05,2.5025857210159304
155,1661998200,6.65785183e-05,6.65785463e-05,-0.3582137921,11.68824644326,0.0489975637,0.00583521205,0.0118471302,0.009191709749999999,5.278506332e-05,0.00046509461680000006,40.856642799999996,104.4,1.8255512599999997e-05,6.28164686e-06,1.6891905000000001e-06,9.759141750000001e-07,6.98684161e-07,5.319655799999999e-07,4.4180329900000005e-07,3.79870425e-07,8.362060870000001e-07,2.50633297e-07,2.9477947099999996e-06,72.37243070000001,21.697487700000003,1.75792185e-09,8.958715799999998,0.0016042211299999998,0.12764752650000002,0.000546378728,5.427228716e-05,0.0019879996400000003,0.203347947,0.000546378728,5.427228716e-05,0.00313439973,0.80724632,0.000546378728,5.427228716e-05,0.0029704771300000004,0.484199405,0.000546378728,5.427228716e-05,2.502662491798401
155,1661998800,5.47310314e-05,5.47310613e-05,0.00756540727,0.2490760356,0.0322547275,0.005852127739999999,0.01210682565,0.009353562399999998,1.00076404e-05,6.45648537e-05,42.9108388,95.4,1.34511706e-05,5.265926890000001e-06,1.6375953400000002e-06,9.2691992e-07,7.077886229999999e-07,5.276948509999999e-07,4.494533770000001e-07,3.75961498e-07,8.34335392e-07,2.5949297300000004e-07,2.9290996799999997e-06,73.5830264,22.3409603,1.3772338199999999e-09,8.990347,0.00160358684,0.1247446469,4.77712795e-05,7.471237669999999e-06,0.0019871951399999996,0.19302938100000003,4.77712795e-05,7.471237669999999e-06,0.00323571539,0.5266784020000002,4.77712795e-05,7.471237669999999e-06,0.00296684862,0.437588358,4.77712795e-05,7.471237669999999e-06,2.5025235414505005
155,1661999400,5.5365600000000004e-05,5.53656623e-05,0.0467155982,0.6845202079000001,0.036320260300000004,0.00584075714,0.012136577499999999,0.0093376968,1.2858610480000002e-05,8.989107240000001e-05,42.4248256,104.8,1.34774103e-05,5.54083043e-06,1.67256586e-06,9.36511739e-07,6.76864361e-07,5.246248530000001e-07,4.3668255e-07,3.75032898e-07,8.29245696e-07,2.83348841e-07,2.9294968100000006e-06,73.58540500000001,22.638433299999996,1.39452245e-09,8.9880234,0.00160268411,0.125306103,7.11168398e-05,9.417939939999999e-06,0.00203969162,0.20630415100000002,7.11168398e-05,9.417939939999999e-06,0.00318058208,0.525617885,7.11168398e-05,9.417939939999999e-06,0.0029554985199999996,0.44079659800000004,7.11168398e-05,9.417939939999999e-06,2.502646803855896
155,1662000000,8.020104249999999e-05,8.02010909e-05,-0.0351914316,2.1618284079999994,0.049886684099999995,0.006347254169999999,0.0133154209,0.009973511,4.372871403e-05,0.00040660944749999994,47.1975536,112.0,2.37407553e-05,7.43468251e-06,1.8224983700000001e-06,1.0083125149999997e-06,6.718631849999999e-07,5.471755929999999e-07,4.4689635199999996e-07,3.8385416999999997e-07,8.36112705e-07,2.8838265200000003e-07,2.9200059900000003e-06,71.36660140000001,20.977224,2.2080512e-09,8.93177455,0.00162929217,0.1306787552,0.00015100503620000004,1.973307382e-05,0.00212242604,0.252726803,0.00015100503620000004,1.973307382e-05,0.00360098119,0.8791299180000001,0.00015100503620000004,1.973307382e-05,0.0033103094199999996,0.746634222,0.00015100503620000004,1.973307382e-05,2.5026390075683596
155,1662000600,5.9877504e-05,5.9877616900000006e-05,0.005257842700000004,0.25279187000000003,0.0340082684,0.00610733851,0.012632132700000001,0.0097485301,1.18719106e-05,7.85087627e-05,47.8391608,103.2,1.53524034e-05,5.883167609999999e-06,1.6705272600000001e-06,9.59785181e-07,6.690706100000001e-07,5.46457647e-07,4.389948409999999e-07,3.83607667e-07,8.218572049999999e-07,2.8651761500000003e-07,2.92639404e-06,72.6498334,21.061040100000003,1.53895057e-09,8.96961425,0.00161471927,0.1259866271,4.4352102300000005e-05,8.02660803e-06,0.00203650513,0.203716658,4.4352102300000005e-05,8.02660803e-06,0.00345641003,0.5983509409999999,4.4352102300000005e-05,8.02660803e-06,0.00316406063,0.498776306,4.4352102300000005e-05,8.02660803e-06,2.5026031017303465
155,1662001200,5.20196216e-05,5.20196787e-05,0.002183898499999999,0.17102347579999996,0.0309434339,0.00571285059,0.01180711785,0.0091180241,9.42893783e-06,6.34295956e-05,40.2080417,99.5,1.20016406e-05,5.3272861e-06,1.6051393599999997e-06,9.447157569999999e-07,6.795729260000001e-07,5.40355972e-07,4.56475028e-07,3.8296331299999993e-07,8.44197481e-07,3.08795602e-07,2.9186406099999996e-06,74.1426228,23.856790999999998,1.28539807e-09,9.0042449,0.0016008799899999999,0.12485398389999999,3.24957633e-05,5.720202900000001e-06,0.0019813532500000002,0.192326116,3.24957633e-05,5.720202900000001e-06,0.0029607484999999998,0.433397836,3.24957633e-05,5.720202900000001e-06,0.00300674048,0.44935464999999997,3.24957633e-05,5.720202900000001e-06,2.502625274658203
155,1662001800,5.77626442e-05,5.77627717e-05,0.10995504082999999,1.7853310288,0.04042148150000001,0.0059513981200000005,0.0123389155,0.00951093445,1.61025054e-05,0.00014070761030000002,44.288461,108.8,1.4561588100000002e-05,5.655481489999999e-06,1.6808669099999997e-06,9.26973514e-07,6.89721633e-07,5.15012718e-07,4.449237e-07,3.61733542e-07,8.42754355e-07,2.83581891e-07,2.9187489500000004e-06,72.9320195,21.755468799999996,1.47033421e-09,8.978412700000002,0.00160099296,0.12409648980000001,5.20593784e-05,8.22881184e-06,0.00202291087,0.20393166499999998,5.20593784e-05,8.22881184e-06,0.00326047847,0.5393188780000001,5.20593784e-05,8.22881184e-06,0.00309191536,0.498701522,5.20593784e-05,8.22881184e-06,2.5026243686676026
155,1662002400,5.5854519400000004e-05,5.58545854e-05,0.004778168050000002,0.1340205445,0.030833196299999997,0.0059153022900000005,0.0122673313,0.0095049478,1.0176870230000001e-05,6.78801214e-05,44.071677799999996,99.8,1.3538546150000003e-05,5.71933943e-06,1.67671576e-06,9.309538979999998e-07,6.751842910000001e-07,5.2497178e-07,4.32717035e-07,3.83968938e-07,8.27313784e-07,2.9388692599999996e-07,2.92369676e-06,73.3503995,22.4589625,1.41014167e-09,8.98425735,0.0016091913,0.12568003449999998,4.71607518e-05,7.1785004000000006e-06,0.00204159969,0.205074452,4.71607518e-05,7.1785004000000006e-06,0.00318826714,0.5106747869999999,4.71607518e-05,7.1785004000000006e-06,0.0030623174,0.47078574,4.71607518e-05,7.1785004000000006e-06,2.5026206016540526
155,1662003000,6.094278650000001e-05,6.094287820000001e-05,0.33328146440000006,7.0831342079,0.0489036444,0.00597088395,0.012302288599999999,0.009487748200000002,2.15439974e-05,0.0001762160065,44.575174700000005,118.5,1.58429e-05,5.88237302e-06,1.72251221e-06,9.62427913e-07,6.68783411e-07,5.39798244e-07,4.39875206e-07,3.8082115699999995e-07,8.351733729999999e-07,2.98781238e-07,2.8979832700000005e-06,72.6337711,21.538714000000002,1.57570612e-09,8.968020800000001,0.0016128687,0.1260624735,0.00016565184599999998,1.847776763e-05,0.00203697607,0.20631782000000004,0.00016565184599999998,1.847776763e-05,0.0033192929699999998,0.617355199,0.00016565184599999998,1.847776763e-05,0.00306622662,0.508316446,0.00016565184599999998,1.847776763e-05,2.5025528192520143
155,1662003600,5.1857152599999994e-05,5.1857194500000004e-05,0.0942390256,1.322265289,0.047067071800000006,0.00568201549,0.011842444500000002,0.00912839335,9.124327830000001e-06,6.52130683e-05,40.3199305,94.1,1.19551949e-05,5.126500759999999e-06,1.5655149600000001e-06,9.522457049999998e-07,7.08851862e-07,5.53033299e-07,4.6059446e-07,4.10450789e-07,8.878752189999999e-07,3.09328249e-07,2.99848986e-06,74.4308094,24.311078799999997,1.2745003300000001e-09,9.008810550000002,0.00160270964,0.12733220690000002,3.87989532e-05,6.09297203e-06,0.00195363059,0.186900177,3.87989532e-05,6.09297203e-06,0.0030604960099999997,0.46300763000000006,3.87989532e-05,6.09297203e-06,0.0028706961799999996,0.41495262000000005,3.87989532e-05,6.09297203e-06,2.502556395530701
155,1662004200,0.00014936318970000002,0.00014936325990000003,-0.12582848809999997,25.0106868245,0.09637302770000002,0.00632879158,0.0125254819,0.0095611725,0.00036972518485,0.0038764512385999995,45.148601400000004,113.3,5.387876429999999e-05,1.052986738e-05,2.76773027e-06,1.3303663830000001e-06,7.35166144e-07,5.55273825e-07,4.6076187900000004e-07,3.7296644899999997e-07,8.2097146e-07,3.06928307e-07,2.92239388e-06,69.4981503,20.31460918,4.4942275e-09,8.873875850000001,0.0016251831000000001,0.141336351,0.0023780323663000003,0.00023219349085000003,0.00209015117,0.515447226,0.0023780323663000003,0.00023219349085000003,0.00360367021,2.469459713,0.0023780323663000003,0.00023219349085000003,0.00328878071,0.860337859,0.0023780323663000003,0.00023219349085000003,2.502649164199829
155,1662004800,0.00018454354769999998,0.00018459572779999997,2.0225877379,76.57349029005198,0.1630229635,0.00611894248,0.01207674935,0.009344601999999999,0.00043713136535000004,0.0044534009618,42.2938712,99.3,5.501895825e-05,1.567527984e-05,5.38929875e-06,1.916439599e-06,2.495173963e-06,1.1972719879999998e-06,8.536018849999999e-07,1.6366745639999996e-06,2.578293664e-06,4.4297547200000005e-07,5.11972552e-06,69.7437517,20.677226400000002,4.9703192299999995e-09,8.931703350000001,0.00164787778,0.25895498100000003,0.0020627313655999994,0.00020768550889999998,0.00210297423,0.42298738599999997,0.0020627313655999994,0.00020768550889999998,0.0034801684900000003,2.260563099,0.0020627313655999994,0.00020768550889999998,0.00315214063,1.624900914,0.0020627313655999994,0.00020768550889999998,2.5026023387908936
155,1662005400,7.058732709999999e-05,7.058739330000001e-05,0.1611695181,14.090979100500004,0.05956787979999999,0.0060462083100000005,0.0123787314,0.00940754265,5.351405492000001e-05,0.0005116037942,43.4685319,133.5,1.9135029950000002e-05,7.254654919999999e-06,1.87138058e-06,9.60310287e-07,6.827241140000001e-07,5.38741537e-07,4.4447909100000006e-07,3.83060697e-07,8.41664862e-07,2.64863074e-07,2.9165793199999997e-06,71.3968184,20.49103945,1.88208196e-09,8.937475200000002,0.0015926838300000003,0.12897671049999998,0.0001280247471,1.7828744259999997e-05,0.00205032785,0.229193092,0.0001280247471,1.7828744259999997e-05,0.00331725036,0.703893118,0.0001280247471,1.7828744259999997e-05,0.00311619469,0.668807525,0.0001280247471,1.7828744259999997e-05,2.5026732206344606
155,1662006000,5.31662945e-05,5.31664043e-05,0.022214278810400005,0.601948565,0.036764217499999995,0.0057612097299999995,0.0118668229,0.0092249813,9.90305589e-06,7.622091710000001e-05,40.90209749999999,90.0,1.2605518750000001e-05,5.2111980099999995e-06,1.6973105300000001e-06,9.662733330000001e-07,6.772417090000001e-07,5.38980613e-07,4.62071366e-07,3.8468768300000005e-07,8.324210230000001e-07,2.84813588e-07,2.9219765899999997e-06,73.929969,23.390105300000002,1.32217562e-09,8.999221299999999,0.0016132836599999998,0.12798573899999996,4.04822879e-05,6.5847532500000005e-06,0.00198203629,0.196408199,4.04822879e-05,6.5847532500000005e-06,0.00307804407,0.475095348,4.04822879e-05,6.5847532500000005e-06,0.0029678040799999998,0.4374987410000001,4.04822879e-05,6.5847532500000005e-06,2.5025360584259033
155,1662006600,0.0001473244762,0.0001473245253,-0.535051663786,47.776276225800004,0.0916732646,0.006139719199999999,0.011970882399999999,0.009169113900000001,0.0002410420308,0.0019283658038000001,40.9807692,126.2,4.81952613e-05,1.4113195599999998e-05,3.49232801e-06,1.291481231e-06,8.110806949999999e-07,6.892817260000001e-07,4.986999350000001e-07,3.97391195e-07,9.395125909999999e-07,3.04540833e-07,2.9288824e-06,68.26951969999999,20.64609073,4.38336797e-09,8.857794600000002,0.0016385487199999996,0.17164633499999998,0.0017171085636000002,0.00016523504317999998,0.00206486218,0.48561313300000003,0.0017171085636000002,0.00016523504317999998,0.0034378008700000004,1.7709353289999998,0.0017171085636000002,0.00016523504317999998,0.00313050339,1.4854677680000001,0.0017171085636000002,0.00016523504317999998,2.5026906013488768
155,1662007200,7.49168301e-05,7.49168578e-05,-0.28031704133999996,10.9944149835,0.05234960180000001,0.00605414813,0.0122842336,0.009481874300000002,5.4435141600000005e-05,0.00044151061159999997,44.143356600000004,114.9,2.2394150799999996e-05,6.13451872e-06,1.8288589499999997e-06,9.48278321e-07,6.9875816e-07,5.54559032e-07,4.47036107e-07,3.9274246800000007e-07,8.1764522e-07,3.0931903e-07,2.93245019e-06,71.51205759999999,20.9039196,2.0318715e-09,8.9338555,0.00162862802,0.130050425,0.0006507179932,6.449178699000001e-05,0.00202889987,0.21581019299999998,0.0006507179932,6.449178699000001e-05,0.0034176532999999993,0.986879238,0.0006507179932,6.449178699000001e-05,0.00305562503,0.524262204,0.0006507179932,6.449178699000001e-05,2.502591037750244
155,1662007800,5.762209680000001e-05,5.7622182e-05,0.06365595483,0.8379356748,0.039897345099999995,0.00599419537,0.0123744785,0.00957840145,1.101359761e-05,7.070813819999999e-05,44.8216781,103.1,1.4129966599999997e-05,5.99099956e-06,1.6863128999999996e-06,9.54976133e-07,6.917289830000001e-07,5.432982189999999e-07,4.3888639999999995e-07,3.76902481e-07,8.20778432e-07,2.54406778e-07,2.9227460599999998e-06,72.8826011,21.7267898,1.46461471e-09,8.97457165,0.00160630228,0.125383622,4.07770055e-05,7.3251055400000014e-06,0.0020677440399999997,0.212842777,4.07770055e-05,7.3251055400000014e-06,0.0032672614900000002,0.5343407119999999,4.07770055e-05,7.3251055400000014e-06,0.0031356807299999997,0.49498279700000003,4.07770055e-05,7.3251055400000014e-06,2.5026164054870605
155,1662008400,5.872396199999999e-05,5.8723991099999996e-05,-0.01936481434,0.17238224389999998,0.0317070513,0.006072272219999999,0.01255451205,0.009725921350000001,1.072509865e-05,7.216919010000001e-05,46.8251745,107.1,1.4286617449999998e-05,6.284002300000001e-06,1.78813518e-06,9.400881879999999e-07,6.68428011e-07,5.39687595e-07,4.41603865e-07,3.84919331e-07,8.38618959e-07,2.39851131e-07,2.94960199e-06,72.64907209999998,21.293519800000002,1.49771176e-09,8.96815855,0.0016023042200000001,0.12507399800000002,4.7413937499999996e-05,7.76519449e-06,0.00210548023,0.218842919,4.7413937499999996e-05,7.76519449e-06,0.0033298387400000004,0.549667214,4.7413937499999996e-05,7.76519449e-06,0.00318694712,0.5013733819999999,4.7413937499999996e-05,7.76519449e-06,2.5026079416275024
155,1662009000,9.014170419999999e-05,9.01418235e-05,-0.04249169184999999,24.608901135600004,0.07732299830000001,0.006612657649999999,0.01360288335,0.010440797399999998,9.053695970000001e-05,0.0009239578114999999,53.865385100000005,121.9,2.55549407e-05,1.0010774690000001e-05,2.30476464e-06,1.0927627500000001e-06,7.24758335e-07,5.411982189999999e-07,4.314966800000001e-07,3.8101490899999996e-07,8.343136260000001e-07,2.52209635e-07,2.94106896e-06,68.52031550000001,17.470867400000003,2.4999582e-09,8.8743617,0.0016466139499999998,0.14367362439999998,0.0002794792554,2.996644755e-05,0.0022070260499999998,0.264051258,0.0002794792554,2.996644755e-05,0.0037433232900000004,0.847889204,0.0002794792554,2.996644755e-05,0.0035600438000000004,1.0357154819999999,0.0002794792554,2.996644755e-05,2.502655553817749
155,1662009600,0.00020456837999999997,0.00020456875799999998,-0.5757977398999998,14.0661138745,0.07539337659999999,0.007876317839999999,0.01650296465,0.011838576,0.0003758686102,0.0039364991895,64.8304188,156.8,7.662179929999999e-05,1.5254404120000001e-05,2.93140919e-06,1.1971042500000001e-06,7.891336920000001e-07,6.16179754e-07,4.5617843e-07,3.8843174800000003e-07,8.337958870000001e-07,2.51754576e-07,2.9437441600000004e-06,65.31735419999998,15.121967850000004,6.316289879999999e-09,8.77302223,0.0017208064299999999,0.161106428,0.0014225849208999999,0.00017585485795,0.00241815627,0.42560951999999996,0.0014225849208999999,0.00017585485795,0.00489019158,3.096109587,0.0014225849208999999,0.00017585485795,0.00421699514,1.8506673289999998,0.0014225849208999999,0.00017585485795,2.502609372138977
155,1662010200,9.528984660000001e-05,9.52904625e-05,-0.0008429618000000069,2.8026544879999995,0.054818340900000005,0.0072423602100000015,0.015055379400000003,0.01135106865,3.95210507e-05,0.000278592236,63.0961535,144.0,2.88293087e-05,9.31575361e-06,2.2366914000000003e-06,1.10473433e-06,7.30771561e-07,5.754159220000001e-07,4.4779718299999997e-07,3.8429222400000003e-07,8.233516129999999e-07,2.57463847e-07,2.93950478e-06,67.43494150000001,16.098079000000002,2.6659000999999997e-09,8.8498056,0.0016960440300000002,0.143127422,0.00013378567710000002,2.3321409369999998e-05,0.00235740763,0.29124723799999996,0.00013378567710000002,2.3321409369999998e-05,0.00434865479,1.1345861850000003,0.00013378567710000002,2.3321409369999998e-05,0.003927019699999999,0.848988505,0.00013378567710000002,2.3321409369999998e-05,2.502593755722046
155,1662010800,6.279347469999999e-05,6.27935613e-05,0.04303919816,0.36604416149999996,0.036384631699999996,0.00623498915,0.0130112006,0.009987236350000001,1.3149512600000001e-05,9.498552860000001e-05,49.599650399999994,115.4,1.6000528599999997e-05,6.386771070000001e-06,1.8398319999999998e-06,9.83872754e-07,6.95341371e-07,5.860797859999999e-07,4.51457875e-07,3.96119008e-07,8.703682939999999e-07,2.5205801400000004e-07,2.93435872e-06,71.849102,20.399153700000003,1.62370244e-09,8.95428125,0.00164652725,0.132250822,6.02667644e-05,9.0337802e-06,0.0021307022500000002,0.225131284,6.02667644e-05,9.0337802e-06,0.00345111254,0.6042361390000001,6.02667644e-05,9.0337802e-06,0.003300397,0.5449577029999999,6.02667644e-05,9.0337802e-06,2.5026031732559204
155,1662011400,5.6840835300000004e-05,5.6840888999999996e-05,0.0182807702,0.178804927,0.0322123319,0.00596766278,0.012408304200000001,0.009588601899999999,1.043420105e-05,7.247398059999999e-05,44.743007399999996,101.4,1.37543938e-05,5.91447591e-06,1.6770252700000002e-06,9.73878353e-07,6.93214656e-07,5.37647469e-07,4.42160866e-07,3.8145675300000006e-07,8.409783190000001e-07,2.6006464600000003e-07,2.94501743e-06,73.1293284,21.9585802,1.4380126e-09,8.9816854,0.00161960219,0.1275240994,4.2458958999999996e-05,7.155485630000001e-06,0.00206685215,0.20990703099999997,4.2458958999999996e-05,7.155485630000001e-06,0.003241747590000001,0.5214261299999999,4.2458958999999996e-05,7.155485630000001e-06,0.0031067976399999997,0.482344287,4.2458958999999996e-05,7.155485630000001e-06,2.502575659751892
155,1662012000,6.357116150000001e-05,6.35712027e-05,0.034496094160000004,0.4913355906,0.037186326000000006,0.00625291179,0.012991048799999998,0.0099803098,1.4538225000000001e-05,0.00011169201650000002,49.4300695,110.4,1.5909657949999997e-05,6.68716802e-06,1.8260521199999997e-06,1.0003761180000002e-06,7.33694441e-07,6.37295032e-07,4.86205515e-07,4.1560844199999996e-07,9.26144067e-07,2.3382822999999998e-07,2.92940709e-06,71.545778,20.547527600000002,1.6439913300000002e-09,8.954498999999998,0.0016688566000000002,0.137686315,5.9483564499999994e-05,9.02030916e-06,0.0021492506000000003,0.228470455,5.9483564499999994e-05,9.02030916e-06,0.00343498276,0.604008229,5.9483564499999994e-05,9.02030916e-06,0.00331411167,0.556240246,5.9483564499999994e-05,9.02030916e-06,2.502625751495361
155,1662012600,5.9616416e-05,5.96165339e-05,0.050527500700000005,1.8976672717,0.0413668088,0.006021355380000001,0.01244511025,0.00956556605,1.86385892e-05,0.00016186075980000001,45.0646852,104.8,1.497114925e-05,6.04209023e-06,1.70961106e-06,9.77872107e-07,7.0255126e-07,5.38434964e-07,4.5187938799999994e-07,3.8660046000000006e-07,8.403904309999999e-07,2.5568785300000003e-07,2.9315920700000003e-06,72.6095922,21.3862967,1.52521232e-09,8.972004799999999,0.00162491259,0.1276590995,0.0001065066855,1.3295705570000001e-05,0.00207188591,0.211475817,0.0001065066855,1.3295705570000001e-05,0.00326224258,0.582628585,0.0001065066855,1.3295705570000001e-05,0.0031685095500000003,0.4980586430000001,0.0001065066855,1.3295705570000001e-05,2.5025786638259886
155,1662013200,8.039686119999999e-05,8.039689409999999e-05,0.16692835,3.199931352,0.0505501985,0.0063889533,0.013152121449999998,0.009959868099999998,4.813736015e-05,0.0003932499151,48.6555945,122.1,2.478337715e-05,6.60080465e-06,1.7817777300000004e-06,9.734221299999999e-07,6.992710539999999e-07,5.394575810000001e-07,4.47039885e-07,3.85528213e-07,8.251674739999999e-07,2.52416457e-07,2.90990108e-06,71.068811,19.79376085,2.21795382e-09,8.92103255,0.0016358396899999999,0.1305957124,0.0002621697312,3.4578013810000005e-05,0.00208391047,0.22379586499999998,0.0002621697312,3.4578013810000005e-05,0.00371016832,1.017871683,0.0002621697312,3.4578013810000005e-05,0.00329671152,0.646847234,0.0002621697312,3.4578013810000005e-05,2.5026763677597046
155,1662013800,6.203468900000001e-05,6.203477030000001e-05,0.13909086726,5.6134904095,0.060743321799999986,0.0060955303599999995,0.012577492800000001,0.009704993450000001,2.404910755e-05,0.00022231505590000002,47.0891607,106.9,1.5538998550000003e-05,6.409368679999999e-06,1.88801458e-06,1.01767541e-06,6.814633550000001e-07,5.44808452e-07,4.5495444400000006e-07,4.14270555e-07,8.54763676e-07,2.4595080899999997e-07,2.96698887e-06,71.824514,20.726477,1.59453286e-09,8.960444599999999,0.00162739912,0.1317470496,7.630279580000001e-05,1.045025562e-05,0.0020900786299999996,0.22526883999999997,7.630279580000001e-05,1.045025562e-05,0.0033397128399999996,0.576756934,7.630279580000001e-05,1.045025562e-05,0.00318729798,0.549646439,7.630279580000001e-05,1.045025562e-05,2.5025827884674072
155,1662014400,7.99310304e-05,7.99310948e-05,0.5279919901000001,34.6339715176,0.0849244999,0.0061340881,0.01244965625,0.0096217366,8.445183155e-05,0.0008495137910000001,45.694055299999995,123.0,2.058170065e-05,9.28774634e-06,2.44512168e-06,1.267256692e-06,8.101502550000002e-07,6.192768529999999e-07,4.91507921e-07,4.2028595700000006e-07,8.580102799999999e-07,2.646005400000001e-07,2.9197637e-06,69.7656958,19.6134601,2.15291713e-09,8.914451450000001,0.00164734557,0.15957381999999998,0.0003979704118999999,4.1439726719999994e-05,0.0021151463700000003,0.322889566,0.0003979704118999999,4.1439726719999994e-05,0.00341841,0.816776602,0.0003979704118999999,4.1439726719999994e-05,0.0031461289600000003,0.694421298,0.0003979704118999999,4.1439726719999994e-05,2.5026731967926024
155,1662015000,6.50107865e-05,6.50108179e-05,0.03618740715,0.243671061,0.0385727316,0.00636614619,0.013237309450000002,0.01023082465,1.1964093450000001e-05,7.45356173e-05,51.931818,105.5,1.69525681e-05,6.597081399999999e-06,1.82489665e-06,1.011378245e-06,6.993386369999999e-07,5.4161295e-07,4.61317889e-07,3.7671552299999996e-07,8.43790317e-07,2.76089814e-07,2.92055193e-06,71.52696560000001,19.8533615,1.69708889e-09,8.946148249999998,0.0016540442,0.132386497,3.7778759500000004e-05,7.613196159999999e-06,0.0021426768400000006,0.22844588899999999,3.7778759500000004e-05,7.613196159999999e-06,0.0035982523199999997,0.6324665840000001,3.7778759500000004e-05,7.613196159999999e-06,0.00339187381,0.5795458,3.7778759500000004e-05,7.613196159999999e-06,2.5026084899902346
155,1662015600,6.71348913e-05,6.71349506e-05,0.2027079119,10.901854867676999,0.051747282799999995,0.006256748770000001,0.0128982802,0.00995144945,2.7221000800000002e-05,0.00024373649509999994,49.956294,113.8,1.708987735e-05,7.143554409999999e-06,2.03903769e-06,1.082335852e-06,7.54156772e-07,5.60481547e-07,4.58806072e-07,3.8231869299999997e-07,8.572815510000001e-07,2.68321297e-07,2.93126811e-06,71.03500360000001,19.7725904,1.7560274700000003e-09,8.93994525,0.0016451642699999997,0.146526061,0.000124762649,1.4820820360000002e-05,0.0021233238399999996,0.25085388399999997,0.000124762649,1.4820820360000002e-05,0.00351490235,0.6508208449999999,0.000124762649,1.4820820360000002e-05,0.00327811977,0.5820559169999999,0.000124762649,1.4820820360000002e-05,2.5025737047195435
155,1662016200,7.21890908e-05,7.218924680000002e-05,0.07674428509999999,3.343071047,0.04968330929999999,0.00647308825,0.013463655299999999,0.010281788699999999,2.97157553e-05,0.0002647377134,52.46153819999999,123.4,1.9582016699999998e-05,7.527823689999999e-06,1.8630471300000003e-06,1.021059704e-06,6.77726972e-07,5.42297515e-07,4.50285008e-07,3.92781396e-07,8.26735618e-07,2.8073844300000003e-07,2.93003257e-06,70.3707774,18.895855400000002,1.92601004e-09,8.919832549999999,0.0016325505099999999,0.129420371,0.0001052889261,1.4602151819999997e-05,0.00221143897,0.25225930799999996,0.0001052889261,1.4602151819999997e-05,0.0036439858299999995,0.7215198740000001,0.0001052889261,1.4602151819999997e-05,0.00345772438,0.66974541,0.0001052889261,1.4602151819999997e-05,2.502724528312683
155,1662016800,6.47522666e-05,6.47522935e-05,0.019349159466,0.20797873349999998,0.0359972069,0.00637636249,0.01319618695,0.01020477155,1.2541233850000002e-05,9.17831253e-05,52.2517478,109.3,1.6473095499999998e-05,6.901670480000001e-06,1.8417890100000003e-06,1.0091929300000002e-06,7.1179634e-07,5.51773773e-07,4.57629593e-07,3.85581658e-07,8.348683430000001e-07,2.8485529799999996e-07,2.9235152900000002e-06,71.35773400000001,19.877675900000003,1.6868106700000002e-09,8.944114599999999,0.0016554506199999998,0.133110431,4.722757920000001e-05,8.28101995e-06,0.00218959164,0.236593257,4.722757920000001e-05,8.28101995e-06,0.00357613351,0.627967078,4.722757920000001e-05,8.28101995e-06,0.0033816996099999995,0.564540815,4.722757920000001e-05,8.28101995e-06,2.502614903450012
155,1662017400,6.85982313e-05,6.85982738e-05,-0.0860133019,1.8162147709999998,0.039771854499999995,0.006380436419999999,0.01321022235,0.010157453399999999,2.2865441950000002e-05,0.00016662173580000002,51.3006986,126.6,1.86031486e-05,6.882970780000001e-06,1.81682371e-06,9.356725510000001e-07,6.86658391e-07,5.28245147e-07,4.33661478e-07,3.74674975e-07,8.464988330000001e-07,2.6772574999999996e-07,2.92251987e-06,71.3114861,19.423124199999997,1.8198608099999998e-09,8.933167800000001,0.0016169219799999999,0.12663119100000003,0.00010149543500000001,1.5606671750000002e-05,0.00210361859,0.22017477800000002,0.00010149543500000001,1.5606671750000002e-05,0.0036848395800000004,0.759077881,0.00010149543500000001,1.5606671750000002e-05,0.00330080199,0.571586854,0.00010149543500000001,1.5606671750000002e-05,2.502578353881836
155,1662018000,8.09092074e-05,8.09092326e-05,0.3158161679,17.232767665599997,0.06492137419999999,0.00644696781,0.013227127250000002,0.01020104825,7.94109831e-05,0.0008034698836,51.54545399999999,119.9,2.369320815e-05,7.925759660000001e-06,1.78821917e-06,9.468431600000001e-07,6.871570640000001e-07,5.390380329999999e-07,4.5483885699999995e-07,3.967390119999999e-07,8.31936485e-07,2.5682244900000004e-07,2.9330758899999995e-06,70.4208411,18.7854788,2.2216008600000004e-09,8.9054334,0.0016213668800000001,0.128872064,0.0002047931287,2.3850059730000003e-05,0.00212739218,0.228531914,0.0002047931287,2.3850059730000003e-05,0.0037567016100000005,0.820393561,0.0002047931287,2.3850059730000003e-05,0.00337706787,0.8500310130000001,0.0002047931287,2.3850059730000003e-05,2.5026039361953734
155,1662018600,5.30450898e-05,5.30451753e-05,0.07145521937,0.43584048405000003,0.036089139799999996,0.00573557736,0.011872755749999998,0.009178521100000002,1.037083298e-05,7.291978429999998e-05,40.3986008,102.1,1.2450899600000002e-05,5.35843126e-06,1.66340685e-06,9.369373179999998e-07,6.993682530000001e-07,5.406737310000001e-07,4.35073537e-07,3.8478546899999997e-07,8.342697780000001e-07,2.6820874800000006e-07,2.94998425e-06,74.14791100000001,23.8253888,1.31876459e-09,9.002986400000001,0.0016215894899999999,0.1277111886,4.550037589999999e-05,6.869620290000001e-06,0.0020085943000000004,0.198314957,4.550037589999999e-05,6.869620290000001e-06,0.00304125569,0.47140087199999997,4.550037589999999e-05,6.869620290000001e-06,0.0028944360799999995,0.43195688699999996,4.550037589999999e-05,6.869620290000001e-06,2.502585697174072
155,1662019200,7.49996528e-05,7.49996909e-05,-0.062238906199999985,7.3502308126,0.05367632229999999,0.00617990327,0.013008117250000001,0.00958113605,3.630775485e-05,0.00026194395039999996,44.564685100000005,122.6,2.104999965e-05,7.3132723600000005e-06,1.94416843e-06,9.902423289999998e-07,7.05491703e-07,5.887200960000001e-07,4.6666958e-07,4.06469205e-07,8.68728806e-07,2.49763187e-07,2.91577879e-06,70.97112569999999,20.3348961,2.0256974700000003e-09,8.9298042,0.0016478796300000002,0.13734299499999997,0.00016921152010000002,2.255912802e-05,0.0020632576,0.251155205,0.00016921152010000002,2.255912802e-05,0.0034575095,0.8358332789999998,0.00016921152010000002,2.255912802e-05,0.0031754057000000003,0.635216381,0.00016921152010000002,2.255912802e-05,2.502680945396423
155,1662019800,5.19226595e-05,5.19226954e-05,0.048162226222999996,1.8256351134,0.0388482438,0.005606360079999999,0.011638461,0.00895659615,1.4160505429999999e-05,0.0001049630346,37.6171329,95.6,1.2474859799999999e-05,4.9513544e-06,1.5870156399999998e-06,9.1110067e-07,6.635893919999999e-07,5.265023259999999e-07,4.44898586e-07,3.85654269e-07,8.47877593e-07,2.62675066e-07,2.9055223399999997e-06,74.53304729999999,23.875066599999997,1.28925494e-09,9.006791499999999,0.00158596405,0.12229903739999999,0.00012985195,1.4654268289999997e-05,0.00194462896,0.18595194499999998,0.00012985195,1.4654268289999997e-05,0.00302680979,0.508002102,0.00012985195,1.4654268289999997e-05,0.00276195864,0.383770173,0.00012985195,1.4654268289999997e-05,2.502484440803528
155,1662020400,4.951155189999999e-05,4.9511586899999995e-05,0.024307715700000003,0.21490512440000004,0.033407253799999995,0.00556672073,0.0115028733,0.008915231,8.68154296e-06,6.38231776e-05,37.7132864,91.8,1.1307965199999998e-05,4.92238939e-06,1.59438642e-06,9.081070069999998e-07,6.62053105e-07,5.396230540000001e-07,4.2290777e-07,3.76216052e-07,8.17937333e-07,2.85198426e-07,2.91859524e-06,75.0486114,24.557374099999997,1.2119678999999999e-09,9.01634495,0.0015896390400000002,0.1223675094,3.11485365e-05,5.67380038e-06,0.0019519158600000003,0.186139369,3.11485365e-05,5.67380038e-06,0.00295166437,0.429076138,3.11485365e-05,5.67380038e-06,0.0028200896399999996,0.39994188399999997,3.11485365e-05,5.67380038e-06,2.502622961997986
155,1662021000,0.0002659660965,0.0002659661751,-1.10053783487,39.60408356932,0.0936751429,0.00621189113,0.012159446,0.0093448515,0.00088804157518,0.009436782549799998,42.3094406,109.9,9.62712843e-05,2.475139057e-05,4.20207014e-06,1.38176475e-06,7.980324569999999e-07,5.776858720000002e-07,4.54225841e-07,3.90439021e-07,8.455342999999999e-07,3.64814842e-07,2.94557638e-06,69.53813550000001,21.519982,8.34017412e-09,8.86807825,0.0016224475699999998,0.14242390500000002,0.0045378419017,0.00045388314038000003,0.00210230181,0.671186807,0.0045378419017,0.00045388314038000003,0.0035111645499999997,4.762499254,0.0045378419017,0.00045388314038000003,0.0031488133700000006,1.7384640270000002,0.0045378419017,0.00045388314038000003,2.502619218826294
155,1662021600,5.5611219199999996e-05,5.5611257600000006e-05,0.04019023698,0.13945217444,0.0326525517,0.005914392909999999,0.0122608455,0.0094869793,9.26551133e-06,5.947444909999999e-05,44.174825600000005,100.2,1.3326896449999999e-05,5.690326570000001e-06,1.6303653099999998e-06,9.276720330000001e-07,6.96322382e-07,5.721195109999999e-07,4.61048813e-07,3.82969633e-07,8.7616936e-07,3.21499045e-07,2.9201638900000005e-06,73.22980200000002,22.502931,1.3976835400000001e-09,8.98709215,0.0016124499100000002,0.127243557,3.6501868399999996e-05,6.650961589999999e-06,0.00207833099,0.20956641,3.6501868399999996e-05,6.650961589999999e-06,0.00323964209,0.517292445,3.6501868399999996e-05,6.650961589999999e-06,0.0030028685199999993,0.44515187800000006,3.6501868399999996e-05,6.650961589999999e-06,2.502619767189026
155,1662022200,5.4550316200000006e-05,5.45503673e-05,0.009887644724000002,0.39550082099999995,0.034260877,0.005844554409999999,0.012081118049999999,0.009327246,1.0244501499999999e-05,7.03730518e-05,43.1258749,101.1,1.307226225e-05,5.37922687e-06,1.6808001600000002e-06,9.57908815e-07,6.971049470000001e-07,5.814812370000001e-07,4.6477800799999993e-07,3.9579009299999994e-07,8.725527229999999e-07,2.5147360999999993e-07,2.92156777e-06,73.5426927,22.604342699999997,1.36466326e-09,8.992279999999997,0.0016233597699999997,0.13198334,3.7156064700000004e-05,6.63503026e-06,0.0020051102999999997,0.1990099,3.7156064700000004e-05,6.63503026e-06,0.0032087396000000006,0.509274889,3.7156064700000004e-05,6.63503026e-06,0.00294626992,0.43394502300000004,3.7156064700000004e-05,6.63503026e-06,2.5026372909545898
155,1662022800,6.0544226e-05,6.05442649e-05,-0.011929208800000002,0.28982542749999995,0.033566447900000004,0.00614228183,0.012708980549999999,0.009806727,1.2178048499999999e-05,8.246895380000001e-05,48.174825,105.3,1.5266229649999998e-05,6.183036590000001e-06,1.72819207e-06,9.51312089e-07,7.32527885e-07,5.553222419999999e-07,4.59753175e-07,3.83841519e-07,8.561449790000002e-07,2.5245464e-07,2.9030235799999996e-06,72.28848,20.7363293,1.5575145099999998e-09,8.96160145,0.00162635008,0.13036942999999998,5.25135687e-05,7.981428290000001e-06,0.0020802594099999998,0.212750766,5.25135687e-05,7.981428290000001e-06,0.0034334184000000003,0.5765194740000001,5.25135687e-05,7.981428290000001e-06,0.00321750164,0.526755817,5.25135687e-05,7.981428290000001e-06,2.5026089429855345
155,1662023400,8.280263330000002e-05,8.280273150000002e-05,-0.10699948065999998,9.664973055,0.059490578399999994,0.00610071469,0.012387499,0.009371082999999999,7.540790878e-05,0.0006563073265000001,42.041957499999995,120.6,2.5517291750000003e-05,7.105150250000001e-06,1.7350149699999998e-06,9.62838427e-07,6.791026680000001e-07,5.28805483e-07,4.4551645200000003e-07,3.8214951699999996e-07,8.396264319999999e-07,2.5079833899999995e-07,2.9544240000000003e-06,71.8317836,21.36719394,2.3007501199999996e-09,8.9293648,0.00161141172,0.1278573324,0.00036466829819999997,4.84950613e-05,0.00202796588,0.22576655999999998,0.00036466829819999997,4.84950613e-05,0.00337451843,1.056759375,0.00036466829819999997,4.84950613e-05,0.00316500771,0.67090596,0.00036466829819999997,4.84950613e-05,2.502919912338257
155,1662024000,6.097495139999999e-05,6.09749844e-05,0.04165259753,0.369167497,0.036150325100000005,0.00615034029,0.012844027,0.009850115400000001,1.2497753149999998e-05,8.99935665e-05,47.7150343,109.4,1.5369676200000004e-05,5.9279456e-06,1.8636703700000003e-06,1.006698638e-06,7.38183481e-07,5.56934567e-07,4.5838370500000005e-07,4.02418057e-07,8.864138510000001e-07,2.79025967e-07,2.99793714e-06,72.48093589999999,21.396946,1.55946198e-09,8.9689928,0.00165518461,0.13524503540000002,4.955072009999999e-05,7.92431362e-06,0.00211442499,0.221886793,4.955072009999999e-05,7.92431362e-06,0.00339572296,0.574519401,4.955072009999999e-05,7.92431362e-06,0.00320532465,0.517988917,4.955072009999999e-05,7.92431362e-06,2.502318525314331
155,1662024600,5.17390251e-05,5.1739061e-05,0.0007755472902000002,0.1811867522,0.0321769333,0.005696052209999999,0.0117846354,0.00915028075,9.30033845e-06,6.431926970000001e-05,40.0716792,95.3,1.1825551e-05,5.21483197e-06,1.6505437100000003e-06,9.744511540000002e-07,6.98393619e-07,5.757504110000001e-07,4.75293077e-07,4.04410439e-07,8.47771679e-07,2.66645778e-07,2.93564704e-06,74.2465715,23.788716299999997,1.27488368e-09,9.00434215,0.0016178341500000001,0.12986439,4.5706024199999995e-05,6.55930954e-06,0.0019921793100000002,0.194593197,4.5706024199999995e-05,6.55930954e-06,0.00303410072,0.460312812,4.5706024199999995e-05,6.55930954e-06,0.00287354994,0.408627702,4.5706024199999995e-05,6.55930954e-06,2.502621054649353
155,1662025200,5.2295121599999994e-05,5.229513979999999e-05,0.02926095026,0.1771444264,0.03192387179999999,0.00572767817,0.0118819421,0.00921467095,9.153755099999999e-06,6.187496009999999e-05,41.013986,91.0,1.2189009299999999e-05,5.39323576e-06,1.5933503500000002e-06,9.370110300000001e-07,6.72635861e-07,5.262371879999999e-07,4.4134826499999987e-07,3.81830892e-07,8.29128145e-07,2.6201172600000007e-07,2.9212472799999996e-06,74.13508150000001,23.360510400000003,1.2984864200000001e-09,8.999911800000001,0.0015976527799999997,0.12404221600000001,3.73446619e-05,6.30226476e-06,0.00198767775,0.19256671799999997,3.73446619e-05,6.30226476e-06,0.00303098969,0.457369296,3.73446619e-05,6.30226476e-06,0.00297953005,0.4423190229999999,3.73446619e-05,6.30226476e-06,2.5026118993759154
155,1662025800,5.6398715699999995e-05,5.63987666e-05,0.19009843837999998,9.649209673,0.0475996408,0.0057112076399999994,0.0117706696,0.00909107515,2.187702345e-05,0.0001946006349,39.889860299999995,94.1,1.345435595e-05,5.79503641e-06,1.8494169200000002e-06,9.85082465e-07,7.10448496e-07,5.48627343e-07,4.4345551700000007e-07,3.8362192300000003e-07,8.287774570000001e-07,2.79739929e-07,2.92062876e-06,73.47400239999999,23.0265018,1.4234059200000002e-09,8.9869522,0.0016062900800000001,0.13200627299999998,5.41795238e-05,7.4010093399999995e-06,0.0019916384700000003,0.21942813599999997,5.41795238e-05,7.4010093399999995e-06,0.0030138560099999996,0.461261928,5.41795238e-05,7.4010093399999995e-06,0.00297010195,0.517890255,5.41795238e-05,7.4010093399999995e-06,2.502611589431763
155,1662026400,0.000120035714,0.00012003574240000001,0.71118205314,38.1012470916,0.1176482998,0.00611182634,0.0122005609,0.009335188,0.00030530176957,0.0031952641278000004,42.7727274,113.3,3.427520245e-05,1.522703597e-05,3.0042745100000003e-06,1.124077013e-06,7.23255128e-07,6.52661616e-07,5.23011248e-07,3.99087995e-07,8.888124090000001e-07,2.6860819200000003e-07,2.93149259e-06,69.47089810000001,20.515179999999997,3.47025694e-09,8.886404850000002,0.00162182533,0.1361926825,0.0009143915427,0.00010166317012999999,0.0020765605699999998,0.6391795039999999,0.0009143915427,0.00010166317012999999,0.00337603923,1.50088279,0.0009143915427,0.00010166317012999999,0.0031673380900000005,0.8642062070000002,0.0009143915427,0.00010166317012999999,2.502566337585449
155,1662027000,4.8251626799999995e-05,4.82517086e-05,-0.015012710599999998,0.37953168000000004,0.0315314966,0.00549529564,0.0113546543,0.008773623300000002,8.71312512e-06,6.04420255e-05,36.3916083,89.8,1.083782275e-05,4.6840209999999995e-06,1.52004568e-06,9.172636820000001e-07,6.6332678e-07,5.431731740000001e-07,4.44896844e-07,3.88644917e-07,8.461792090000001e-07,3.30174161e-07,2.9501327300000003e-06,75.2662324,25.531406299999997,1.16891731e-09,9.02154115,0.0015867692699999998,0.1225798304,4.5476811200000005e-05,6.694551450000001e-06,0.0018883625999999998,0.174009789,4.5476811200000005e-05,6.694551450000001e-06,0.00286156873,0.414398585,4.5476811200000005e-05,6.694551450000001e-06,0.0027531655199999998,0.378459565,4.5476811200000005e-05,6.694551450000001e-06,2.502648663520813
155,1662027600,5.19579231e-05,5.1957967700000004e-05,-0.005623130399999997,0.404339283,0.0313396273,0.00566191406,0.011698428299999999,0.0090441926,1.0881345900000001e-05,7.23325085e-05,39.031469099999995,92.1,1.2359498000000002e-05,5.01828218e-06,1.5708177699999997e-06,9.12361655e-07,6.618144750000001e-07,5.27811681e-07,4.4388201199999997e-07,3.70520211e-07,8.2439403e-07,3.4631701399999996e-07,2.9428919400000002e-06,74.85963999999998,24.565477100000003,1.29016666e-09,9.0080651,0.0015826683099999998,0.1216774206,4.72764572e-05,7.02172696e-06,0.00192303505,0.18311549,4.72764572e-05,7.02172696e-06,0.00306483796,0.47718335300000003,4.72764572e-05,7.02172696e-06,0.00285247758,0.41681085900000003,4.72764572e-05,7.02172696e-06,2.502649927139282
155,1662028200,5.8670896300000005e-05,5.8670938600000015e-05,0.03364979607,2.8983761935000003,0.0449915167,0.00580472239,0.0119313708,0.00913996565,2.401107776e-05,0.00019369065669999999,40.3881122,113.8,1.5148591350000002e-05,5.48426578e-06,1.6496993099999997e-06,9.23461881e-07,6.69445161e-07,5.55913513e-07,4.36509425e-07,3.6798728e-07,8.32636534e-07,3.24123146e-07,2.94091604e-06,73.5999444,22.90732595,1.50261594e-09,8.979707350000002,0.00159155843,0.12547280910000003,8.13622198e-05,1.182399046e-05,0.00198466729,0.207487726,8.13622198e-05,1.182399046e-05,0.00317984464,0.568892642,8.13622198e-05,1.182399046e-05,0.0029135976900000003,0.4895784430000001,8.13622198e-05,1.182399046e-05,2.5026210069656374
155,1662028800,5.2631219000000004e-05,5.26313043e-05,0.018545677699999995,0.14416925949999998,0.030576855699999995,0.00575658244,0.011888337499999999,0.009204868799999998,9.42002685e-06,6.87608589e-05,41.0139854,95.4,1.269928625e-05,5.02198642e-06,1.5843241099999998e-06,9.293072900000002e-07,6.74258527e-07,5.17217148e-07,4.4920748100000006e-07,3.82969303e-07,8.27663782e-07,2.90423911e-07,2.93611669e-06,74.2996784,23.5406577,1.31021437e-09,9.00017255,0.0016081083,0.12460940549999999,3.14844832e-05,5.83306193e-06,0.0019515812200000004,0.18723067100000002,3.14844832e-05,5.83306193e-06,0.0031379201600000004,0.4797547700000001,3.14844832e-05,5.83306193e-06,0.00294164916,0.430109995,3.14844832e-05,5.83306193e-06,2.5025458574295043
155,1662029400,0.0001276784506,0.00012767853170000002,-0.20049578769999993,30.782944777900006,0.09447842200000002,0.00607001576,0.012211095500000001,0.009423476099999998,0.00034264081535000004,0.0036294079678999996,43.40734259999999,106.4,3.7471470350000004e-05,1.57074683e-05,3.2751703299999997e-06,1.13397937e-06,7.49675542e-07,5.990180169999999e-07,4.7187068799999996e-07,3.83174175e-07,8.557223730000001e-07,2.55438956e-07,2.93566342e-06,70.2350426,21.404331000000003,3.73313961e-09,8.9025522,0.00161883313,0.17729858550000002,0.001004426984,0.00011069699371,0.00207603233,0.6227851719999999,0.001004426984,0.00011069699371,0.0033520879500000002,1.5556720619999997,0.001004426984,0.00011069699371,0.0031434145499999997,1.009500716,0.001004426984,0.00011069699371,2.502659773826599
155,1662030000,6.025128670000001e-05,6.02513581e-05,0.33336296225,15.446869382400001,0.0545002911,0.0057650184,0.01191462,0.00916926535,3.872856523e-05,0.000379821252,40.218531399999996,98.0,1.49474509e-05,6.2999185e-06,1.84743877e-06,9.427747379999999e-07,6.665439399999999e-07,5.29829138e-07,4.50094552e-07,3.73948827e-07,8.364948150000001e-07,2.9218351999999997e-07,2.93637199e-06,73.01156749999998,22.828495999999998,1.54794334e-09,8.9746136,0.0015957598300000001,0.12883139400000002,0.0002700740399,2.7828340829999998e-05,0.00197654482,0.22528667200000002,0.0002700740399,2.7828340829999998e-05,0.0031400248400000005,0.6172083270000001,0.0002700740399,2.7828340829999998e-05,0.0029252778100000007,0.46801970499999995,0.0002700740399,2.7828340829999998e-05,2.502568507194519
155,1662030600,5.01300489e-05,5.01300696e-05,0.025828892400000004,0.8504927363999999,0.0344538212,0.00554689511,0.0114611291,0.0088489968,1.2779557220000002e-05,0.00010811796909999999,37.557692,104.1,1.1518046270000002e-05,4.92491468e-06,1.56944463e-06,9.403127289999998e-07,6.613645869999999e-07,5.108303040000001e-07,4.33961235e-07,3.85177845e-07,8.361852279999999e-07,3.02235909e-07,2.9820703600000003e-06,74.9778736,25.011925100000003,1.227649473e-09,9.01383165,0.00158334704,0.12129802350000003,6.69974165e-05,9.02044994e-06,0.00195946051,0.191053185,6.69974165e-05,9.02044994e-06,0.00286245795,0.43759664900000006,6.69974165e-05,9.02044994e-06,0.0028166894599999997,0.397363595,6.69974165e-05,9.02044994e-06,2.502564811706543
155,1662031200,0.0008039511516,0.0008039512641,-1.150795854443,66.67772014120001,0.23395697129999998,0.00863564206,0.016907418500000004,0.0101848549,0.00195523307327,0.0194655140146,44.293706300000004,147.6,0.00030641494415,7.437824488e-05,1.0544817199999999e-05,3.153105246e-06,1.394809334e-06,8.570335780000001e-07,5.866152160000001e-07,4.40950438e-07,9.165263250000001e-07,3.0119548e-07,2.9848507400000005e-06,58.5217469,17.29434331,2.621836578e-08,8.54297074,0.0017664003499999997,0.278413925,0.0104780873273,0.00104747993861,0.00261239677,2.003143877,0.0104780873273,0.00104747993861,0.0052226888999999995,11.953552686999998,0.0104780873273,0.00104747993861,0.0046864572899999995,8.438686467,0.0104780873273,0.00104747993861,2.5025790214538572
155,1662031800,5.99431558e-05,5.99431855e-05,0.050859058840000006,0.8012208628399999,0.038610183799999996,0.005999132619999999,0.012453689,0.00956246175,1.589669626e-05,0.0001186228556,44.6538462,112.2,1.4827872510000002e-05,6.282618509999999e-06,1.70776442e-06,9.67063044e-07,7.07044506e-07,5.5760009e-07,4.4386516699999996e-07,3.8647986700000005e-07,8.27235677e-07,2.87624404e-07,2.97434824e-06,72.9798974,22.532166999999998,1.53789615e-09,8.970781599999999,0.0016246586100000001,0.12861836840000002,6.385652839999999e-05,9.04881654e-06,0.00205334464,0.21110695000000002,6.385652839999999e-05,9.04881654e-06,0.00319820018,0.546216439,6.385652839999999e-05,9.04881654e-06,0.00315398456,0.54187983,6.385652839999999e-05,9.04881654e-06,2.502672719955444
155,1662032400,6.4572726e-05,6.457285230000002e-05,0.028735276237000052,8.025445017833999,0.058602149699999995,0.006164151129999998,0.012744139199999999,0.0098030457,2.5231320300000006e-05,0.00022187782440000002,47.3513983,109.5,1.688279675e-05,6.1978478e-06,1.8178679700000003e-06,1.001103062e-06,7.22083557e-07,5.67528328e-07,4.60951993e-07,3.914686479999999e-07,8.52593251e-07,3.28002219e-07,3.0627802799999998e-06,72.149318,21.4453807,1.67556167e-09,8.9534986,0.0016289896299999998,0.132037646,0.0001002638236,1.347537296e-05,0.0020793246600000004,0.221952713,0.0001002638236,1.347537296e-05,0.0034288853199999996,0.639676211,0.0001002638236,1.347537296e-05,0.00320618794,0.5544798569999999,0.0001002638236,1.347537296e-05,2.5026851654052735
155,1662033000,5.5187082099999994e-05,5.51871079e-05,-0.010286393349999999,0.1260992026,0.030390839800000003,0.0058930982,0.0121444125,0.009439504849999999,9.1491021e-06,6.191077979999999e-05,43.9108386,89.7,1.3111971200000001e-05,5.60238596e-06,1.63707407e-06,9.33653257e-07,6.63209739e-07,5.453454549999999e-07,4.4141343000000003e-07,3.73684878e-07,8.24543452e-07,3.4515895700000003e-07,3.1060098399999997e-06,74.4256688,24.3636192,1.38718042e-09,8.989835900000001,0.0016090093900000002,0.12485419640000002,4.19865541e-05,6.85435841e-06,0.0020394635299999997,0.20351219,4.19865541e-05,6.85435841e-06,0.0032083789700000005,0.5102251090000001,4.19865541e-05,6.85435841e-06,0.0029974975199999997,0.44183280199999997,4.19865541e-05,6.85435841e-06,2.5026560544967653
155,1662033600,7.441432029999999e-05,7.44150648e-05,0.23174103809999996,8.9624689444,0.0578294721,0.006248486669999999,0.012839980400000001,0.0098721759,2.0507269090000003e-05,0.0001671247695,48.311188800000004,116.2,2.0372014500000004e-05,7.365491539999999e-06,2.05777094e-06,1.0201233390000003e-06,6.91482361e-07,5.571110069999999e-07,4.4837108099999994e-07,3.73324498e-07,8.4424689e-07,3.6643468300000003e-07,3.10997046e-06,71.7372322,22.158079700000002,1.9968355599999996e-09,8.932851600000001,0.00163121941,0.13111960400000003,9.61529622e-05,1.219831868e-05,0.0021428263100000005,0.23212834899999998,9.61529622e-05,1.219831868e-05,0.0034166268300000005,0.6709752609999999,9.61529622e-05,1.219831868e-05,0.0032161296700000002,0.6129673429999999,9.61529622e-05,1.219831868e-05,2.5024776220321656
155,1662034200,6.48068351e-05,6.48068652e-05,-0.030600566820000064,17.651685128,0.0565964243,0.005752680620000001,0.0117964459,0.00902121335,5.752688755e-05,0.0005653447258,38.865385100000005,107.7,1.65780189e-05,6.637653269999998e-06,1.8176558899999998e-06,1.014417313e-06,6.8070384e-07,5.325507379999999e-07,4.3428113099999997e-07,3.78554367e-07,8.331977930000001e-07,3.8433235e-07,3.1048600599999997e-06,73.3118386,24.3446604,1.6922516099999998e-09,8.961465999999998,0.0016125466800000002,0.1334408005,0.00023167076790000003,2.4588511599999996e-05,0.00198095411,0.23224650900000002,0.00023167076790000003,2.4588511599999996e-05,0.0030078204299999996,0.6174617930000001,0.00023167076790000003,2.4588511599999996e-05,0.00295630007,0.574045114,0.00023167076790000003,2.4588511599999996e-05,2.5025960206985474
155,1662034800,5.1167066600000003e-05,5.1167103399999995e-05,0.01382298465,0.14564327726,0.031219860099999996,0.00566414742,0.0117590144,0.009073922350000001,8.59412937e-06,5.5762581500000007e-05,39.819929599999995,90.2,1.161313085e-05,5.064347599999999e-06,1.5907739e-06,9.30730861e-07,6.638966529999999e-07,5.326477569999999e-07,4.3130754199999994e-07,3.7042164200000003e-07,8.343375580000001e-07,3.8791473299999995e-07,3.16298966e-06,75.5423648,26.6881902,1.25766433e-09,9.0095305,0.00159314994,0.1229745985,3.4431956199999994e-05,5.677229000000001e-06,0.0019337527100000002,0.184543794,3.4431956199999994e-05,5.677229000000001e-06,0.00297046554,0.435113154,3.4431956199999994e-05,5.677229000000001e-06,0.00289154622,0.417643963,3.4431956199999994e-05,5.677229000000001e-06,2.502608132362366
155,1662035400,5.3661792699999994e-05,5.3661821999999995e-05,-0.06882360704,6.11881626582,0.03938667579999999,0.00562298873,0.011595800949999999,0.0089691092,2.295188938e-05,0.00021470450819999998,37.9562937,94.7,1.3086243949999998e-05,4.94668583e-06,1.55862693e-06,9.10814477e-07,6.662933210000001e-07,5.41857051e-07,4.3258759600000005e-07,3.66682296e-07,8.12486289e-07,3.77367079e-07,3.1215468499999996e-06,74.80611050000002,25.883444700000002,1.3413440000000003e-09,8.9953817,0.00159074082,0.12263777719999999,0.00020922446670000003,2.2154410259999995e-05,0.0019582112899999998,0.188839804,0.00020922446670000003,2.2154410259999995e-05,0.0029677554300000003,0.5389788299999999,0.00020922446670000003,2.2154410259999995e-05,0.00279217497,0.387333556,0.00020922446670000003,2.2154410259999995e-05,2.50259211063385
155,1662036000,0.0002164617057,0.0002164617923,-0.8194859686700001,56.671934955,0.14572596189999998,0.00693851901,0.013221017499999998,0.0100849173,0.00037857797729999994,0.0033048326514999995,50.865385200000006,148.1,7.05480029e-05,2.6024104120000003e-05,3.89814482e-06,1.298082275e-06,7.668513749999999e-07,5.71950638e-07,4.38727067e-07,3.8360153899999994e-07,8.27787684e-07,3.77213333e-07,3.0869026e-06,63.934844700000006,16.452671950000003,6.65064187e-09,8.72497169,0.0016523624100000002,0.16223807289999997,0.0022274349737,0.00021808413190000002,0.0022701727400000005,0.681091503,0.0022274349737,0.00021808413190000002,0.0040462326,2.6546396279999995,0.0022274349737,0.00021808413190000002,0.00371884153,2.3891801800000003,0.0022274349737,0.00021808413190000002,2.5026039123535155
155,1662036600,0.00028288107130000005,0.0002828811528,-0.0251799584,13.276052758400002,0.0990713327,0.00648967446,0.012432557799999999,0.00951190095,0.00065188639676,0.0058573618342,44.4982514,116.0,0.00011066895719999997,2.0939474189999997e-05,2.21384212e-06,1.078569224e-06,7.492171060000001e-07,5.597828959999999e-07,4.46000418e-07,3.7781989299999996e-07,8.27144176e-07,3.8236462800000005e-07,3.1903057900000002e-06,70.36039339999999,23.38033844,9.044001300000002e-09,8.852116039999999,0.00162100258,0.1353019798,0.0031252450875,0.00034811796450999997,0.00213695164,0.408750969,0.0031252450875,0.00034811796450999997,0.0036806886499999997,4.9728114,0.0031252450875,0.00034811796450999997,0.0033527241700000003,2.267832148,0.0031252450875,0.00034811796450999997,2.502597713470459
155,1662037200,5.0358058199999996e-05,5.0358117100000006e-05,0.024572931299999996,0.30753814030000004,0.032047206999999994,0.00561362745,0.01165459655,0.008990983900000001,9.405526739999998e-06,7.02574035e-05,38.2097902,88.7,1.136383455e-05,4.99513221e-06,1.52319094e-06,9.09784371e-07,6.56358651e-07,5.30972309e-07,4.37291363e-07,3.71798763e-07,8.449874689999999e-07,3.65523307e-07,3.16921012e-06,75.5653944,27.052643699999997,1.2342236900000002e-09,9.012811799999998,0.0015839671700000001,0.12166008350000002,3.17069713e-05,5.6572401e-06,0.0019125478799999999,0.179281525,3.17069713e-05,5.6572401e-06,0.00291213344,0.4219703,3.17069713e-05,5.6572401e-06,0.00288263595,0.41779721,3.17069713e-05,5.6572401e-06,2.502590012550354
155,1662037800,5.03438851e-05,5.03439367e-05,-0.010503793306,0.39264281700000003,0.03222941010000001,0.005605065729999999,0.0116006352,0.008965683900000002,9.81162446e-06,7.67977352e-05,38.48776230000001,96.7,1.14487693e-05,4.86541658e-06,1.58084869e-06,9.252652360000002e-07,6.740466479999999e-07,5.16238102e-07,4.27581082e-07,3.8144741099999994e-07,8.23120558e-07,3.66997881e-07,3.16056636e-06,75.45686049999999,26.781360799999998,1.23561588e-09,9.013324200000001,0.0015904691500000002,0.12256525409999999,3.8229923500000006e-05,6.139894860000001e-06,0.00194833725,0.184340165,3.8229923500000006e-05,6.139894860000001e-06,0.00288190238,0.42045203600000003,3.8229923500000006e-05,6.139894860000001e-06,0.0028734194999999996,0.412118526,3.8229923500000006e-05,6.139894860000001e-06,2.5026201009750366
155,1662038400,4.9647084700000005e-05,4.96471578e-05,0.061969856850000005,0.9836886619999999,0.035867319,0.005530691949999999,0.0114502999,0.0088125976,1.176679118e-05,9.44290539e-05,36.8531473,95.6,1.13370471e-05,4.689825360000001e-06,1.5780305299999998e-06,8.870989920000001e-07,6.61069027e-07,5.16109622e-07,4.3095091400000006e-07,3.8357890500000005e-07,8.230948659999999e-07,3.9114949300000007e-07,3.12380885e-06,75.8243096,27.0413703,1.21348886e-09,9.0159453,0.00158316313,0.12184327769999999,6.88237082e-05,8.68573185e-06,0.0019050804800000002,0.178307102,6.88237082e-05,8.68573185e-06,0.00289053397,0.43914605500000004,6.88237082e-05,8.68573185e-06,0.00273225353,0.37881208,6.88237082e-05,8.68573185e-06,2.502488207817078
155,1662039000,4.39959591e-05,4.39959962e-05,0.03537226952,0.28045784679999997,0.0319935932,0.005251748820000001,0.010888383250000001,0.0084181069,7.9403246e-06,6.04036371e-05,32.0751747,86.0,9.16080497e-06,4.10281896e-06,1.46042471e-06,8.685274770000001e-07,6.597015e-07,5.45363818e-07,4.2800563800000004e-07,3.74400162e-07,8.22028896e-07,3.75668111e-07,3.1867529499999995e-06,77.32467799999999,30.4225577,1.0375140799999998e-09,9.04577405,0.00157228871,0.12001489359999999,3.84035575e-05,5.28666716e-06,0.0018339807900000001,0.163509099,3.84035575e-05,5.28666716e-06,0.0026254929499999998,0.345411343,3.84035575e-05,5.28666716e-06,0.0025280126799999995,0.326163618,3.84035575e-05,5.28666716e-06,2.502609896659851
155,1662039600,0.0001264984067,0.0001264984673,0.10801777884000001,26.074443918700002,0.09638476110000001,0.00621645746,0.012544381900000002,0.00969660355,0.00023425679463,0.0024241005194999997,46.0856648,112.1,3.986905278e-05,1.265098239e-05,2.7939441399999997e-06,1.1073069140000003e-06,7.988017340000001e-07,6.20823653e-07,5.08618805e-07,4.1354928900000006e-07,9.198751070000001e-07,3.97674758e-07,3.16674796e-06,70.9420549,23.3821863,3.6920064330000004e-09,8.9021792,0.0016294283199999998,0.15182320500000002,0.0004556273916000001,5.21342605e-05,0.00209736891,0.47200236900000003,0.0004556273916000001,5.21342605e-05,0.0033881526999999995,0.9508239319999999,0.0004556273916000001,5.21342605e-05,0.0032260970900000003,1.7263921230000001,0.0004556273916000001,5.21342605e-05,2.5026082515716555
155,1662040200,4.761567599999999e-05,4.7615752299999996e-05,-0.03418087453,6.780159867099999,0.039125723099999996,0.00526596885,0.010810749449999999,0.008372381699999999,1.764745548e-05,0.00014401496010000003,31.5139857,84.6,1.069613313e-05,4.3038336e-06,1.4964080299999999e-06,9.060016419999999e-07,6.69353259e-07,5.326100189999999e-07,4.6673272300000003e-07,3.7604636199999997e-07,8.689666130000001e-07,3.51738453e-07,3.1331238600000003e-06,76.4155295,28.9409244,1.1496287159999998e-09,9.033394599999998,0.0015736434499999997,0.12035533909999999,0.00014256922319999998,1.5211691600000002e-05,0.00187001121,0.172817682,0.00014256922319999998,1.5211691600000002e-05,0.00262761455,0.4135750829999999,0.00014256922319999998,1.5211691600000002e-05,0.00253520991,0.353912899,0.00014256922319999998,1.5211691600000002e-05,2.502599835395813
155,1662040800,0.00017480871750000002,0.0001748087425,-0.33751924934,8.200720092929998,0.07235216190000002,0.007115133080000001,0.014762830600000002,0.010725534949999999,0.00024592316756000005,0.0024300734581999997,50.0262233,122.9,6.454099474999998e-05,1.283587887e-05,2.40125545e-06,1.161561972e-06,7.55776434e-07,5.47648146e-07,4.5514316999999994e-07,3.85971856e-07,8.26157741e-07,3.81297435e-07,3.11189099e-06,69.39053229999999,22.12326797,5.35281935e-09,8.841130070000002,0.0016479016299999999,0.14075290349999997,0.0015468487117,0.00016546991284,0.00223488755,0.34959769899999993,0.0015468487117,0.00016546991284,0.004274708900000001,3.001218439,0.0015468487117,0.00016546991284,0.00358515471,1.20947493,0.0015468487117,0.00016546991284,2.5025925159454347
155,1662041400,5.7403568800000006e-05,5.7403587899999996e-05,0.12279559713999999,5.8321068587,0.0551698149,0.0056482899,0.011613585999999999,0.008915401399999998,3.0430834709999997e-05,0.0002891037044,38.1660841,98.5,1.3724742850000001e-05,5.82073356e-06,1.6675315499999998e-06,9.874486980000001e-07,7.05722557e-07,5.413165579999999e-07,4.6008433099999996e-07,3.79432823e-07,8.70264569e-07,3.71130682e-07,3.1680073000000002e-06,74.6614149,26.350300499999996,1.4498557899999999e-09,8.99703145,0.00162463162,0.130932957,0.00012607065349999998,1.56523179e-05,0.0019669832000000003,0.204781403,0.00012607065349999998,1.56523179e-05,0.00292922841,0.5442804560000001,0.00012607065349999998,1.56523179e-05,0.0028363319400000002,0.45781798599999995,0.00012607065349999998,1.56523179e-05,2.502579998970032
155,1662042000,5.7572319700000004e-05,5.757237390000001e-05,-0.0155263434,0.9444113274999999,0.0344162418,0.00578952617,0.01196807645,0.0091766644,1.844298531e-05,0.00013389011279999998,40.181818299999996,98.6,1.42503904e-05,5.566278189999999e-06,1.66972818e-06,9.513204340000001e-07,6.790214939999999e-07,5.308428480000001e-07,4.3993951499999994e-07,3.78316074e-07,8.218697889999999e-07,3.91462655e-07,3.1068147799999995e-06,74.60053469999998,25.469563100000002,1.46528231e-09,8.989617399999998,0.00160718818,0.12645006649999999,8.17446564e-05,1.125636434e-05,0.00196903408,0.19982417700000002,8.17446564e-05,1.125636434e-05,0.00306309032,0.5425238739999999,8.17446564e-05,1.125636434e-05,0.00295007423,0.4780009150000001,8.17446564e-05,1.125636434e-05,2.502614450454712
155,1662042600,5.040074e-05,5.04007896e-05,0.017167902690000004,0.23219381190000005,0.0342827978,0.005605716409999999,0.0116303704,0.0089924272,8.85791306e-06,6.46701353e-05,39.03146830000001,94.3,1.14922613e-05,4.86918636e-06,1.61339779e-06,9.1881022e-07,6.60008935e-07,5.106330169999999e-07,4.4057001199999997e-07,3.845452239999999e-07,8.229521659999999e-07,3.9961009399999993e-07,3.0880062099999998e-06,75.44810420000002,26.8575205,1.23786348e-09,9.014949600000003,0.00158363095,0.12153429140000001,4.13164081e-05,6.4684940800000005e-06,0.00191519961,0.17965212300000002,4.13164081e-05,6.4684940800000005e-06,0.0029407625900000002,0.43683950000000005,4.13164081e-05,6.4684940800000005e-06,0.00283431994,0.405743826,4.13164081e-05,6.4684940800000005e-06,2.5025655031204224
155,1662043200,0.00020041931769999998,0.00020041937870000004,-0.10203041446000001,5.2880135321,0.07271580670000001,0.00704581199,0.014426060950000003,0.0105263844,0.00025239550702,0.0018694847911000002,49.0506987,119.6,7.817408455e-05,1.2295635500000002e-05,2.07151397e-06,1.1035787000000001e-06,7.73009022e-07,5.847135670000001e-07,4.6569162499999995e-07,3.94217046e-07,8.60886561e-07,3.76410926e-07,3.09753445e-06,70.06210819999998,22.63756227,6.268844470000001e-09,8.855514809999999,0.00167663666,0.14418995100000004,0.0010919789291999999,0.00015511310573000002,0.0021833443,0.308754267,0.0010919789291999999,0.00015511310573000002,0.004184761810000001,3.161330088,0.0010919789291999999,0.00015511310573000002,0.00359386743,1.8114792220000002,0.0010919789291999999,0.00015511310573000002,2.502636218070984
155,1662043800,5.188425229999999e-05,5.18843165e-05,0.08733184660000001,0.9054659476,0.041917749000000004,0.005664509200000001,0.0117417321,0.00903483665,1.012597133e-05,7.19841076e-05,39.638110999999995,99.0,1.20203812e-05,5.166737980000001e-06,1.5891229500000002e-06,9.55378176e-07,6.975109549999999e-07,5.32329703e-07,4.4277702899999997e-07,3.83020052e-07,8.260274560000001e-07,3.14854263e-07,3.00875771e-06,74.870713,25.027798499999996,1.2825285500000003e-09,9.00657145,0.00159939682,0.126228031,3.9696770600000003e-05,6.64302888e-06,0.0019709375500000003,0.19087743,3.9696770600000003e-05,6.64302888e-06,0.0029613598200000004,0.45227922000000004,3.9696770600000003e-05,6.64302888e-06,0.0028884086899999997,0.425986412,3.9696770600000003e-05,6.64302888e-06,2.5026031732559204
155,1662044400,4.78863381e-05,4.7886513499999997e-05,0.018067420857000003,1.4455934966,0.04039860939999999,0.00543465871,0.011220576,0.008666295000000001,1.219145832e-05,0.00010764617250000001,35.2010491,98.0,1.0317131349999999e-05,5.040905219999999e-06,1.54530169e-06,9.133515700000001e-07,6.61780763e-07,5.08913521e-07,4.3760616499999997e-07,3.7005340799999993e-07,8.29029888e-07,3.11616436e-07,3.00481221e-06,75.547825,26.041263100000002,1.1552043200000001e-09,9.026773699999998,0.00156531145,0.11966150849999999,4.03228442e-05,6.0462367999999995e-06,0.0019017823600000002,0.18297187899999998,4.03228442e-05,6.0462367999999995e-06,0.0027907550000000002,0.390769872,4.03228442e-05,6.0462367999999995e-06,0.0027409956999999998,0.38532215999999997,4.03228442e-05,6.0462367999999995e-06,2.5025557041168214
155,1662045000,6.577516240000001e-05,6.5775186e-05,0.3630088647,10.4979925725,0.07046560850000001,0.00604152807,0.012350664350000002,0.0095133222,3.7305546e-05,0.0003573460959,44.543706699999994,113.7,1.7310819200000002e-05,6.136094500000001e-06,1.82058738e-06,9.96714642e-07,7.468547170000001e-07,5.826762130000001e-07,4.81369298e-07,4.2911456099999993e-07,8.93834999e-07,3.5686565299999995e-07,3.1303983600000005e-06,72.4389275,22.2874141,1.70936256e-09,8.9580335,0.00162908545,0.1375788725,9.99562785e-05,1.2564102109999999e-05,0.0020517769000000007,0.21324075999999997,9.99562785e-05,1.2564102109999999e-05,0.0032570735199999997,0.581649326,9.99562785e-05,1.2564102109999999e-05,0.00318208974,0.6431584829999999,9.99562785e-05,1.2564102109999999e-05,2.502620792388916
155,1662045600,5.48376991e-05,5.48378018e-05,0.026542880400000003,0.40385984649999995,0.0388131835,0.00584977161,0.0121259853,0.009397729099999998,1.03649256e-05,7.583919489999999e-05,42.9895102,102.4,1.332228875e-05,5.2346431799999985e-06,1.6933430200000001e-06,9.585682579999999e-07,6.59090617e-07,5.32145132e-07,4.46415671e-07,3.7622389799999997e-07,8.089479909999999e-07,3.44528557e-07,3.0399389e-06,74.045744,23.706894600000002,1.3724597400000003e-09,8.99119345,0.0015911994199999998,0.1230350834,5.475605389999999e-05,7.92819259e-06,0.0020032652499999996,0.197767246,5.475605389999999e-05,7.92819259e-06,0.0031978327,0.5123844029999999,5.475605389999999e-05,7.92819259e-06,0.00297713458,0.440424708,5.475605389999999e-05,7.92819259e-06,2.5026599168777466
155,1662046200,5.2940887499999996e-05,5.29409116e-05,0.0257097466,0.1401493087,0.0318252513,0.005758140609999999,0.0119759305,0.009242506799999998,9.50416678e-06,6.27777368e-05,41.9300701,98.2,1.2521526750000002e-05,5.334860429999999e-06,1.53907436e-06,9.07216072e-07,6.664654869999999e-07,5.24858917e-07,4.5127287900000006e-07,3.8336745000000004e-07,8.2632988e-07,3.1648777299999997e-07,2.9982894700000003e-06,74.5262371,24.0979635,1.31853849e-09,8.999071800000001,0.0015829889400000002,0.12106871860000001,3.4510011099999995e-05,6.2704764400000004e-06,0.00197996902,0.19121084000000002,3.4510011099999995e-05,6.2704764400000004e-06,0.00305566745,0.471059159,3.4510011099999995e-05,6.2704764400000004e-06,0.00294913758,0.4397853420000001,3.4510011099999995e-05,6.2704764400000004e-06,2.502553677558899
155,1662046800,4.98854502e-05,4.9885498499999994e-05,0.008768228099999997,0.1784502469,0.0296949092,0.0055913364799999995,0.011567088750000001,0.00892968285,8.90373764e-06,6.28884673e-05,38.1031466,85.9,1.1592593470000001e-05,4.83335392e-06,1.5549566e-06,8.981496999999999e-07,6.62314874e-07,5.17268324e-07,4.38267399e-07,3.6720849200000005e-07,8.18820285e-07,2.8401659e-07,2.97201526e-06,75.0468609,24.9519076,1.2242456039999998e-09,9.01338945,0.0015732190200000002,0.1201135659,3.92362568e-05,6.1407047299999995e-06,0.0019518099,0.18693283300000002,3.92362568e-05,6.1407047299999995e-06,0.00297263401,0.44139877699999996,3.92362568e-05,6.1407047299999995e-06,0.0028145264400000003,0.393383112,3.92362568e-05,6.1407047299999995e-06,2.5026252031326295
155,1662047400,5.521087009999999e-05,5.52109431e-05,0.03842600980000001,0.6088230619999999,0.0382837813,0.005831320950000001,0.01207980245,0.009324953600000001,1.2740818299999999e-05,0.0001076124488,42.382867100000006,109.4,1.3561956e-05,5.37564723e-06,1.5887277500000002e-06,9.53002007e-07,6.817900460000001e-07,5.29803472e-07,4.31348186e-07,3.77348778e-07,8.307082970000001e-07,2.54622536e-07,3.01858469e-06,74.0153966,23.294021199999996,1.38941765e-09,8.989785049999998,0.00160735,0.12512690499999998,5.34881091e-05,7.790651860000001e-06,0.00198734975,0.193380173,5.34881091e-05,7.790651860000001e-06,0.00313655667,0.504444631,5.34881091e-05,7.790651860000001e-06,0.0030240413200000003,0.466655322,5.34881091e-05,7.790651860000001e-06,2.502636456489563
155,1662048000,6.29306807e-05,6.29307491e-05,-0.008782802110000001,5.125589324,0.052366366399999996,0.00584824751,0.011968654050000001,0.0091547188,3.77260564e-05,0.0003716200443,40.756993,115.3,1.664852735e-05,5.85852856e-06,1.6818497e-06,9.692120669999998e-07,6.99510084e-07,5.35885624e-07,4.5165532299999993e-07,3.9796102499999996e-07,8.515048809999999e-07,3.20898251e-07,3.04845992e-06,73.3267579,23.6946602,1.6349836849999998e-09,8.970459199999999,0.0016259920600000001,0.1287633074,0.000275563998,2.814197807e-05,0.00200149469,0.20466767199999997,0.000275563998,2.814197807e-05,0.00310364822,0.6648774749999999,0.000275563998,2.814197807e-05,0.0029893134799999998,0.5050055330000001,0.000275563998,2.814197807e-05,2.502639150619507
155,1662048600,4.93883019e-05,4.9388359899999995e-05,0.21968117445999996,5.058182964849999,0.057845718600000005,0.005512282039999999,0.0113316764,0.0087920611,1.0482263829999999e-05,8.29680645e-05,36.3461538,85.4,1.09644807e-05,4.75059932e-06,1.5896154e-06,9.903852069999999e-07,7.01571892e-07,5.60298851e-07,4.55448237e-07,4.0640386099999996e-07,8.55641462e-07,3.1202330000000007e-07,3.10349945e-06,75.3724369,26.451259600000004,1.19625323e-09,9.0210987,0.00159156933,0.1280481211,4.3048774300000004e-05,6.25687168e-06,0.0019328956200000001,0.18612115099999998,4.3048774300000004e-05,6.25687168e-06,0.00286787556,0.41276957200000003,4.3048774300000004e-05,6.25687168e-06,0.0027739010600000003,0.387464634,4.3048774300000004e-05,6.25687168e-06,2.502582573890686
155,1662049200,4.91697799e-05,4.91698294e-05,-0.019717999860000005,0.3601830708,0.031097828900000003,0.00555448834,0.011451283749999997,0.008850540899999999,8.521836830000001e-06,6.22199662e-05,37.559440099999996,83.9,1.118994625e-05,4.780362460000001e-06,1.5443521499999998e-06,9.273756639999999e-07,6.663959510000001e-07,5.158700269999999e-07,4.4835030799999997e-07,3.8036378899999993e-07,8.23524211e-07,2.90874685e-07,3.0164382900000002e-06,75.3782519,25.556862600000002,1.19885104e-09,9.0183063,0.00159729173,0.1234432987,3.35492951e-05,5.427084499999999e-06,0.0019204250699999998,0.181170483,3.35492951e-05,5.427084499999999e-06,0.00296655736,0.429446465,3.35492951e-05,5.427084499999999e-06,0.0027738653200000004,0.382144186,3.35492951e-05,5.427084499999999e-06,2.5025436162948607
155,1662049800,0.00023865282819999999,0.000238652891,1.120047514367,70.29326392580002,0.19502139280000003,0.006053746479999999,0.011701984100000002,0.00903161065,0.00074559364503,0.0078580456568,39.083916,120.4,8.762018930000002e-05,1.8896444219999997e-05,5.05202523e-06,1.428269312e-06,8.05679395e-07,5.629785220000001e-07,4.4071415899999993e-07,3.8466676800000004e-07,8.29514299e-07,2.63331754e-07,3.04098162e-06,67.4757551,20.76896787,7.420863220000001e-09,8.810602,0.0016100743599999998,0.1555980649,0.0032361419042,0.0003106431291,0.0020369295899999996,0.492807769,0.0032361419042,0.0003106431291,0.0032888741299999997,2.7011328459999997,0.0032361419042,0.0003106431291,0.0031974902499999997,3.1837285270000004,0.0032361419042,0.0003106431291,2.5025891304016112
155,1662050400,4.27815663e-05,4.2781596999999996e-05,0.0382115647,0.8483394809,0.039759103000000004,0.00515724269,0.01068557145,0.008250245950000002,8.354710140000001e-06,6.898575329999999e-05,30.520979099999998,70.4,8.59658104e-06,4.21951213e-06,1.46469458e-06,9.390471419999999e-07,6.653952189999999e-07,5.373362210000001e-07,4.4353101299999997e-07,3.8631029500000003e-07,8.390095119999999e-07,2.53015348e-07,3.0371634900000002e-06,76.8973933,28.627473799999997,9.96879829e-10,9.053390250000001,0.00157523815,0.1208319829,2.81415752e-05,4.6269471699999995e-06,0.0018404963199999999,0.17024909900000001,2.81415752e-05,4.6269471699999995e-06,0.0025135598700000003,0.319606638,2.81415752e-05,4.6269471699999995e-06,0.00253888486,0.324674509,2.81415752e-05,4.6269471699999995e-06,2.502568769454956
155,1662051000,4.33161632e-05,4.3316188700000006e-05,0.029347248399999998,0.9985268850000001,0.0376006552,0.0051871543999999995,0.010736062549999998,0.008297523900000001,9.54570471e-06,8.903371430000001e-05,30.606643100000003,75.8,8.73337829e-06,4.40086604e-06,1.4744920400000002e-06,9.38712587e-07,6.73115447e-07,5.36526572e-07,4.5664785e-07,3.8260261099999994e-07,8.34766804e-07,2.60517534e-07,2.9647513599999997e-06,76.37543649999999,27.720538500000004,1.01453133e-09,9.0487183,0.0015846932600000001,0.12301459750000002,3.20157185e-05,4.80016878e-06,0.00186614428,0.175200141,3.20157185e-05,4.80016878e-06,0.00253694723,0.323398749,3.20157185e-05,4.80016878e-06,0.00258045394,0.333955754,3.20157185e-05,4.80016878e-06,2.502610754966736
155,1662051600,4.68989703e-05,4.68990035e-05,0.012981679150000005,4.8216546133,0.04784698719999999,0.00518447516,0.010535796099999998,0.0081604096,2.0829310390000005e-05,0.0001881342394,29.543705699999997,87.3,1.0510440310000001e-05,4.44726244e-06,1.50203773e-06,8.996351059999999e-07,6.70054087e-07,5.39750654e-07,4.2864605199999994e-07,3.78775545e-07,8.124780369999999e-07,2.76333828e-07,2.9827734199999998e-06,76.20877420000001,27.3295486,1.1319066799999998e-09,9.0357468,0.00156311394,0.12151182149999999,6.650664429999999e-05,8.779468939999999e-06,0.00182869119,0.172024732,6.650664429999999e-05,8.779468939999999e-06,0.00258915282,0.377449767,6.650664429999999e-05,8.779468939999999e-06,0.0025516695299999995,0.388969615,6.650664429999999e-05,8.779468939999999e-06,2.5026492357254027
155,1662052200,7.93770348e-05,7.93771102e-05,0.0061838032540000015,3.5136844065000004,0.0557856193,0.006348642749999999,0.0131189457,0.010006903600000002,4.4370146689999994e-05,0.0004265723075,47.0402102,118.4,2.25926136e-05,7.819839090000001e-06,1.96241039e-06,1.05889718e-06,7.26251433e-07,5.716529750000001e-07,4.57930697e-07,3.85639877e-07,8.278999379999999e-07,2.8513380100000004e-07,2.9978689600000006e-06,71.81093,21.934738900000003,2.16896841e-09,8.934375,0.0016393590700000001,0.13459054850000002,0.000178800199,2.2903363279999996e-05,0.00213033727,0.253869275,0.000178800199,2.2903363279999996e-05,0.0035398680800000004,0.8750002750000002,0.000178800199,2.2903363279999996e-05,0.0032997207700000003,0.7157296630000001,0.000178800199,2.2903363279999996e-05,2.5025866270065307
155,1662052800,0.0001018229626,0.00010182303239999999,1.9620239959999999,77.39935582809998,0.13411720640000002,0.0061949302,0.012406605999999999,0.0093621248,0.00010016311157999998,0.0009378594184,42.7255248,115.8,3.10756237e-05,8.81898262e-06,2.3248342e-06,1.2426750219999998e-06,9.429648530000001e-07,7.16264214e-07,6.008944730000001e-07,5.05248355e-07,1.060252302e-06,2.6557708400000004e-07,3.3483249199999995e-06,70.4933576,22.0400748,2.8566551799999996e-09,8.9209908,0.00166789376,0.167837526,0.00045659519159999993,5.349492794000001e-05,0.00209135584,0.26443167800000006,0.00045659519159999993,5.349492794000001e-05,0.0033956914500000005,1.15720753,0.00045659519159999993,5.349492794000001e-05,0.0031934347100000004,0.9981025430000001,0.00045659519159999993,5.349492794000001e-05,2.502643513679504
155,1662053400,0.00020213735809999998,0.00020213744500000003,-0.11369571459999997,4.63492268387,0.072172781,0.00732777848,0.0160586391,0.011307464400000002,0.00017748972195000002,0.0015416940744,50.5979028,122.0,6.638537755e-05,2.277362992e-05,3.4794763199999995e-06,1.5090276300000001e-06,8.546271860000001e-07,7.38262555e-07,5.541207430000001e-07,4.5609916799999996e-07,1.028690725e-06,2.60739405e-07,3.0262624199999998e-06,69.283042,21.5811916,6.22055829e-09,8.877418200000001,0.0017486141699999999,0.1983569019,0.0006732566200999999,7.994202543999999e-05,0.00232377673,0.4693589329999999,0.0006732566200999999,7.994202543999999e-05,0.0042579587799999995,2.3895159759999998,0.0006732566200999999,7.994202543999999e-05,0.00387797415,2.4026922649999998,0.0006732566200999999,7.994202543999999e-05,2.5025707960128782
155,1662054000,5.369829349999999e-05,5.3698329999999996e-05,0.07173676386000001,0.923700193,0.0476128397,0.005763704850000001,0.011958013600000001,0.0092078377,1.105935585e-05,7.96469964e-05,41.5314676,98.4,1.27187791e-05,5.399865229999999e-06,1.6470114e-06,9.516244919999998e-07,6.94108741e-07,5.24544774e-07,4.58274466e-07,3.7656868400000003e-07,8.34678116e-07,2.8762651899999996e-07,2.9559008000000003e-06,74.00018010000001,23.3457854,1.3412741299999998e-09,8.9946559,0.0016035914000000003,0.12592345700000002,4.9807920499999994e-05,7.265346919999999e-06,0.00198308585,0.195848746,4.9807920499999994e-05,7.265346919999999e-06,0.00303324949,0.469991385,4.9807920499999994e-05,7.265346919999999e-06,0.00301134794,0.456171481,4.9807920499999994e-05,7.265346919999999e-06,2.5025726079940798
155,1662054600,4.8896495e-05,4.8896505200000005e-05,-0.0431069587,1.4535765369,0.0372227116,0.005427326,0.011208744250000003,0.0086451474,1.4414546159999999e-05,0.00012343143350000002,34.571678299999995,95.4,1.078812225e-05,4.501435410000001e-06,1.4683333399999998e-06,9.24196088e-07,7.349971629999999e-07,7.011116799999999e-07,5.35047256e-07,4.815223359999999e-07,1.06116262e-06,2.99388015e-07,2.9524437399999997e-06,75.2679674,26.551576900000004,1.1769935940000001e-09,9.028182500000002,0.00161462772,0.13500386820000002,4.314608249999999e-05,6.708848799999999e-06,0.00185956772,0.1699352,4.314608249999999e-05,6.708848799999999e-06,0.00280096453,0.407027405,4.314608249999999e-05,6.708848799999999e-06,0.0026443366399999998,0.374588805,4.314608249999999e-05,6.708848799999999e-06,2.5025476455688476
155,1662055200,5.21658126e-05,5.21658392e-05,0.0077615232,0.2742432884,0.0320625418,0.005695846199999999,0.0118202419,0.009142113999999998,9.9063337e-06,6.545245670000001e-05,40.13986010000001,99.2,1.1984755799999999e-05,5.328697879999999e-06,1.5953724699999999e-06,9.054420539999999e-07,6.91398642e-07,5.68803472e-07,4.73472625e-07,3.97269122e-07,8.925852479999999e-07,2.9146307299999997e-07,2.9530505699999998e-06,74.2831666,24.0265932,1.28673227e-09,9.005870649999999,0.00160962118,0.12594629100000002,4.38623795e-05,6.78973475e-06,0.0019894798,0.193018283,4.38623795e-05,6.78973475e-06,0.00300466836,0.45854944900000005,4.38623795e-05,6.78973475e-06,0.00288964424,0.423245899,4.38623795e-05,6.78973475e-06,2.502630043029785
155,1662055800,4.54420185e-05,4.54420429e-05,0.0031820228820000004,0.2154639504,0.0310682485,0.00533168691,0.011023772800000001,0.008542250599999999,7.96066006e-06,5.82591439e-05,33.977272899999996,87.4,9.80910179e-06,4.510271470000001e-06,1.50147232e-06,9.23741482e-07,6.555951980000001e-07,5.089140159999999e-07,4.33471378e-07,3.75582415e-07,8.087494820000001e-07,2.92198703e-07,2.9015007999999996e-06,75.87268879999999,26.3046536,1.086836194e-09,9.034438549999999,0.00157726823,0.1203555288,3.55784151e-05,5.6294107e-06,0.0018775050499999998,0.17310303500000002,3.55784151e-05,5.6294107e-06,0.0027330513,0.379157721,3.55784151e-05,5.6294107e-06,0.00265688443,0.348443505,3.55784151e-05,5.6294107e-06,2.502561259269714
155,1662056400,5.5719816199999995e-05,5.5719838100000004e-05,0.0116530179,0.74228171018,0.0342056566,0.00582592162,0.0120209236,0.00926644085,1.4082983829999998e-05,0.0001005107098,42.1800701,101.0,1.3784550149999999e-05,5.509138859999999e-06,1.5825480000000001e-06,9.331180729999999e-07,6.597552929999999e-07,5.209187319999999e-07,4.5065066799999996e-07,3.72367867e-07,8.33452824e-07,2.8108613300000004e-07,2.9314282799999997e-06,73.7139585,22.6153044,1.40738167e-09,8.9873874,0.0015877826800000001,0.1223237586,6.28026267e-05,9.59730641e-06,0.0019987541,0.199224588,6.28026267e-05,9.59730641e-06,0.00314899794,0.5256816019999999,6.28026267e-05,9.59730641e-06,0.00300872946,0.462380105,6.28026267e-05,9.59730641e-06,2.5026463747024534
155,1662057000,6.84275438e-05,6.842778130000001e-05,-0.33314729655,40.0662410828,0.066051491,0.00552683271,0.0112242095,0.0086623954,4.1548229629999995e-05,0.000410324319,35.2395102,92.6,1.7312851900000002e-05,7.661826420000002e-06,1.97861804e-06,1.091902056e-06,7.295915660000001e-07,5.746087110000001e-07,4.53260723e-07,3.7822073500000003e-07,8.204597990000001e-07,2.9142932800000006e-07,2.92103647e-06,72.1034461,23.0480517,1.801195222e-09,8.9611186,0.00159186235,0.12555503389999997,0.00023948439610000003,2.448355715e-05,0.0019066301500000001,0.190920167,0.00023948439610000003,2.448355715e-05,0.00282080029,0.6465545109999999,0.00023948439610000003,2.448355715e-05,0.00281120307,0.531143821,0.00023948439610000003,2.448355715e-05,2.50257568359375
155,1662057600,5.00151328e-05,5.00151581e-05,0.02937139011,0.9934433391000003,0.0352772447,0.00545615204,0.011249565500000001,0.008653451449999999,1.268799837e-05,8.98566461e-05,35.09440539999999,94.4,1.125113535e-05,5.253902980000001e-06,1.54625596e-06,9.002190400000001e-07,6.728668230000001e-07,5.35494573e-07,4.30455569e-07,3.910543740000001e-07,8.166995590000001e-07,2.8010775300000004e-07,2.9289419599999998e-06,75.0352369,25.115194199999998,1.23012647e-09,9.016504800000002,0.0015861518900000004,0.12251813599999999,4.09618621e-05,7.201431120000002e-06,0.0019095461800000002,0.193927535,4.09618621e-05,7.201431120000002e-06,0.0027999669799999996,0.42472707400000004,4.09618621e-05,7.201431120000002e-06,0.0027550337000000003,0.406617015,4.09618621e-05,7.201431120000002e-06,2.502624988555908
155,1662058200,4.3367330111111115e-05,4.336736044444445e-05,0.0001199351666666666,0.15380640655555555,0.027472805333333333,0.005216725877777777,0.010849975333333334,0.008375435722222222,6.7890765e-06,4.552119244444444e-05,31.742424333333336,77.0,9.124364666666668e-06,4.193048533333333e-06,1.4619459444444445e-06,9.137195122222221e-07,6.609775288888889e-07,5.002597866666667e-07,4.230815011111111e-07,3.839174255555555e-07,8.138032122222222e-07,2.9083893555555555e-07,2.916836966666667e-06,76.62651388888888,27.21049077777778,1.02170056e-09,9.049520722222221,0.0015776280444444446,0.12052330733333333,2.9259684777777782e-05,4.937908811111111e-06,0.0018290161444444444,0.16336775444444443,2.9259684777777782e-05,4.937908811111111e-06,0.002644303577777778,0.34851310444444444,2.9259684777777782e-05,4.937908811111111e-06,0.002562030022222222,0.3276463677777778,2.9259684777777782e-05,4.937908811111111e-06,2.502569039662679
155,1662058800,8.88907893e-05,8.889089049999999e-05,-0.23666706866000004,6.8673238333,0.0548093523,0.005901203120000001,0.012283709799999997,0.008969656249999998,9.403940698999998e-05,0.0009368681977,37.08041959999999,109.7,2.6138427630000007e-05,9.189011880000001e-06,1.9825744999999997e-06,1.005170574e-06,6.950819309999999e-07,5.58228652e-07,4.5872656599999996e-07,3.86848833e-07,8.33720759e-07,2.85555889e-07,2.91198412e-06,72.3736986,23.6773295,2.5032221539999996e-09,8.9507552,0.0016103084099999998,0.1318423865,0.00036485384979999995,4.018755701e-05,0.0019803350499999995,0.25894928300000003,0.00036485384979999995,4.018755701e-05,0.00316494997,0.9761715169999998,0.00036485384979999995,4.018755701e-05,0.0030156477799999997,0.8906894550000001,0.00036485384979999995,4.018755701e-05,2.5026091575622558
155,1662059400,5.4455009800000004e-05,5.4455041000000005e-05,-0.04341695336999999,1.896219881,0.0424732631,0.00554847459,0.0114718514,0.008733431150000002,2.07535753e-05,0.00016587638689999996,35.9912587,119.3,1.391149365e-05,4.88600284e-06,1.5415513899999998e-06,8.91023348e-07,6.514672360000001e-07,5.19349122e-07,4.38941896e-07,3.7970384499999996e-07,8.20905411e-07,2.76584556e-07,2.9102029600000003e-06,74.71518840000002,24.4815909,1.377573546e-09,9.0057546,0.00156733976,0.11988694849999999,0.0001006123335,1.2810269659999999e-05,0.0018776723500000003,0.17886677199999998,0.0001006123335,1.2810269659999999e-05,0.00293095582,0.541725983,0.0001006123335,1.2810269659999999e-05,0.0027737817,0.43570217299999997,0.0001006123335,1.2810269659999999e-05,2.50271098613739
155,1662060000,0.0002576058589,0.0002576058706,-0.3060811127,36.89523681067,0.12673051220000003,0.00563411904,0.010931937749999999,0.0084840265,0.00070762617053,0.0074085978703,32.797202,92.2,7.653246817e-05,3.5109349849999995e-05,7.575494709999999e-06,2.6068919939999995e-06,1.2601052300000001e-06,7.4781815e-07,5.03697784e-07,4.04309004e-07,8.437356199999999e-07,2.8491440199999996e-07,2.9341278100000003e-06,71.0960325,24.273601360000004,7.94068764e-09,8.916753600000002,0.0016123616599999998,0.42957959449999994,0.005496190225300001,0.0005190121965400001,0.0019741548999999995,1.5796020670000002,0.005496190225300001,0.0005190121965400001,0.0029986399900000004,3.698412847,0.005496190225300001,0.0005190121965400001,0.00281541371,1.359059783,0.005496190225300001,0.0005190121965400001,2.502494478225708
155,1662060600,5.65361543e-05,5.6536166099999994e-05,-0.19334330073,4.7185124835,0.04122786700000001,0.005829672910000001,0.01208787725,0.009304333549999998,1.9707910950000002e-05,0.00018113003510000002,41.879370400000006,102.3,1.3362826800000001e-05,5.8384359299999996e-06,1.71245404e-06,9.34197219e-07,6.851779699999999e-07,5.45818458e-07,4.51017472e-07,3.8004059000000003e-07,8.325504380000001e-07,5.33233446e-07,2.9920585e-06,73.526925,23.7740713,1.42635307e-09,8.98140085,0.0015839296099999997,0.12369359799999999,6.287051259999999e-05,8.468970319999999e-06,0.00200297222,0.198964036,6.287051259999999e-05,8.468970319999999e-06,0.00310303779,0.49738586199999996,6.287051259999999e-05,8.468970319999999e-06,0.00300565015,0.493409415,6.287051259999999e-05,8.468970319999999e-06,2.502594542503357
155,1662061200,5.644971000000001e-05,5.6449719399999994e-05,-0.1300347407,2.6709744079,0.0388917751,0.00578578517,0.011944942699999999,0.00918689345,1.7941098500000003e-05,0.00013904632599999998,41.185314600000005,107.1,1.3815682100000001e-05,5.49132e-06,1.61635119e-06,9.385541259999999e-07,6.78632153e-07,5.22385765e-07,4.2061333899999994e-07,3.86856462e-07,8.198287829999999e-07,5.78493068e-07,2.95594072e-06,73.82743350000001,23.833542,1.42871309e-09,8.9824599,0.0015904660300000001,0.1227693269,6.51941467e-05,9.36140869e-06,0.0019810596699999998,0.199277717,6.51941467e-05,9.36140869e-06,0.0030434497799999996,0.49013213199999994,6.51941467e-05,9.36140869e-06,0.0030307526500000003,0.501141308,6.51941467e-05,9.36140869e-06,2.502613878250122
155,1662061800,5.308845319999999e-05,5.30885386e-05,-0.003450342574,0.16225331319999997,0.030690639400000004,0.00576705978,0.0119181904,0.009201957450000003,9.213727e-06,5.72978364e-05,41.7010485,92.5,1.2517544749999999e-05,5.28306923e-06,1.6022659300000002e-06,9.344012360000003e-07,6.77041491e-07,5.261245799999999e-07,4.4550345900000007e-07,3.89517704e-07,8.29575764e-07,3.9772378500000006e-07,2.9414890600000003e-06,74.235489,23.9811481,1.32143861e-09,9.0002151,0.00159640258,0.123866475,3.53141483e-05,6.28725334e-06,0.00200142317,0.196165056,3.53141483e-05,6.28725334e-06,0.0030638277600000003,0.47041205399999997,3.53141483e-05,6.28725334e-06,0.00293853028,0.434500377,3.53141483e-05,6.28725334e-06,2.502576804161072
155,1662062400,6.44348506e-05,6.443494279999999e-05,-0.28590562142,12.634508434399999,0.0450183991,0.0060311906700000004,0.01238027535,0.009514901099999999,4.356989069999999e-05,0.00042134896670000004,44.7674823,116.5,1.7535945099999997e-05,6.0110599500000005e-06,1.6190858300000001e-06,9.46009266e-07,6.5411793e-07,5.30854762e-07,4.3335783e-07,3.8028574499999994e-07,8.239048699999999e-07,3.0706152499999997e-07,2.97530783e-06,72.1792326,20.906460900000003,1.68430017e-09,8.954299500000001,0.00159971138,0.12434679099999998,0.0001852840726,2.0919294919999996e-05,0.00201535529,0.20775567099999998,0.0001852840726,2.0919294919999996e-05,0.0033741710599999994,0.6606831129999999,0.0001852840726,2.0919294919999996e-05,0.00308366139,0.562861556,0.0001852840726,2.0919294919999996e-05,2.502572011947632
155,1662063000,5.88001299e-05,5.8800163299999993e-05,0.018638492740000002,0.196315675,0.0324009433,0.0060563323799999996,0.0126344176,0.00972689425,1.092480051e-05,6.67159498e-05,46.4300701,106.1,1.4614916299999998e-05,6.01399052e-06,1.6629142700000003e-06,9.46543817e-07,6.73280376e-07,5.435694239999999e-07,4.3342484e-07,3.6765662199999997e-07,8.278328900000001e-07,3.58565867e-07,2.95714033e-06,73.20049739999999,22.040687999999996,1.5019540099999998e-09,8.973739799999999,0.0016029596699999999,0.1247143775,4.3325072199999996e-05,7.473071010000001e-06,0.0020536830099999997,0.20466726200000002,4.3325072199999996e-05,7.473071010000001e-06,0.00335695761,0.559126361,4.3325072199999996e-05,7.473071010000001e-06,0.0031582943400000002,0.502245948,4.3325072199999996e-05,7.473071010000001e-06,2.502645182609558
155,1662063600,8.022501939999998e-05,8.022508839999999e-05,0.24813563757000004,20.837496258999998,0.07342309859999999,0.006284242259999999,0.012880301299999999,0.00992626475,9.264511095e-05,0.0009522358321999997,49.232517800000004,108.2,2.15143811e-05,9.04202356e-06,2.1945264e-06,1.066382937e-06,6.831266849999999e-07,5.471425739999999e-07,4.4759751300000004e-07,3.8351024e-07,8.4573099e-07,4.1797819300000005e-07,2.96959452e-06,70.57083209999999,20.519848200000002,2.1807646e-09,8.9173292,0.0016227248900000002,0.1335810314,0.00028546357550000005,3.7005238579999997e-05,0.0021082368800000003,0.311365669,0.00028546357550000005,3.7005238579999997e-05,0.0035010976999999997,0.9017261920000001,0.00028546357550000005,3.7005238579999997e-05,0.0033152107,0.6492242300000001,0.00028546357550000005,3.7005238579999997e-05,2.5025744438171387
155,1662064200,5.54741514e-05,5.54742243e-05,-0.0729938272,1.908020042,0.0375266001,0.0058203677,0.0120680576,0.00930458535,1.3939190899999999e-05,0.00011802604230000001,42.2639856,102.8,1.309529825e-05,5.79573863e-06,1.66105351e-06,9.330791129999998e-07,6.725167670000001e-07,5.46739285e-07,4.40598879e-07,3.623511059999999e-07,8.28721433e-07,4.6354408500000003e-07,2.93725614e-06,73.69357939999999,23.473668600000003,1.39430246e-09,8.987535399999999,0.00159354723,0.12544404550000002,6.76458263e-05,8.98262415e-06,0.0020121513700000005,0.205629026,6.76458263e-05,8.98262415e-06,0.00310584179,0.4979466779999999,6.76458263e-05,8.98262415e-06,0.00300093893,0.46144943399999994,6.76458263e-05,8.98262415e-06,2.5025903940200807
155,1662064800,5.197906660000001e-05,5.197912650000001e-05,0.023590216900000002,0.30491171740000006,0.032244288200000006,0.00568242735,0.011831534250000001,0.009098411,9.95807336e-06,6.34160733e-05,39.7342661,98.6,1.2331215149999998e-05,5.121174670000001e-06,1.50933946e-06,9.01575817e-07,6.81328607e-07,5.14187135e-07,4.4043064199999993e-07,3.72120036e-07,8.32328526e-07,3.63154978e-07,2.9224621999999996e-06,74.62957220000001,23.948875400000002,1.28956777e-09,9.00516575,0.00158044619,0.121296412,4.4093614e-05,7.252337730000001e-06,0.0019399910200000002,0.183807773,4.4093614e-05,7.252337730000001e-06,0.0030730045500000002,0.48287449899999996,4.4093614e-05,7.252337730000001e-06,0.0028257785599999996,0.407331902,4.4093614e-05,7.252337730000001e-06,2.502521109580994
155,1662065400,4.544694650000001e-05,4.54470166e-05,0.01573738885,0.1346934844,0.030370333,0.0053356014700000004,0.0110984857,0.008582966689999999,7.2205310900000005e-06,4.86360486e-05,33.79545460000001,79.3,9.81614305e-06,4.42272174e-06,1.5016841100000001e-06,8.635764940000002e-07,6.32604067e-07,5.321118769999999e-07,4.40254806e-07,3.75421765e-07,8.302095119999999e-07,3.7860434299999994e-07,2.92986972e-06,76.11220399999999,27.110853400000003,1.086076956e-09,9.0377405,0.00156298409,0.11830989410000001,2.8222076899999997e-05,4.7610291799999985e-06,0.0018623809300000003,0.169383005,2.8222076899999997e-05,4.7610291799999985e-06,0.0026846241400000003,0.363012923,2.8222076899999997e-05,4.7610291799999985e-06,0.0027018689499999997,0.362510151,2.8222076899999997e-05,4.7610291799999985e-06,2.5026838302612306
155,1662066000,5.147825e-05,5.14782828e-05,0.020368228699999998,0.254636736,0.0319939496,0.005666796579999999,0.011707624149999998,0.0090360491,9.5091582e-06,6.2787852e-05,39.5472026,88.1,1.20758704e-05,5.04341578e-06,1.5568890000000002e-06,9.02357364e-07,6.61755018e-07,5.21898774e-07,4.4845260900000006e-07,3.72794557e-07,8.264506820000001e-07,4.069321980000001e-07,2.92221949e-06,74.6895322,24.4743026,1.2743054700000002e-09,9.00760965,0.0015864106900000002,0.12281690639999998,3.79300551e-05,6.496405850000001e-06,0.0019378512600000002,0.185817795,3.79300551e-05,6.496405850000001e-06,0.00300143347,0.45486268599999996,3.79300551e-05,6.496405850000001e-06,0.0029010317299999998,0.419923745,3.79300551e-05,6.496405850000001e-06,2.502494215965271
155,1662066600,0.0002754972994,0.0002754973298,0.177527674278,18.5834697314,0.1306083501,0.006587645139999999,0.01266218755,0.009794817200000002,0.0006718889901999999,0.0063084909115,47.56643319999999,117.5,0.0001066743162,2.090069563e-05,2.57681282e-06,1.238217734e-06,7.81478157e-07,5.53277165e-07,4.5703330899999994e-07,3.94008463e-07,8.398632549999999e-07,4.0243511199999995e-07,2.93005808e-06,69.00144759999999,20.3272315,8.765606080000001e-09,8.842739609999999,0.0016311607299999999,0.16429590489999998,0.0028017355811000002,0.0003454032263,0.0021441462099999996,0.39078892,0.0028017355811000002,0.0003454032263,0.00387333038,4.465031539,0.0028017355811000002,0.0003454032263,0.00343143306,2.565134124,0.0028017355811000002,0.0003454032263,2.502668333053589
155,1662067200,7.18195765e-05,7.181963310000001e-05,-0.4842623013900001,12.3448009314,0.0445200469,0.00613517075,0.01258155125,0.00967460015,6.162135568e-05,0.0006183639428,46.1013988,114.8,2.0308365e-05,6.44689083e-06,1.7622898600000001e-06,9.634643e-07,7.36241465e-07,6.15176309e-07,4.806609380000001e-07,4.3406659299999994e-07,8.949831170000001e-07,3.52452553e-07,2.9148976e-06,71.69908260000001,21.1973343,1.9218125899999998e-09,8.94343475,0.00163324929,0.13378030700000001,0.0003657995772,3.861986874e-05,0.0020420584499999997,0.23272808400000003,0.0003657995772,3.861986874e-05,0.00341760048,0.856501244,0.0003657995772,3.861986874e-05,0.00317161951,0.531692372,0.0003657995772,3.861986874e-05,2.5027243375778196
155,1662067800,6.296802439999999e-05,6.296806610000001e-05,0.053549258749999995,0.2645682388,0.0356621949,0.006254401729999999,0.0130616339,0.010077593999999999,1.214017355e-05,8.436881969999999e-05,49.8741256,109.3,1.60109169e-05,6.505830790000001e-06,1.8068333399999998e-06,9.648058650000003e-07,6.83573777e-07,5.30807061e-07,4.5177755599999996e-07,3.8345938799999997e-07,8.21255192e-07,3.93359435e-07,2.9312116000000006e-06,72.1147332,20.9768681,1.6341085699999999e-09,8.95168885,0.00161766504,0.1271854785,4.2723838499999994e-05,7.83706197e-06,0.0021316115,0.22426275599999998,4.2723838499999994e-05,7.83706197e-06,0.003507744669999999,0.607049579,4.2723838499999994e-05,7.83706197e-06,0.00328367071,0.550211593,4.2723838499999994e-05,7.83706197e-06,2.502441334724426
155,1662068400,5.2659124099999996e-05,5.265916329999999e-05,-0.0013658943,0.17634823135,0.03153004220000001,0.00573875735,0.0118890015,0.0091804523,9.40222918e-06,6.408629040000001e-05,40.8409086,92.9,1.2468229899999997e-05,5.13200737e-06,1.60442889e-06,9.213955140000001e-07,6.89310418e-07,5.181234869999999e-07,4.4248884099999997e-07,3.77157296e-07,8.44057097e-07,3.92847764e-07,2.93921623e-06,74.4746,24.1524774,1.30734205e-09,9.002474999999999,0.00159626676,0.12382474669999999,3.79032841e-05,6.16446954e-06,0.00198314672,0.191729591,3.79032841e-05,6.16446954e-06,0.00306270397,0.46524181899999995,3.79032841e-05,6.16446954e-06,0.00294958687,0.434211586,3.79032841e-05,6.16446954e-06,2.5024927854537964
155,1662069000,4.92885888e-05,4.9288598099999994e-05,0.16638903678,1.7634129716000004,0.0420809468,0.00551071988,0.0114365356,0.0088375661,9.674313170000003e-06,7.05818276e-05,36.3409094,95.6,1.0740815399999998e-05,4.94588662e-06,1.6327854200000001e-06,9.62720764e-07,6.99294278e-07,5.441209289999999e-07,4.6205049699999993e-07,4.0054725099999995e-07,8.586356589999999e-07,4.5148119699999996e-07,2.94576982e-06,75.19893809999999,25.935909200000005,1.19646702e-09,9.02043555,0.0016040655299999998,0.12897515310000002,3.91196431e-05,5.888078070000001e-06,0.0019402045499999996,0.186070525,3.91196431e-05,5.888078070000001e-06,0.0028413682799999997,0.40499192900000003,3.91196431e-05,5.888078070000001e-06,0.00278803339,0.395508299,3.91196431e-05,5.888078070000001e-06,2.502612996101379
155,1662069600,0.00024154484559999996,0.00024154537549999998,-0.4769757763999999,18.001704027349998,0.0999779276,0.007191270479999999,0.0147817904,0.010295675649999999,0.00041764331092,0.004133605854,48.8321676,133.5,9.177433740000001e-05,1.8975167890000002e-05,2.58005666e-06,1.1420191939999998e-06,7.535289059999999e-07,5.77203667e-07,4.4781147699999994e-07,3.95972976e-07,8.32367852e-07,3.77612563e-07,2.91676173e-06,67.23818460000001,19.73222525,7.590219149999998e-09,8.79457665,0.00166146009,0.1544040412,0.0026337989626,0.00027548844815,0.0022231409600000003,0.398673856,0.0026337989626,0.00027548844815,0.004382203330000001,4.2670085680000005,0.0026337989626,0.00027548844815,0.0036365594300000006,1.7801465650000001,0.0026337989626,0.00027548844815,2.503058338165283
155,1662070200,4.8821359900000006e-05,4.88213837e-05,0.0024816414000000007,0.13574361949999997,0.0299745593,0.005536873919999999,0.011441096949999998,0.00888468075,8.06076219e-06,5.24781921e-05,37.103146800000005,83.8,1.087061835e-05,4.94435835e-06,1.55446319e-06,9.126154729999999e-07,6.66038624e-07,5.28052396e-07,4.3411683100000007e-07,3.80814992e-07,8.42106247e-07,3.59662442e-07,2.91780901e-06,75.136064,25.290010499999998,1.1899226699999999e-09,9.0184841,0.0015927260900000001,0.1227524499,2.8998174900000003e-05,5.29276772e-06,0.00193390879,0.18235059800000003,2.8998174900000003e-05,5.29276772e-06,0.0028901217099999996,0.41228627500000004,2.8998174900000003e-05,5.29276772e-06,0.00281311463,0.390810365,2.8998174900000003e-05,5.29276772e-06,2.5022218227386475
155,1662070800,0.00010482069480000002,0.00010482072489999999,-0.25727827799999997,29.1160733,0.0781379605,0.005943408869999999,0.011976502449999999,0.0092167805,0.0001378259737,0.0012219473477,41.0926576,111.4,3.2532557899999994e-05,1.081375869e-05,1.92427071e-06,9.43436825e-07,6.74485415e-07,5.328056059999999e-07,4.3642545500000003e-07,3.76711631e-07,8.436380129999999e-07,3.98924435e-07,2.9329818e-06,70.968644,21.7735473,3.01149042e-09,8.909311800000001,0.00159709148,0.1318303455,0.0014293700244999998,0.00013734072416,0.00199204272,0.21895504699999999,0.0014293700244999998,0.00013734072416,0.0032640642900000003,1.367175469,0.0014293700244999998,0.00013734072416,0.00305117381,0.9895427699999999,0.0014293700244999998,0.00013734072416,2.5025532722473143
155,1662071400,7.068649750000001e-05,7.06867285e-05,-0.10006225940000002,3.3217019134000005,0.046467036,0.006486891360000001,0.013465882200000001,0.01029240315,2.93360218e-05,0.00026824073409999997,52.7587413,121.7,1.8761846299999998e-05,7.37236686e-06,1.9001963900000003e-06,1.02524881e-06,6.9546316e-07,5.495886789999999e-07,4.564604879999999e-07,3.8446356e-07,8.217146080000001e-07,4.276728e-07,2.9482980499999997e-06,70.6538242,19.3354562,1.87203925e-09,8.922769300000002,0.00165531515,0.134018582,0.0001236858639,1.575598755e-05,0.0021707285599999997,0.240585887,0.0001236858639,1.575598755e-05,0.0036642570300000005,0.73558093,0.0001236858639,1.575598755e-05,0.0034249744400000003,0.6118123179999999,0.0001236858639,1.575598755e-05,2.502593231201172
155,1662072000,0.0003177902834,0.0003177903122,0.05296868711,0.633582591,0.0594278305,0.00846205616,0.0197872545,0.01428995985,0.00014386742108999997,0.0009283692055000001,51.2360138,117.0,0.00010123769990000001,3.813162402e-05,8.16531553e-06,3.2502266610000003e-06,1.5741911229999998e-06,9.455663340000002e-07,6.64654093e-07,5.25795642e-07,1.012116746e-06,3.80139554e-07,3.00779231e-06,69.7771884,22.238195249999997,9.9641318e-09,8.88688502,0.0020161378099999997,0.34075107500000007,0.0004982949348,8.263744703e-05,0.00298718409,1.2338847929999999,0.0004982949348,8.263744703e-05,0.0048513917999999994,3.9014620520000003,0.0004982949348,8.263744703e-05,0.00460209896,3.2808335480000004,0.0004982949348,8.263744703e-05,2.502591633796692
155,1662072600,0.0001513813745,0.00015138144739999996,0.0032577817700000337,33.63978360739999,0.1061474393,0.00627776023,0.012315850700000002,0.00943077165,0.00038193575245,0.0039442690357000005,43.45104920000001,129.8,5.8807611349999997e-05,8.03977318e-06,1.7128806599999997e-06,9.64905838e-07,6.86544157e-07,5.249119490000001e-07,4.3766367400000006e-07,3.9793123500000005e-07,8.370318780000001e-07,3.4929988400000004e-07,2.9320169099999998e-06,69.05072820000001,19.54611133,4.596484820000001e-09,8.84730423,0.00160159747,0.1280819686,0.0015460512048999999,0.00017582505339,0.00205405078,0.23624107100000002,0.0015460512048999999,0.00017582505339,0.0035627234800000005,2.226348695,0.0015460512048999999,0.00017582505339,0.0032176024399999995,1.411172662,0.0015460512048999999,0.00017582505339,2.5025984048843384
155,1662073200,9.614773909999998e-05,9.61477914e-05,0.15057755369999998,9.798518965,0.07445756680000001,0.00653230646,0.013211594200000001,0.010109857500000003,9.76715644e-05,0.0009440752985999999,50.5069928,120.5,3.1196944999999996e-05,7.51242999e-06,2.10838283e-06,1.047066873e-06,7.113877700000001e-07,5.597215590000001e-07,4.43767142e-07,3.82143608e-07,8.32854085e-07,3.50568922e-07,2.92858728e-06,69.7962202,19.2914518,2.7293734500000003e-09,8.8923509,0.00164772348,0.136921288,0.0005590402828000001,6.419302121999999e-05,0.00216469848,0.264918627,0.0005590402828000001,6.419302121999999e-05,0.00378987862,1.3532204710000002,0.0005590402828000001,6.419302121999999e-05,0.0033775870899999997,0.700996676,0.0005590402828000001,6.419302121999999e-05,2.5026823043823243
155,1662073800,6.020911690000001e-05,6.0209157900000006e-05,0.010891153070000003,1.0446181122,0.038349148699999995,0.00598253674,0.012479759400000002,0.0095562013,1.560416491e-05,0.00010891042430000001,44.55769310000001,104.8,1.52441688e-05,6.09608063e-06,1.70153324e-06,9.259869420000001e-07,6.94489963e-07,5.266927340000001e-07,4.37581737e-07,3.724461080000001e-07,8.310181270000001e-07,3.6603726000000003e-07,2.90834343e-06,73.09767199999999,22.4903299,1.5509181200000002e-09,8.973899,0.00161118936,0.1259636895,5.741718039999999e-05,9.18297451e-06,0.0020389184300000003,0.21692040400000004,5.741718039999999e-05,9.18297451e-06,0.0032963605,0.579488874,5.741718039999999e-05,9.18297451e-06,0.00308242411,0.5125677089999999,5.741718039999999e-05,9.18297451e-06,2.50250039100647
155,1662074400,0.0001303140857,0.0001303141302,0.3918673308,22.970793894299998,0.09419814300000001,0.00592318504,0.01159107235,0.00889779635,0.00023071550230000003,0.0021934944258999996,38.05069949999999,113.9,4.65641709e-05,9.54798797e-06,1.91019374e-06,9.59995675e-07,7.004874109999999e-07,5.45288088e-07,4.49485329e-07,3.73798052e-07,8.16472601e-07,3.67741393e-07,2.9209587e-06,70.57527800000001,21.6791314,3.89056183e-09,8.889843449999999,0.0015988454400000002,0.13173055800000003,0.0013801568514,0.00017218533482999998,0.0019950064499999996,0.275670168,0.0013801568514,0.00017218533482999998,0.00327504302,2.2842044219999997,0.0013801568514,0.00017218533482999998,0.00294640312,0.747561865,0.0013801568514,0.00017218533482999998,2.5025364637374876
155,1662075000,4.5305609199999996e-05,4.5305679499999996e-05,-0.0082564991,0.34765142839999996,0.0315534617,0.0053320389799999994,0.0109750361,0.0085660886,8.03853385e-06,6.13737787e-05,33.328670900000006,85.1,9.80709525e-06,4.44498208e-06,1.4773612200000002e-06,8.959578200000001e-07,6.445398759999999e-07,5.29647667e-07,4.4118092400000005e-07,3.6682779000000004e-07,8.19790813e-07,3.38139586e-07,2.88717047e-06,75.8474112,26.348233399999998,1.0823499100000001e-09,9.036272700000001,0.0015748437299999997,0.11998675190000001,3.7537148200000005e-05,5.67363534e-06,0.0018547790500000002,0.16806198300000003,3.7537148200000005e-05,5.67363534e-06,0.00276583095,0.383723819,3.7537148200000005e-05,5.67363534e-06,0.00261693876,0.341788967,3.7537148200000005e-05,5.67363534e-06,2.502640151977539
155,1662075600,0.000373427437,0.0003734275124,0.18533476107000002,5.92000412,0.12178049319999999,0.0084507432,0.017323095650000002,0.0117846468,0.00043097996638000007,0.0033952371191999994,55.8321672,136.9,0.0001220192673,4.926596492e-05,6.94911783e-06,1.8715025780000005e-06,9.18053222e-07,5.929755999999999e-07,4.92071211e-07,4.0516432500000003e-07,8.567351020000001e-07,3.5545288200000005e-07,2.98742012e-06,65.2203914,18.639868710000005,1.1895661165999999e-08,8.74753089,0.0017798026200000002,0.24488463090000004,0.0013333376649999997,0.00019304212135,0.00263844185,0.9789010530000001,0.0013333376649999997,0.00019304212135,0.0051873987,4.825907588000001,0.0013333376649999997,0.00019304212135,0.0046376047799999995,4.331068185,0.0013333376649999997,0.00019304212135,2.502829098701477
155,1662076200,6.03431938e-05,6.03432727e-05,0.006217589030000002,1.6113894677999998,0.0382151472,0.00602500553,0.012502881799999999,0.009639605300000001,1.9030836600000002e-05,0.0001649582275,45.1958038,111.7,1.5722875e-05,5.5845135e-06,1.73315555e-06,9.738954689999999e-07,6.903225770000001e-07,5.274078289999999e-07,4.44203177e-07,3.73178989e-07,8.492164139999999e-07,3.11443312e-07,2.96110061e-06,72.8591405,21.906661699999997,1.55099754e-09,8.97365095,0.00162040058,0.128390799,7.650390389999998e-05,1.073685618e-05,0.00200671355,0.199928796,7.650390389999998e-05,1.073685618e-05,0.00336323184,0.604583745,7.650390389999998e-05,1.073685618e-05,0.00309238797,0.5061100919999999,7.650390389999998e-05,1.073685618e-05,2.5024206161499025
155,1662076800,0.00011301511830000002,0.00011301515260000001,0.2097719863,14.230772460200004,0.074363684,0.00579827874,0.011541228500000002,0.008918510099999999,0.00022075267193999996,0.00227969854,38.073425799999995,106.5,3.900792815e-05,8.546939889999999e-06,1.8018159100000002e-06,9.676624769999998e-07,7.07843758e-07,5.523931280000001e-07,4.709641460000001e-07,3.75696523e-07,8.37441502e-07,2.7192450999999996e-07,2.96578656e-06,71.94330490000002,22.74806447,3.3180894199999996e-09,8.92794605,0.0015952828200000001,0.13252494850000002,0.0015114501099,0.00016193188191,0.0019634815900000002,0.25105038500000004,0.0015114501099,0.00016193188191,0.00311604095,1.8916081630000001,0.0015114501099,0.00016193188191,0.00293098375,0.6697520020000001,0.0015114501099,0.00016193188191,2.502562141418457
155,1662077400,0.00013176957059999998,0.00013176961659999996,-0.057711411810000016,10.696318929700002,0.0737750032,0.00613510108,0.0120186288,0.009201794300000002,0.00016122299400999997,0.0013802057271999999,41.1975528,109.7,4.409769660000001e-05,1.216030076e-05,2.2542546700000003e-06,1.06012393e-06,7.655694190000001e-07,5.49004459e-07,4.5743521300000005e-07,3.9879302199999994e-07,8.40323746e-07,3.46932242e-07,2.9543215599999997e-06,70.9129411,22.13980355,3.92003299e-09,8.9086252,0.0016144667999999998,0.13743959840000003,0.0012175179950999998,0.00013382758295,0.0020942654600000004,0.391950323,0.0012175179950999998,0.00013382758295,0.0033899852100000003,1.8843834320000004,0.0012175179950999998,0.00013382758295,0.00317810822,1.064402133,0.0012175179950999998,0.00013382758295,2.5026474952697755
155,1662078000,5.1766328499999994e-05,5.1766354999999996e-05,0.034642260970000005,2.8622833888,0.050750503200000005,0.005554610230000001,0.011564765250000001,0.0088640736,1.804516631e-05,0.0001656972471,36.82692329999999,93.1,1.1684385539999999e-05,5.16473529e-06,1.59566333e-06,9.45402345e-07,6.90694223e-07,5.63470452e-07,4.66260186e-07,4.1375660499999993e-07,8.69445747e-07,4.46258428e-07,3.04293534e-06,75.11062569999999,25.8064577,1.269212204e-09,9.016416750000001,0.00159996537,0.1267423104,4.0157306e-05,6.4992543000000004e-06,0.00193435741,0.185025197,4.0157306e-05,6.4992543000000004e-06,0.0028797294899999995,0.428981119,4.0157306e-05,6.4992543000000004e-06,0.0027980063,0.43010436300000005,4.0157306e-05,6.4992543000000004e-06,2.502632236480713
155,1662078600,5.5333855800000005e-05,5.53339274e-05,-0.02023331605,2.36491292682,0.05392785600000001,0.00569815643,0.0117018639,0.009041102799999999,1.72375801e-05,0.0001260863557,39.0506989,98.9,1.32787737e-05,5.2151299699999995e-06,1.63939341e-06,9.369170019999999e-07,7.059924059999999e-07,6.04093692e-07,4.919415350000001e-07,4.3615097099999997e-07,9.717226960000001e-07,3.1853751600000003e-07,3.06786824e-06,74.2023642,24.196097200000004,1.3755730900000004e-09,9.0078381,0.0016062037099999998,0.13268791800000002,6.302390010000001e-05,9.064610549999999e-06,0.00195408598,0.19272589499999998,6.302390010000001e-05,9.064610549999999e-06,0.0030676603,0.5134933829999999,6.302390010000001e-05,9.064610549999999e-06,0.00287409935,0.43823344,6.302390010000001e-05,9.064610549999999e-06,2.5024939298629763
155,1662079200,5.2883303000000004e-05,5.2883342899999995e-05,0.059659287699999994,0.6355180129999999,0.042778527899999995,0.00572090269,0.011863471050000001,0.0091565992,1.0398445710000001e-05,7.616581189999999e-05,40.2290211,96.6,1.23319518e-05,5.43467179e-06,1.6451040599999998e-06,9.21641913e-07,6.824196159999999e-07,5.438407150000001e-07,4.551445420000001e-07,3.84478404e-07,8.353355760000001e-07,2.78657923e-07,2.9277170400000003e-06,74.05971389999999,23.479906500000002,1.3142826599999998e-09,8.9991682,0.0015990494099999998,0.1260147957,4.0898310299999997e-05,6.67453187e-06,0.0019931634800000003,0.19542736700000002,4.0898310299999997e-05,6.67453187e-06,0.00303411075,0.46363973199999997,4.0898310299999997e-05,6.67453187e-06,0.0029413560999999996,0.44196313499999995,4.0898310299999997e-05,6.67453187e-06,2.50255663394928
155,1662079800,4.89366348e-05,4.89366983e-05,0.028421496339999998,0.33875423200000004,0.03512988190000001,0.00551082407,0.01145455075,0.0088352088,9.46934698e-06,6.718588300000001e-05,36.5332174,94.2,1.0898354849999998e-05,4.91303459e-06,1.51590555e-06,9.25917428e-07,7.13716651e-07,5.53485532e-07,4.92540008e-07,4.12747784e-07,8.51448173e-07,2.75290514e-07,2.91575841e-06,74.87264400000001,25.058725200000005,1.1919201569999998e-09,9.0189866,0.0016101545899999997,0.12849179039999997,4.2434800300000004e-05,6.66693652e-06,0.00189974594,0.17877761600000003,4.2434800300000004e-05,6.66693652e-06,0.00284644663,0.417618452,4.2434800300000004e-05,6.66693652e-06,0.0027532955499999998,0.38751595499999997,4.2434800300000004e-05,6.66693652e-06,2.5026084184646606
155,1662080400,5.17125545e-05,5.17126063e-05,0.04053521633,0.19603814879999998,0.0314723702,0.0056827534399999996,0.011863964049999998,0.009135991100000001,9.28058648e-06,6.296027309999999e-05,39.8566443,93.3,1.2129046599999999e-05,5.23019638e-06,1.5969934499999999e-06,8.963143719999999e-07,6.75601883e-07,5.262791019999999e-07,4.279665900000001e-07,3.7118156099999996e-07,8.20074157e-07,2.71628081e-07,2.9109479399999998e-06,74.2623178,23.6815598,1.28192926e-09,9.0050422,0.00159282078,0.12260400580000001,3.8317066800000006e-05,6.48249067e-06,0.00196131738,0.190711416,3.8317066800000006e-05,6.48249067e-06,0.00302673164,0.46366694299999994,3.8317066800000006e-05,6.48249067e-06,0.00292819317,0.42483248900000004,3.8317066800000006e-05,6.48249067e-06,2.502580261230469
155,1662081000,4.6627327e-05,4.66273579e-05,0.0148825309,0.235559809,0.030884215700000002,0.005400398650000001,0.01120856755,0.0086724099,8.49893592e-06,6.22588867e-05,34.781468800000006,86.3,1.0514011450000002e-05,4.49446392e-06,1.46081252e-06,8.583677600000001e-07,6.44633135e-07,5.24113152e-07,4.45776781e-07,3.80368184e-07,8.307546649999999e-07,2.57711753e-07,2.9023310199999996e-06,75.6158618,25.4590661,1.1257690399999998e-09,9.02970365,0.00154958844,0.1166887279,3.4651474600000004e-05,5.51172173e-06,0.0018899964699999998,0.17391893399999997,3.4651474600000004e-05,5.51172173e-06,0.0028273876200000008,0.39802543600000007,3.4651474600000004e-05,5.51172173e-06,0.00270443801,0.368193327,3.4651474600000004e-05,5.51172173e-06,2.5025389194488525
155,1662081600,4.46300699e-05,4.46300946e-05,0.01429936903,0.16907528310399997,0.0300557711,0.00528858871,0.01092244115,0.008466345450000001,7.455677810000001e-06,5.2123379900000003e-05,32.952797600000004,83.0,9.5547499e-06,4.38805339e-06,1.5046916899999999e-06,8.8183521e-07,6.434356720000001e-07,5.08480626e-07,4.4708733699999994e-07,3.75320549e-07,8.34948242e-07,2.6788206900000003e-07,2.90764427e-06,76.0895034,26.704422599999997,1.0607760280000001e-09,9.040359599999999,0.00156659486,0.11880372239999999,2.9460957400000004e-05,4.8067780300000004e-06,0.0018896347599999998,0.173574647,2.9460957400000004e-05,4.8067780300000004e-06,0.0026682854199999995,0.355223608,2.9460957400000004e-05,4.8067780300000004e-06,0.0026338560300000003,0.34986708299999997,2.9460957400000004e-05,4.8067780300000004e-06,2.502580165863037
155,1662082200,4.52928524e-05,4.52929457e-05,0.048538351900000005,0.22292230540000002,0.029695256600000004,0.005323322649999999,0.01108163455,0.00855402975,7.85346933e-06,5.54478018e-05,33.188811400000006,81.3,9.75691585e-06,4.3928199e-06,1.50970831e-06,9.35059602e-07,6.5971126e-07,5.25062606e-07,4.344401850000001e-07,3.77473397e-07,8.37111355e-07,2.801746920000001e-07,2.93752357e-06,75.99437239999999,26.4471089,1.0753873900000001e-09,9.04357875,0.0015837161200000002,0.1217876036,2.7908067799999997e-05,4.81531532e-06,0.0018909688199999996,0.17558581799999998,2.7908067799999997e-05,4.81531532e-06,0.0027047865599999998,0.36144989699999996,2.7908067799999997e-05,4.81531532e-06,0.0026488922300000003,0.354011364,2.7908067799999997e-05,4.81531532e-06,2.5025810956954957
155,1662082800,4.90127841e-05,4.90128502e-05,0.027353069430000005,1.0947866943,0.0382936904,0.005474852519999999,0.011285341300000001,0.00870233825,1.1506201740000002e-05,8.43016503e-05,36.1276229,90.2,1.12865208e-05,4.77828787e-06,1.4794607399999999e-06,9.16019878e-07,6.54555928e-07,5.432748410000001e-07,4.52781211e-07,3.86008537e-07,8.331611930000001e-07,2.63900578e-07,2.91235002e-06,74.81582060000001,24.4357682,1.19521206e-09,9.019870300000001,0.00157962665,0.12143468300000002,4.35281739e-05,6.503958390000001e-06,0.00190467962,0.180382258,4.35281739e-05,6.503958390000001e-06,0.00280979663,0.40665911499999996,4.35281739e-05,6.503958390000001e-06,0.00279482619,0.411098768,4.35281739e-05,6.503958390000001e-06,2.5026654958724976
155,1662083400,5.994558739999999e-05,5.994562720000001e-05,-0.21708499956000002,5.229769348,0.046678425600000004,0.0058452242399999995,0.0121545824,0.00929485845,2.9269898400000007e-05,0.0002787062187,42.0856647,132.1,1.5221431599999997e-05,5.71457852e-06,1.59070572e-06,9.93122315e-07,7.15136995e-07,5.90627364e-07,4.91791578e-07,4.22568432e-07,9.69619067e-07,2.6579967e-07,2.99658963e-06,72.9645881,22.5697786,1.52807967e-09,8.982625299999999,0.0016442488000000001,0.1336475564,0.000105786417,1.4244713569999998e-05,0.00198543081,0.20003744299999998,0.000105786417,1.4244713569999998e-05,0.00315911417,0.583066537,0.000105786417,1.4244713569999998e-05,0.0029423705299999998,0.49998563100000004,0.000105786417,1.4244713569999998e-05,2.502599811553955
155,1662084000,5.48547454e-05,5.48548339e-05,0.01744514735,0.6350403660000001,0.0436571574,0.005824813759999999,0.0120936582,0.009308370549999999,1.102466462e-05,7.66955066e-05,42.265734200000004,94.9,1.3098274700000003e-05,5.44151046e-06,1.63943456e-06,9.458175359999999e-07,7.176673460000001e-07,5.72574162e-07,4.60791188e-07,4.0387152200000004e-07,8.945829839999998e-07,2.8679998100000004e-07,2.9659571799999997e-06,73.503804,23.0702505,1.36927854e-09,8.995042399999999,0.00162069943,0.12817257850000002,4.19397321e-05,6.963100830000001e-06,0.00202565591,0.20131269300000004,4.19397321e-05,6.963100830000001e-06,0.0031057690499999998,0.49462058400000003,4.19397321e-05,6.963100830000001e-06,0.00298440563,0.45094080299999995,4.19397321e-05,6.963100830000001e-06,2.5025978088378906
155,1662084600,5.81140255e-05,5.8114062099999994e-05,0.0400470967,0.4710507755,0.036523554699999995,0.00594553094,0.012414392699999999,0.00951965005,1.2132350899999999e-05,8.318867799999999e-05,44.22552400000001,105.7,1.4317976350000002e-05,5.38574172e-06,1.6259885599999998e-06,9.32330382e-07,7.26034801e-07,6.49588531e-07,5.78563383e-07,6.00653615e-07,1.01202687e-06,2.52927559e-07,2.9749292300000005e-06,72.83144539999999,22.9188828,1.46187281e-09,8.989238199999999,0.0016564865800000003,0.13630440840000002,5.194997169999999e-05,7.9882711e-06,0.0019693324799999997,0.193345389,5.194997169999999e-05,7.9882711e-06,0.00319878684,0.529717579,5.194997169999999e-05,7.9882711e-06,0.00306690692,0.487550778,5.194997169999999e-05,7.9882711e-06,2.5025575399398803
155,1662085200,4.7945318900000004e-05,4.79453397e-05,0.023324956239999996,0.757651072,0.035719123199999994,0.005432823349999999,0.0112754246,0.008693515899999999,1.07336275e-05,8.597140719999999e-05,35.797203,91.1,1.0531537800000001e-05,4.3189006600000005e-06,1.4342963800000002e-06,8.875979299999999e-07,6.57421366e-07,5.52252737e-07,5.197365239999999e-07,5.027200510000001e-07,1.244009813e-06,3.00036603e-07,3.02401329e-06,75.1073964,26.4235571,1.14300767e-09,9.0336834,0.00158350856,0.1216752877,4.7435246099999993e-05,7.05513154e-06,0.00184350684,0.16615563900000002,4.7435246099999993e-05,7.05513154e-06,0.0027779857799999997,0.40400496300000005,4.7435246099999993e-05,7.05513154e-06,0.00267111981,0.35597346999999996,4.7435246099999993e-05,7.05513154e-06,2.5026225090026855
155,1662085800,6.300493209999999e-05,6.30049492e-05,-0.0605107223527,8.680823941,0.0597334251,0.00596063625,0.0123849605,0.009427216450000001,2.21210886e-05,0.0001698820159,42.662587499999994,108.5,1.0626095789999999e-05,4.478894509999999e-06,1.49276357e-06,9.056350240000001e-07,7.00086836e-07,8.394680589999999e-07,1.3783166389999997e-06,1.051861924e-06,4.787978656e-06,3.2166537799999996e-07,4.919658799999999e-06,72.6994503,30.390765799999997,1.5023506829999998e-09,9.002810100000001,0.0017292849900000002,0.17372998600000003,4.17836755e-05,6.210331079999999e-06,0.00189263343,0.177221002,4.17836755e-05,6.210331079999999e-06,0.0027901184500000002,0.40379603899999994,4.17836755e-05,6.210331079999999e-06,0.00263864509,0.36437238299999997,4.17836755e-05,6.210331079999999e-06,2.502569150924683
155,1662086400,5.5173317499999994e-05,5.517334499999999e-05,0.0402415577,0.7280472199999999,0.0382604622,0.005816435720000001,0.0121441199,0.009302377300000001,1.24989243e-05,9.544149980000001e-05,42.015734800000004,109.8,1.2940237900000001e-05,5.215118679999999e-06,1.58234345e-06,9.19352264e-07,6.82846859e-07,6.17637988e-07,6.34636647e-07,5.503067579999999e-07,1.0969869959999999e-06,3.11377276e-07,3.0357713900000004e-06,73.41793759999999,23.8105042,1.36328402e-09,9.000627499999998,0.0016359618999999999,0.13277944000000003,5.10802559e-05,7.7594124e-06,0.00196031628,0.188349204,5.10802559e-05,7.7594124e-06,0.0031264112699999997,0.497349016,5.10802559e-05,7.7594124e-06,0.0028972652000000005,0.435289218,5.10802559e-05,7.7594124e-06,2.50260808467865
155,1662087000,0.0001040794937,0.00010407952309999999,0.35444723740000006,29.5152459502,0.09495792150000001,0.005455513479999999,0.0109417154,0.008431272610000002,0.00026436737176000006,0.0027896520986,32.192307400000004,96.3,3.356481751e-05,9.68649552e-06,1.56574265e-06,9.687212049999999e-07,6.96642234e-07,5.47707016e-07,4.677806920000001e-07,4.1820673099999993e-07,8.597547849999999e-07,3.0760672000000005e-07,2.95610584e-06,72.8571,24.87248736,3.0082134999999998e-09,8.9511431,0.00160322426,0.129051388,0.0020315226493,0.00019440540853999999,0.00191069003,0.26498746100000004,0.0020315226493,0.00019440540853999999,0.00279733939,1.74098572,0.0020315226493,0.00019440540853999999,0.00265964598,0.552339014,0.0020315226493,0.00019440540853999999,2.5025744438171387
155,1662087600,4.93252733e-05,4.9325310399999994e-05,0.02380528123,0.2684848225,0.031144190499999995,0.00554347233,0.01154284265,0.0088774524,9.23716974e-06,6.371342889999999e-05,37.52272750000001,93.7,1.1230663700000002e-05,4.7054604499999996e-06,1.50131643e-06,9.022912600000001e-07,6.66429183e-07,5.485096029999999e-07,4.913225350000001e-07,4.2262737299999997e-07,9.32477565e-07,2.8240295499999996e-07,2.9790804e-06,74.9407904,25.055907499999996,1.1973789999999997e-09,9.02202085,0.0015838536700000002,0.12341616390000001,4.03022135e-05,6.29713547e-06,0.00190542504,0.177963628,4.03022135e-05,6.29713547e-06,0.00287404782,0.419297069,4.03022135e-05,6.29713547e-06,0.00280234466,0.39471163200000003,4.03022135e-05,6.29713547e-06,2.502585196495056
155,1662088200,4.63685954e-05,4.63686338e-05,0.03873658630000001,0.561015623,0.033593057700000005,0.0053564335,0.0110990129,0.008536813200000002,1.0363558620000001e-05,8.290737930000002e-05,33.655595,84.3,1.037091946e-05,4.3112969699999995e-06,1.45947141e-06,9.017078830000001e-07,6.673414759999999e-07,5.515519900000001e-07,4.63218587e-07,3.92689156e-07,8.501229839999999e-07,2.59155566e-07,2.9567113300000002e-06,75.7439766,26.028875,1.110251245e-09,9.036689650000001,0.00158840874,0.1226120361,3.8791125400000004e-05,6.132887069999999e-06,0.00185168224,0.16954143,3.8791125400000004e-05,6.132887069999999e-06,0.0027694191699999997,0.39521627800000003,3.8791125400000004e-05,6.132887069999999e-06,0.0026264700300000004,0.352780378,3.8791125400000004e-05,6.132887069999999e-06,2.5026086807250976
155,1662088800,5.35212102e-05,5.35212491e-05,0.043110514,0.255385668,0.03246479170000001,0.0057497849999999994,0.0120058191,0.00922050625,1.0524538529999999e-05,7.77197046e-05,41.101398599999996,100.2,1.3037177639999999e-05,5.13551622e-06,1.5674592400000002e-06,9.20941454e-07,6.50538995e-07,5.331035720000001e-07,4.5946986899999997e-07,3.91841248e-07,8.40130054e-07,2.8273321999999997e-07,2.9415734e-06,74.3333276,23.6461036,1.33702591e-09,9.001836399999998,0.0015850825200000001,0.12231906410000001,3.83868564e-05,6.88567619e-06,0.0019510280599999998,0.190001044,3.83868564e-05,6.88567619e-06,0.00313594869,0.5002329980000001,3.83868564e-05,6.88567619e-06,0.00291456305,0.43048300700000003,3.83868564e-05,6.88567619e-06,2.502603816986084
155,1662089400,5.7394198900000006e-05,5.739422310000001e-05,-0.001090689469999999,0.401320007,0.034897060300000005,0.005947663529999999,0.0123496484,0.009495682549999999,1.2128997150000001e-05,8.4016276e-05,44.5104891,108.4,1.4140545499999999e-05,5.51555541e-06,1.6334329300000001e-06,9.21623794e-07,6.830191719999999e-07,5.70508836e-07,5.451597629999999e-07,4.2824645999999996e-07,8.94824223e-07,3.85152089e-07,2.9789458400000002e-06,73.1635219,22.8408283,1.4490019600000001e-09,8.98358165,0.0016114253700000001,0.12669713440000002,4.7585657600000006e-05,7.882489780000001e-06,0.0020072418800000003,0.19749844300000002,4.7585657600000006e-05,7.882489780000001e-06,0.0032424307499999997,0.541644892,4.7585657600000006e-05,7.882489780000001e-06,0.00304865955,0.47218956900000003,4.7585657600000006e-05,7.882489780000001e-06,2.502530312538147
155,1662090000,4.93379313e-05,4.933798030000001e-05,0.008961098820000003,0.18045925357,0.0318891963,0.0055476484300000005,0.01145069445,0.00887418029,8.68993709e-06,5.84775405e-05,37.3129367,87.4,1.112134071e-05,4.664516940000001e-06,1.4847504000000002e-06,8.93806076e-07,7.046421650000001e-07,5.77246852e-07,5.419165389999999e-07,4.12383372e-07,9.02931286e-07,3.89293701e-07,2.9761561100000002e-06,75.1387672,26.1320159,1.1970694149999999e-09,9.026677549999999,0.0016153870499999996,0.127807319,2.88991502e-05,5.31892278e-06,0.0018645342200000001,0.170840738,2.88991502e-05,5.31892278e-06,0.00288545841,0.41501064000000004,2.88991502e-05,5.31892278e-06,0.0027805217200000004,0.396167748,2.88991502e-05,5.31892278e-06,2.502597284317017
155,1662090600,5.33234235e-05,5.33234793e-05,0.060642909399999986,0.44682057550000004,0.042069525999999996,0.005767126020000001,0.011934508950000002,0.009247690599999999,9.509761459999999e-06,6.18612643e-05,41.209789799999996,94.7,1.2532809000000001e-05,4.9646064e-06,1.5826391499999998e-06,9.298901410000001e-07,6.89589536e-07,5.7505368e-07,5.44551659e-07,4.942733589999999e-07,9.33015592e-07,3.39511441e-07,3.0757444199999994e-06,74.13696410000001,24.413046599999998,1.31086084e-09,9.0103133,0.00162367345,0.1309590189,3.6241147700000004e-05,6.41696488e-06,0.0019488402499999997,0.18723472700000002,3.6241147700000004e-05,6.41696488e-06,0.0031044533900000002,0.483408309,3.6241147700000004e-05,6.41696488e-06,0.00285327144,0.40999924600000004,3.6241147700000004e-05,6.41696488e-06,2.502652955055237
155,1662091200,8.00458223e-05,8.00458696e-05,0.5863586662,26.452082021599995,0.0743832391,0.0059011009,0.0120615282,0.009271587250000001,7.685696629000001e-05,0.0006967902641,41.8758744,106.1,2.2191515499999998e-05,8.38942534e-06,1.8663605399999998e-06,9.6290055e-07,7.1571084e-07,6.10332986e-07,5.286672639999999e-07,4.46844803e-07,9.119325199999999e-07,3.070152779999999e-07,3.0920955999999997e-06,71.682962,22.34124234,2.17084584e-09,8.948143750000002,0.00165080534,0.135212713,0.00021067506270000002,2.4568897019999996e-05,0.0019794998100000002,0.20318910899999998,0.00021067506270000002,2.4568897019999996e-05,0.00316215766,0.6715621979999999,0.00021067506270000002,2.4568897019999996e-05,0.0029830494499999997,0.973006267,0.00021067506270000002,2.4568897019999996e-05,2.5026033401489256
155,1662091800,8.722594330000001e-05,8.72259663e-05,0.181804933,6.518060941,0.0622403947,0.0063372761,0.0131283232,0.0098717679,5.9485086120000004e-05,0.0005297590486000001,46.7622387,113.1,2.52015111e-05,6.56377867e-06,1.66641903e-06,9.433572349999999e-07,6.724610780000001e-07,7.128533830000001e-07,7.26213574e-07,5.41811524e-07,1.1453485550000001e-06,4.13588527e-07,5.02401908e-06,73.5446564,27.04107174,2.33666063e-09,8.967227699999999,0.00168530406,0.142402311,0.000688245959,6.772962324999999e-05,0.0020344353,0.221722844,0.000688245959,6.772962324999999e-05,0.0033690957600000003,1.092746422,0.000688245959,6.772962324999999e-05,0.0031085489399999998,0.5875820009999999,0.000688245959,6.772962324999999e-05,2.5025941133499146
155,1662092400,0.0001094148596,0.00010941494090000001,-0.6339959462,19.273093624,0.0574530662,0.006985992889999999,0.014452488099999999,0.010942914399999998,0.0001534852954,0.0015738169113999998,59.263986,137.0,3.5903039800000005e-05,8.62062702e-06,2.0770949400000003e-06,1.03164859e-06,7.19002863e-07,6.201517569999999e-07,7.47282935e-07,4.89465371e-07,9.633733200000002e-07,3.4832283899999996e-07,3.18730165e-06,67.84550279999999,17.65628367,3.1134007000000007e-09,8.86211125,0.0017103962699999999,0.147903689,0.0007294451238,7.579786910000001e-05,0.00227853568,0.293800443,0.0007294451238,7.579786910000001e-05,0.00410887593,1.365514197,0.0007294451238,7.579786910000001e-05,0.00367317297,0.9968197910000001,0.0007294451238,7.579786910000001e-05,2.5025848150253296
155,1662093000,7.543316450000001e-05,7.543318620000002e-05,0.031315575400000004,0.774438287,0.0445306574,0.006748803239999999,0.014105615200000001,0.010741483400000001,1.93707415e-05,0.00013863013380000002,57.0751748,122.3,1.98760583e-05,7.327309139999998e-06,1.9160549600000003e-06,1.1204265419999998e-06,7.68913852e-07,7.22405114e-07,8.197227499999999e-07,5.95825146e-07,1.089427386e-06,3.1816035099999993e-07,3.16005207e-06,69.82677650000001,19.471961999999998,1.98335251e-09,8.92639235,0.0017452239599999998,0.15950639,6.37389064e-05,1.1365753450000001e-05,0.00218684948,0.242787253,6.37389064e-05,1.1365753450000001e-05,0.0038617958200000005,0.7830568019999999,6.37389064e-05,1.1365753450000001e-05,0.00348785062,0.628412814,6.37389064e-05,1.1365753450000001e-05,2.5026779413223266
155,1662093600,6.467287929999999e-05,6.4672954e-05,0.04509865029,0.46291367799999994,0.037571680499999996,0.00630622765,0.013076630250000002,0.0100131074,1.3607646549999998e-05,9.0851733e-05,50.400350200000005,117.0,1.6706931e-05,6.642479900000001e-06,1.77853202e-06,1.008976714e-06,6.96808656e-07,5.295204590000001e-07,4.3506027099999996e-07,3.93809077e-07,8.73329689e-07,3.2594057800000005e-07,2.94500306e-06,71.6364211,20.229838799999996,1.6843193300000001e-09,8.948372,0.00162862433,0.12938856599999998,5.6042833600000005e-05,9.25583246e-06,0.00213683327,0.228562608,5.6042833600000005e-05,9.25583246e-06,0.0035444743699999995,0.638308519,5.6042833600000005e-05,9.25583246e-06,0.00332844521,0.562327155,5.6042833600000005e-05,9.25583246e-06,2.5026477575302124
155,1662094200,6.710283439999999e-05,6.71029382e-05,0.0259797706,0.296093644,0.03635819180000001,0.006447821920000001,0.01350431435,0.0103308117,1.427752765e-05,8.782551679999999e-05,52.998251800000006,119.4,1.7864823000000002e-05,6.926066899999999e-06,1.7564915100000002e-06,9.323867780000001e-07,6.89893538e-07,5.23786249e-07,4.32313955e-07,3.78101217e-07,8.15682132e-07,3.0345841500000007e-07,2.92793292e-06,71.2672604,19.3695237,1.76794105e-09,8.9348097,0.0016179812799999999,0.12685776540000002,4.6521917100000004e-05,8.462872800000001e-06,0.0021374436,0.226510575,4.6521917100000004e-05,8.462872800000001e-06,0.00364628255,0.659641649,4.6521917100000004e-05,8.462872800000001e-06,0.00345027371,0.618993443,4.6521917100000004e-05,8.462872800000001e-06,2.502581739425659
155,1662094800,6.71406129e-05,6.71406815e-05,0.039192364900000005,3.1004481420000003,0.0445482698,0.006343483420000001,0.0131974187,0.0101291322,2.3692848679999997e-05,0.0002052253629,51.0874123,116.7,1.77545121e-05,6.766523770000001e-06,1.8724503599999998e-06,1.00843657e-06,7.119970900000001e-07,5.497019039999999e-07,4.712017620000001e-07,3.79170374e-07,8.327470939999999e-07,2.93172762e-07,2.92964667e-06,71.1800274,19.7872588,1.76254079e-09,8.937328400000002,0.00162354702,0.13052553439999998,6.539741450000001e-05,9.663415819999998e-06,0.0021012279799999998,0.23565734300000002,6.539741450000001e-05,9.663415819999998e-06,0.00356123685,0.651591733,6.539741450000001e-05,9.663415819999998e-06,0.00338496368,0.6140710439999999,6.539741450000001e-05,9.663415819999998e-06,2.502528691291809
155,1662095400,0.00026334218420000005,0.00026334222330000003,0.09352625288899999,33.585370151,0.1372304242,0.007161105250000001,0.01413868725,0.0100603882,0.0005147843799,0.0051284331725,48.3758738,138.7,0.0001016192646,1.8361656729999998e-05,3.90819669e-06,1.3866396570000002e-06,8.653070780000002e-07,5.98527244e-07,4.61580192e-07,3.9643129000000003e-07,8.55306919e-07,2.9366273200000006e-07,2.9243227799999997e-06,65.7327174,18.0317276,8.27327226e-09,8.764976950000001,0.00167103002,0.1955556035,0.0036458430032999998,0.00036668203250000004,0.0022484959499999998,0.437963857,0.0036458430032999998,0.00036668203250000004,0.00430928811,4.778368799,0.0036458430032999998,0.00036668203250000004,0.0037129401299999996,1.831384616,0.0036458430032999998,0.00036668203250000004,2.502629041671753
155,1662096000,9.85653686e-05,9.85654088e-05,0.23263944087000002,5.524964410999999,0.0708564372,0.0058750510900000006,0.011646143199999999,0.0088559037,0.00011202569246000001,0.0010045564658000003,37.4720276,102.0,3.1780414150000004e-05,7.96361687e-06,2.0646292800000004e-06,1.11415276e-06,7.58805763e-07,5.835583650000001e-07,4.58681227e-07,4.0877143400000004e-07,8.68509432e-07,2.76487401e-07,3.00463437e-06,72.48151390000001,23.953515469999996,2.8129196739999996e-09,8.9551935,0.0016339325300000003,0.144858276,0.0005186075941,6.680608721e-05,0.0019869674800000003,0.23803217699999996,0.0005186075941,6.680608721e-05,0.00316005456,1.3352460099999999,0.0005186075941,6.680608721e-05,0.00294165019,0.8071118799999999,0.0005186075941,6.680608721e-05,2.5025163650512696
155,1662096600,5.38527504e-05,5.38527847e-05,0.053702125430000004,0.6176060079999999,0.039060400399999994,0.005743457079999999,0.01194168215,0.0091497757,1.203486675e-05,8.411948319999999e-05,40.477272799999994,112.1,1.2578044000000001e-05,5.204016450000001e-06,1.6573004e-06,9.7770336e-07,7.1074491e-07,6.37416174e-07,5.03728079e-07,4.20857528e-07,9.67733457e-07,2.82269227e-07,2.9862898099999998e-06,73.71326289999999,23.691217199999997,1.333010674e-09,8.9996689,0.0016357480700000004,0.13547587349999998,5.5235383700000005e-05,8.060947519999999e-06,0.0019716669000000003,0.194755446,5.5235383700000005e-05,8.060947519999999e-06,0.0031047813,0.496759195,5.5235383700000005e-05,8.060947519999999e-06,0.0028774317999999996,0.41625229399999997,5.5235383700000005e-05,8.060947519999999e-06,2.5026113271713255
155,1662097200,5.823139770000001e-05,5.823146780000001e-05,0.014979640799999996,1.515297077,0.0442014887,0.005889699159999999,0.01225935295,0.009320293249999998,1.4908039649999999e-05,0.00010191526150000001,42.167832999999995,114.8,1.3156280349999999e-05,4.8904221199999996e-06,1.54812325e-06,9.315244840000001e-07,6.824874000000001e-07,6.898016259999999e-07,6.49854404e-07,5.12840279e-07,1.224042851e-06,3.8327857399999994e-07,4.4470078e-06,75.261909,27.570269700000004,1.39215637e-09,9.0256923,0.0016387935700000003,0.13524708740000002,6.233421079999999e-05,8.89066958e-06,0.0019209615100000005,0.181630605,6.233421079999999e-05,8.89066958e-06,0.0031250674800000003,0.512027736,6.233421079999999e-05,8.89066958e-06,0.0028563568100000002,0.419763908,6.233421079999999e-05,8.89066958e-06,2.5025772571563722
155,1662097800,5.4137177199999994e-05,5.4137228899999995e-05,0.011972024690000003,0.9523389726,0.0341202647,0.00572762044,0.0119108402,0.00911485845,1.4084797090000001e-05,0.0001022322215,40.437063699999996,104.5,1.3229279549999999e-05,5.277088029999999e-06,1.58661268e-06,9.2684273e-07,6.64476162e-07,5.33742936e-07,4.38258817e-07,3.81155582e-07,8.415597869999999e-07,2.9441723800000005e-07,2.89509837e-06,73.9506155,23.2188506,1.3596736900000002e-09,8.993680399999999,0.0015973380500000002,0.12445164,7.889362989999999e-05,1.025662407e-05,0.0019641473599999997,0.19400242699999998,7.889362989999999e-05,1.025662407e-05,0.00303740451,0.504864141,7.889362989999999e-05,1.025662407e-05,0.00293289867,0.439645113,7.889362989999999e-05,1.025662407e-05,2.502620482444763
155,1662098400,6.154070570000001e-05,6.15407304e-05,0.24459947530000004,12.519257120999999,0.05816078010000001,0.0059238445,0.012174192,0.009315793650000001,2.9814631950000003e-05,0.00028294141179999996,42.791957499999995,116.8,1.50152915e-05,6.4526298e-06,1.8817814799999999e-06,1.062989046e-06,7.19266442e-07,5.61410243e-07,5.48832008e-07,4.37936486e-07,8.4464338e-07,2.72910744e-07,2.9726142599999998e-06,71.8473176,21.242002,1.5743125e-09,8.962686600000001,0.00164506995,0.143893734,0.0001228991671,1.4112355420000002e-05,0.00201849096,0.218601951,0.0001228991671,1.4112355420000002e-05,0.0031411882199999996,0.5530735659999999,0.0001228991671,1.4112355420000002e-05,0.00313895151,0.5533412639999999,0.0001228991671,1.4112355420000002e-05,2.5025349617004395
155,1662099000,6.12452407e-05,6.1245346e-05,0.028396971149999995,0.821838464,0.037411496899999994,0.00607595214,0.012684825399999999,0.009672643800000002,1.59580596e-05,0.0001242012612,46.0629371,118.1,1.57732407e-05,5.83195072e-06,1.76488187e-06,9.409735549999999e-07,6.83124172e-07,5.61865195e-07,4.966787100000001e-07,4.03532198e-07,8.716925849999999e-07,2.91297471e-07,3.0033551800000004e-06,72.65330859999999,21.413207300000003,1.5710296999999998e-09,8.971614,0.0016275640299999998,0.1291803344,8.70894615e-05,1.147925799e-05,0.00207013844,0.215046668,8.70894615e-05,1.147925799e-05,0.0034545427399999993,0.636054395,8.70894615e-05,1.147925799e-05,0.00302129112,0.47718484400000005,8.70894615e-05,1.147925799e-05,2.5026485919952393
155,1662099600,6.75465305e-05,6.75465944e-05,-0.0585221706,4.685469804999999,0.05034092450000001,0.006220726,0.0128753574,0.0098155462,2.87021134e-05,0.00024960273290000005,48.09265710000001,127.9,1.79445026e-05,6.33937923e-06,1.77962237e-06,9.97192521e-07,7.05994022e-07,6.340292070000002e-07,5.79538311e-07,4.342683630000001e-07,9.99707558e-07,3.1140646100000003e-07,3.0476298800000002e-06,71.199603,20.456556400000004,1.75755978e-09,8.948896449999998,0.0016559367000000002,0.1372679036,0.0001759756978,2.1034779400000003e-05,0.0020977942500000003,0.22771562100000003,0.0001759756978,2.1034779400000003e-05,0.00348752944,0.720474489,0.0001759756978,2.1034779400000003e-05,0.0031346316499999997,0.5325937169999999,0.0001759756978,2.1034779400000003e-05,2.502621221542358
155,1662100200,6.550837699999998e-05,6.55084456e-05,0.19014666105000003,3.149855129,0.051310704400000004,0.00609377258,0.0127030726,0.0096718822,2.8199540899999994e-05,0.00025122566940000005,45.547202500000004,122.0,1.73896699e-05,6.19880842e-06,1.7315486200000003e-06,9.576948159999998e-07,6.75203907e-07,5.59136354e-07,5.065147790000001e-07,4.5688509899999997e-07,8.85999117e-07,2.9860513700000004e-07,3.09405761e-06,72.376974,22.086799799999998,1.7075261900000002e-09,8.965664100000001,0.0016304950700000002,0.1308499,7.853294299999999e-05,1.219713628e-05,0.0020529439099999996,0.222885176,7.853294299999999e-05,1.219713628e-05,0.00331247232,0.64781913,7.853294299999999e-05,1.219713628e-05,0.003152775460000001,0.568301724,7.853294299999999e-05,1.219713628e-05,2.502558875083923
155,1662100800,8.49693355e-05,8.49694182e-05,-0.09294407000000002,14.912035192000001,0.06126943389999999,0.006620197699999999,0.01362541075,0.010398606500000001,8.227550540000002e-05,0.0008163473444999997,54.6136364,125.1,2.5057396799999997e-05,8.18289412e-06,1.8972583499999997e-06,1.0248979459999999e-06,7.23247074e-07,5.39234144e-07,4.86476074e-07,4.08757143e-07,8.707849839999999e-07,2.90044286e-07,3.0033462699999996e-06,69.3494213,18.1503565,2.33629571e-09,8.894133250000001,0.00165760317,0.13632685500000002,0.00028907714549999996,3.2562155850000004e-05,0.00218738412,0.26791671899999997,0.00028907714549999996,3.2562155850000004e-05,0.00380079698,0.903892277,0.00028907714549999996,3.2562155850000004e-05,0.0035415833300000005,0.825734333,0.00028907714549999996,3.2562155850000004e-05,2.5025033950805664
155,1662101400,7.257537590000001e-05,7.257546900000001e-05,0.025669498130000003,0.887631118,0.0419363014,0.00658480077,0.0138131596,0.010458352950000001,1.95747815e-05,0.0001299290449,54.3041953,126.5,1.95594991e-05,7.2548411600000015e-06,1.83542636e-06,1.041176937e-06,7.31167403e-07,6.8136125e-07,5.482359099999999e-07,4.41407199e-07,9.652783310000002e-07,2.72804175e-07,2.95652725e-06,70.0000834,18.7961312,1.92614308e-09,8.920487450000001,0.00166206726,0.1413431406,7.881944749999999e-05,1.1887082699999999e-05,0.0021826256299999998,0.24308555800000003,7.881944749999999e-05,1.1887082699999999e-05,0.0037770276900000004,0.750372933,7.881944749999999e-05,1.1887082699999999e-05,0.0034749629099999997,0.631201014,7.881944749999999e-05,1.1887082699999999e-05,2.502611780166626
155,1662102000,6.40192913e-05,6.40193754e-05,0.0263786949,0.38347457700000004,0.0365563471,0.00626934735,0.01309317395,0.0100176903,1.3615701050000001e-05,8.729220299999999e-05,50.0734269,117.6,1.6835215999999998e-05,6.44551658e-06,1.69079267e-06,9.79350306e-07,6.80319234e-07,5.438726310000001e-07,4.3940539300000006e-07,3.75242754e-07,8.22498281e-07,2.85963184e-07,2.9114435e-06,71.70584550000001,20.145589400000002,1.6693423399999998e-09,8.948089399999999,0.00160878209,0.12532711040000002,5.09466294e-05,9.24162143e-06,0.00210928747,0.22205595199999997,5.09466294e-05,9.24162143e-06,0.0035156763000000002,0.6388536250000001,5.09466294e-05,9.24162143e-06,0.003292256540000001,0.5604949180000001,5.09466294e-05,9.24162143e-06,2.502562642097473
155,1662102600,9.76249e-05,9.76250863e-05,-0.07876175396000004,13.677874264000002,0.07177362220000001,0.006653536,0.0135355825,0.010181934100000001,9.344923895e-05,0.0009167656153000001,51.37412579999999,141.1,3.0412790100000006e-05,8.97748703e-06,2.20089478e-06,1.0274210099999999e-06,7.582791880000001e-07,5.359965680000001e-07,4.5435366000000003e-07,4.05422447e-07,8.23495022e-07,2.8442772200000006e-07,2.93198701e-06,68.6780979,17.91257128,2.7606110099999998e-09,8.867959199999998,0.0016295424700000002,0.13470646560000002,0.0006618170509999999,6.741362175e-05,0.0021634687300000005,0.27790614,0.0006618170509999999,6.741362175e-05,0.00387136067,1.241815879,0.0006618170509999999,6.741362175e-05,0.0034585976400000004,0.8226599929999999,0.0006618170509999999,6.741362175e-05,2.5027345180511475
155,1662103200,6.50850914e-05,6.50851388e-05,-0.17570888023000003,4.4743016010000005,0.04476975329999999,0.00619533964,0.012784078699999998,0.00980300665,2.12495163e-05,0.0001701749004,48.2430068,111.5,1.735495745e-05,6.439148940000001e-06,1.73157927e-06,9.318547130000001e-07,6.8239044e-07,5.36875518e-07,4.55265179e-07,3.6959083199999996e-07,8.310566489999999e-07,2.93657456e-07,2.9161467199999996e-06,71.6180765,19.968525,1.7072266300000002e-09,8.944376550000001,0.00159961517,0.124494763,7.93965388e-05,1.099019226e-05,0.0020835277599999995,0.22115387599999997,7.93965388e-05,1.099019226e-05,0.00349369193,0.64597094,7.93965388e-05,1.099019226e-05,0.00324085067,0.5800469619999999,7.93965388e-05,1.099019226e-05,2.5025628566741944
155,1662103800,5.39714112e-05,5.39714744e-05,0.010437191159999998,0.29088889300000004,0.031732813799999995,0.0057611183199999996,0.01187570705,0.00918333265,1.0852483919999999e-05,6.84573199e-05,40.909091000000004,93.0,1.2670092099999999e-05,5.42937328e-06,1.57979406e-06,9.16068445e-07,7.565101310000001e-07,6.630311010000001e-07,4.71934583e-07,4.0625299e-07,8.64294828e-07,2.90703581e-07,2.9374512500000002e-06,73.8765805,23.853038400000003,1.34358516e-09,8.99930285,0.0016085481100000004,0.1320312526,4.47492366e-05,7.20033202e-06,0.0019878282400000004,0.19574475900000002,4.47492366e-05,7.20033202e-06,0.0030352003700000003,0.47245795700000004,4.47492366e-05,7.20033202e-06,0.0029619393300000002,0.4518577899999999,4.47492366e-05,7.20033202e-06,2.5025996923446656
155,1662104400,7.40624069e-05,7.406247500000001e-05,0.20754072105,13.2949629447,0.07018670299999999,0.00588506227,0.011874285000000002,0.00907739115,6.010142715000001e-05,0.0005821302080000001,39.896853300000004,109.8,2.16826397e-05,6.34344269e-06,1.77064272e-06,1.0249558150000003e-06,7.275114199999999e-07,5.71281664e-07,4.6177148900000004e-07,3.8901514100000003e-07,8.43211912e-07,2.74620072e-07,2.9417654000000002e-06,72.07770449999998,21.8917964,2.00437279e-09,8.9484038,0.0016156404600000001,0.1320280874,0.00036587335780000004,4.0504986509999995e-05,0.0019634745099999995,0.202568431,0.00036587335780000004,4.0504986509999995e-05,0.0032279805699999995,0.8903674299999998,0.00036587335780000004,4.0504986509999995e-05,0.0030110796999999996,0.6013704280000001,0.00036587335780000004,4.0504986509999995e-05,2.502647638320923
155,1662105000,5.5281681400000004e-05,5.5281732800000003e-05,-0.024809169199999998,0.3305616226,0.0326985876,0.00583654923,0.0120998309,0.0093341151,1.154707564e-05,7.807489590000002e-05,42.6555944,110.4,1.35961703e-05,5.52065036e-06,1.57583852e-06,9.056242200000001e-07,6.640307230000001e-07,5.230374279999999e-07,4.3650003599999994e-07,3.71382266e-07,8.26363978e-07,2.90161597e-07,2.93085605e-06,73.82629790000001,22.766926000000005,1.394477196e-09,8.98975815,0.0015873468800000003,0.12235031159999998,4.65077093e-05,7.58183336e-06,0.00197579713,0.19264815600000001,4.65077093e-05,7.58183336e-06,0.00320582304,0.5288310589999999,4.65077093e-05,7.58183336e-06,0.0029750357,0.455188214,4.65077093e-05,7.58183336e-06,2.5026413440704345
155,1662105600,6.147330630000001e-05,6.14733835e-05,-0.028580873089999997,0.900835434,0.040312077,0.006082083390000001,0.012575654900000002,0.009610754850000002,1.69181482e-05,0.000122533529,45.70454540000001,118.3,1.56667443e-05,6.156214309999999e-06,1.72554823e-06,9.532891930000001e-07,6.98194362e-07,6.28810616e-07,4.837515669999999e-07,3.95853246e-07,8.65250924e-07,2.52469962e-07,2.9105178599999995e-06,72.03557049999999,20.6605974,1.58536565e-09,8.960161349999998,0.0016169321800000001,0.1302489476,7.177959880000001e-05,1.031746975e-05,0.0020424214099999997,0.208077,7.177959880000001e-05,1.031746975e-05,0.0033559192700000004,0.5953397029999999,7.177959880000001e-05,1.031746975e-05,0.0031553159999999996,0.5367869649999999,7.177959880000001e-05,1.031746975e-05,2.502604269981384
155,1662106200,0.00023097290109999995,0.00023097293099999996,0.08458974526000002,18.633781445300006,0.1167548273,0.00629733755,0.0122495702,0.00906224343,0.0005942841992799999,0.006256539393499999,38.4038458,104.9,9.325087834999998e-05,1.3345378010000002e-05,1.8417141200000003e-06,1.04299163e-06,6.73394763e-07,5.457095499999999e-07,4.4053172099999993e-07,3.71882294e-07,8.250488830000001e-07,2.5687586500000004e-07,2.8919239e-06,70.7044522,22.6073208,7.302178512999999e-09,8.87641483,0.00160408028,0.1271343556,0.002660304016,0.00033960674823000004,0.0020389284399999997,0.38570142500000004,0.002660304016,0.00033960674823000004,0.0035868261299999995,4.75391254,0.002660304016,0.00033960674823000004,0.00309064299,1.0583447600000002,0.002660304016,0.00033960674823000004,2.502649116516113
155,1662106800,4.16261566e-05,4.16261667e-05,-0.13067530439,2.7821570778,0.0298057464,0.004859941129999999,0.009907920550000001,0.0077034652,1.6818035430000002e-05,0.0001351236654,24.643357,75.3,9.01014103e-06,3.61447727e-06,1.3526510999999998e-06,8.397101790000001e-07,6.5018463e-07,5.175711180000001e-07,4.301837570000001e-07,3.79522292e-07,8.26054131e-07,2.73090961e-07,2.91943709e-06,77.69478969999999,30.3542173,9.75351499e-10,9.0707122,0.00154417317,0.1155530405,9.2814333e-05,1.2297706270000001e-05,0.0017384210899999998,0.15179596399999998,9.2814333e-05,1.2297706270000001e-05,0.00226869734,0.355694316,9.2814333e-05,1.2297706270000001e-05,0.00229401742,0.28888392099999993,9.2814333e-05,1.2297706270000001e-05,2.502602982521057
155,1662107400,5.83438265e-05,5.83438568e-05,-0.27279728375,26.470748606799997,0.062172021099999995,0.005066914489999999,0.01018120555,0.00790433567,8.328291442999998e-05,0.0008692241865000002,26.823426900000005,88.4,1.566468295e-05,5.27448758e-06,1.3931407599999999e-06,8.79307944e-07,6.410795349999999e-07,5.165122849999999e-07,4.34285532e-07,3.65913613e-07,8.272342349999999e-07,2.65519688e-07,2.90974521e-06,75.02097260000001,26.6582087,1.510438783e-09,9.006180399999998,0.0015462283999999999,0.11727382300000003,0.0006622031256000001,6.361707753e-05,0.00177919172,0.19450484,0.0006622031256000001,6.361707753e-05,0.00250839863,0.7066217659999999,0.0006622031256000001,6.361707753e-05,0.0024342674599999994,0.373193534,0.0006622031256000001,6.361707753e-05,2.5025861263275146
155,1662108000,3.60671355e-05,3.606719539999999e-05,0.0008427963600000008,0.06305938544999999,0.0243346386,0.004778571860000001,0.009861719049999999,0.00766753323,4.84355461e-06,3.7577505400000004e-05,23.8391607,59.0,6.39920752e-06,3.46623481e-06,1.32999328e-06,8.659837669999999e-07,6.3659804e-07,5.156706100000001e-07,4.3261328900000003e-07,3.7440366299999996e-07,8.16640406e-07,2.7174826999999995e-07,2.92432821e-06,78.60960939999998,31.6261734,7.962945900000001e-10,9.094428449999999,0.0015381729300000002,0.11498494800000003,2.40071293e-05,3.4381843999999997e-06,0.0017301246599999997,0.144794314,2.40071293e-05,3.4381843999999997e-06,0.0021622452900000003,0.234155998,2.40071293e-05,3.4381843999999997e-06,0.0022836541500000002,0.258617529,2.40071293e-05,3.4381843999999997e-06,2.5026277542114257
155,1662108600,5.00564114e-05,5.00564399e-05,-0.040223174955,2.2267782019599998,0.034428942299999994,0.00540697127,0.011189077549999999,0.008669762530000001,1.505105135e-05,0.00012324937890000002,34.7325174,93.5,1.191371669e-05,4.8014548e-06,1.47097933e-06,8.646108469999999e-07,6.45254899e-07,4.993914769999999e-07,4.3685833700000006e-07,3.9860659900000004e-07,8.181373160000001e-07,2.8277402800000004e-07,2.8963928999999996e-06,75.86417739999999,27.0878456,1.240207627e-09,9.02888265,0.0015520240400000002,0.11765949289999997,9.591450490000001e-05,1.140657262e-05,0.00186265316,0.174549912,9.591450490000001e-05,1.140657262e-05,0.00275611155,0.46367374899999997,9.591450490000001e-05,1.140657262e-05,0.00268973717,0.39449581899999997,9.591450490000001e-05,1.140657262e-05,2.5024683237075807
155,1662109200,5.9941141399999986e-05,5.99412504e-05,0.017138767060000008,1.0573353663999998,0.045209187,0.006058943120000001,0.01244894685,0.0096498183,1.2555787279999999e-05,9.01989296e-05,45.6713285,104.6,1.5057895400000001e-05,6.13472857e-06,1.7145745700000001e-06,9.8800179e-07,6.978757030000001e-07,5.282351859999999e-07,4.42422364e-07,3.91738204e-07,8.33777133e-07,2.65808706e-07,2.9151718099999997e-06,72.523509,21.5685007,1.5390786900000002e-09,8.9699199,0.0016207261099999998,0.12848457359999998,5.313689240000001e-05,8.41819812e-06,0.0020569774599999997,0.207957283,5.313689240000001e-05,8.41819812e-06,0.00332769957,0.581137792,5.313689240000001e-05,8.41819812e-06,0.0031470382300000004,0.504651269,5.313689240000001e-05,8.41819812e-06,2.5027650594711304
155,1662109800,7.70867294e-05,7.708851290000001e-05,-0.21493841728000004,26.837838339220003,0.0731047618,0.00589099273,0.0117945733,0.009064513,8.854138073e-05,0.0009071741758999999,39.6713282,123.1,2.2562908449999998e-05,7.23410231e-06,1.75275009e-06,9.323730089999999e-07,6.766259579999999e-07,5.35936338e-07,4.4640032699999994e-07,3.78866992e-07,8.369274370000001e-07,2.6963180799999995e-07,2.9184206300000004e-06,70.7806415,20.089952399999998,2.0947295499999997e-09,8.9209059,0.00160504835,0.12566343230000002,0.0002717495412,3.13939925e-05,0.00198118943,0.21914262099999998,0.0002717495412,3.13939925e-05,0.0032138494400000004,0.824547027,0.0002717495412,3.13939925e-05,0.0029779401800000002,0.701086243,0.0002717495412,3.13939925e-05,2.502644896507263
155,1662110400,5.304896389999999e-05,5.304899849999999e-05,-0.138320158757,3.0264037167470006,0.033617123799999996,0.005423769300000001,0.0110387445,0.008549332199999999,2.146804905e-05,0.00013738026540000003,33.9650346,89.5,1.3186284810000002e-05,4.780103200000001e-06,1.62415695e-06,9.232155969999999e-07,6.68156459e-07,5.12878226e-07,4.31185575e-07,3.55328976e-07,8.37847113e-07,2.6648293400000004e-07,2.9385871500000003e-06,75.24900600000001,25.6338098,1.332645825e-09,9.01761135,0.0015833510200000001,0.1220987506,0.0001406250645,1.712134874e-05,0.00188310033,0.183212072,0.0001406250645,1.712134874e-05,0.00277461501,0.515203597,0.0001406250645,1.712134874e-05,0.00271923876,0.41757554799999996,0.0001406250645,1.712134874e-05,2.5025798082351685
155,1662111000,0.0001264609785,0.00012646108779999998,-0.106651497985,16.9886004916,0.0926232116,0.00697284366,0.0142483441,0.010500755249999999,0.00014679392524999998,0.0014020851777,53.53321630000001,145.7,3.8120744700000004e-05,1.437674648e-05,2.9073013499999997e-06,1.3402439099999997e-06,8.544565419999999e-07,6.56303955e-07,5.00297909e-07,4.21999915e-07,8.531192450000001e-07,2.85721507e-07,2.9135214500000002e-06,66.2135815,16.990599460000002,3.6764465999999994e-09,8.824371500000002,0.0017104906999999999,0.15429745099999997,0.0008937915439,9.017387632000001e-05,0.0023450592999999997,0.395976185,0.0008937915439,9.017387632000001e-05,0.0040944861,1.6252714780000002,0.0008937915439,9.017387632000001e-05,0.00369027175,1.1493392,0.0008937915439,9.017387632000001e-05,2.5027140617370605
155,1662111600,0.00010139311370000001,0.0001013931329,-0.614745191353,24.0624840893,0.061390820400000004,0.0057462026999999995,0.01143170915,0.0088527014,0.00023806275052999995,0.0025180536819,37.1870627,104.1,3.0432925450000002e-05,1.067213736e-05,2.39941969e-06,1.115605704e-06,6.891814769999999e-07,5.40289044e-07,4.3473340400000004e-07,3.8079062200000004e-07,8.474149489999999e-07,2.69993913e-07,2.9135408099999997e-06,72.20970990000001,23.506301669999996,2.8993909299999992e-09,8.9433694,0.0016051861300000001,0.1291330776,0.0011455711943,0.00011114260666999999,0.0019782705,0.30985763299999997,0.0011455711943,0.00011114260666999999,0.00307711466,1.3023020549999997,0.0011455711943,0.00011114260666999999,0.00293792363,0.8791944239999999,0.0011455711943,0.00011114260666999999,2.5025569677352903
155,1662112200,4.84303876e-05,4.8430465e-05,0.009487653469999998,0.7079719107729998,0.0341972529,0.00546754526,0.011295294999999999,0.0087482958,1.003752672e-05,8.200079530000001e-05,35.601399,84.3,1.0844523850000001e-05,4.7145348400000005e-06,1.49411121e-06,9.0547542e-07,7.33215476e-07,5.95684889e-07,4.5741401299999996e-07,3.8629895500000003e-07,8.73975846e-07,2.718187060000001e-07,2.93757319e-06,75.14271640000001,25.4566168,1.17393781e-09,9.025787500000002,0.0015927975899999998,0.12743439750000002,3.50250573e-05,5.78004215e-06,0.0018820454099999998,0.17366996099999998,3.50250573e-05,5.78004215e-06,0.00277745857,0.39326173799999997,3.50250573e-05,5.78004215e-06,0.0027984976699999995,0.402175932,3.50250573e-05,5.78004215e-06,2.5026084899902346
155,1662112800,4.07327121e-05,4.0732755100000006e-05,0.0018202267499999997,0.12277803200000001,0.027865277900000002,0.00506561186,0.010450080849999998,0.0081161016,5.915642810000001e-06,4.14925246e-05,28.832168000000003,69.4,8.30053651e-06,3.81597573e-06,1.4323779800000002e-06,8.79610568e-07,6.29726485e-07,5.153279849999999e-07,4.373608740000001e-07,3.72166339e-07,8.359676430000001e-07,2.4717808e-07,2.8995637899999995e-06,77.11973049999999,28.3087157,9.41089845e-10,9.06466755,0.00156011899,0.11820693339999999,2.04691965e-05,4.0470862599999995e-06,0.00180103374,0.158428661,2.04691965e-05,4.0470862599999995e-06,0.0025373041000000002,0.31528291399999997,2.04691965e-05,4.0470862599999995e-06,0.00245973633,0.29658870500000006,2.04691965e-05,4.0470862599999995e-06,2.502618336677551
155,1662113400,0.00016582158550000002,0.00016582163499999995,0.4171329160300001,10.7395847969,0.1032334825,0.00591581451,0.011685901450000001,0.008682797410000002,0.00028535029805999994,0.0027443142455000004,33.6573433,92.8,6.040627232999999e-05,1.3230842489999999e-05,1.98116249e-06,1.079647376e-06,7.65897969e-07,5.62933474e-07,4.6335924199999994e-07,4.0296271799999996e-07,8.355108000000001e-07,2.6472485200000003e-07,2.9174239800000004e-06,73.010962,26.2231742,5.093552404000001e-09,8.947255850000001,0.0016037021800000002,0.1441861455,0.0009181157455000002,0.00013192688415,0.00199760385,0.4670310509999999,0.0009181157455000002,0.00013192688415,0.00319528687,2.405655512,0.0009181157455000002,0.00013192688415,0.0029325661500000004,1.440495035,0.0009181157455000002,0.00013192688415,2.5025829315185546
155,1662114000,6.63100889e-05,6.631010549999999e-05,-0.19065143944000001,6.252968213399999,0.0473974534,0.00555786895,0.011251386050000001,0.00858425106,5.759499483e-05,0.0005703954523,34.0384608,97.2,1.849367859e-05,5.53305462e-06,1.7016992399999997e-06,9.4441448e-07,7.37131535e-07,7.00579424e-07,4.777412e-07,4.28034828e-07,9.11990802e-07,2.95508132e-07,2.9308045499999997e-06,73.8323941,25.6386309,1.7538694530000001e-09,8.989813799999999,0.00163670785,0.1388691456,0.00046201428849999994,4.5759876510000004e-05,0.0019281404299999999,0.197684794,0.00046201428849999994,4.5759876510000004e-05,0.0028093785299999996,0.754262586,0.00046201428849999994,4.5759876510000004e-05,0.0027813577099999997,0.5110566930000001,0.00046201428849999994,4.5759876510000004e-05,2.502597713470459
155,1662114600,4.025955110000001e-05,4.02596291e-05,0.0167960043,0.11448693380000001,0.0277528582,0.00503653253,0.010437215699999999,0.008104539800000001,6.02723256e-06,4.44715577e-05,28.7027972,67.4,7.6261411800000004e-06,3.85201955e-06,1.41484619e-06,8.90667889e-07,6.75995178e-07,6.156991870000001e-07,4.72914961e-07,4.0426490200000004e-07,8.69140395e-07,4.1114451600000004e-07,2.8968912e-06,77.3124334,30.174466200000005,9.18280401e-10,9.068839999999998,0.00158746858,0.1262771679,2.3388618000000004e-05,3.7887352900000006e-06,0.0018153244699999997,0.159900637,2.3388618000000004e-05,3.7887352900000006e-06,0.0023858777400000003,0.27951218899999997,2.3388618000000004e-05,3.7887352900000006e-06,0.0024445872399999997,0.29428376200000006,2.3388618000000004e-05,3.7887352900000006e-06,2.5026087760925293
155,1662115200,3.672071559999999e-05,3.6720739200000006e-05,0.00353427869,0.1343619071,0.025089896499999997,0.00480639891,0.009909351649999999,0.007708881529999999,5.15064193e-06,3.7792753599999996e-05,24.3146853,63.4,6.7061158599999996e-06,3.406375439999999e-06,1.3187073800000003e-06,8.4351443e-07,6.333725599999999e-07,4.99921522e-07,4.3000605999999997e-07,3.90992806e-07,8.325150000000001e-07,3.36693341e-07,2.96024967e-06,78.90389589999998,32.2946866,8.14882687e-10,9.09108015,0.0015315622400000003,0.11379577149999998,2.11816319e-05,3.32975535e-06,0.0017319222500000002,0.14632298900000001,2.11816319e-05,3.32975535e-06,0.00221207942,0.244135979,2.11816319e-05,3.32975535e-06,0.00226890361,0.26009735900000003,2.11816319e-05,3.32975535e-06,2.502663254737854
155,1662115800,6.758210529999999e-05,6.75821338e-05,0.180267337945,11.3995034116,0.0609128071,0.005240400630000001,0.0105224531,0.00793630062,7.822007161000001e-05,0.000765248409,27.2937061,100.5,1.901888502e-05,6.03695821e-06,1.6805234800000003e-06,9.33025245e-07,6.510016169999999e-07,5.254323149999999e-07,4.2581215899999997e-07,3.8337052499999997e-07,8.320242740000001e-07,3.30890436e-07,2.97088733e-06,75.00502350000001,28.179358,1.8116494160000002e-09,8.9964525,0.0015743980299999997,0.12390236839999999,0.0003402893979,4.239118511e-05,0.00181057112,0.18274686099999998,0.0003402893979,4.239118511e-05,0.00256475572,0.791078416,0.0003402893979,4.239118511e-05,0.00252615782,0.548028669,0.0003402893979,4.239118511e-05,2.5025795698165894
155,1662116400,4.23847632e-05,4.23848194e-05,0.017850365920000003,0.20232462619999997,0.031037302100000004,0.0051611448,0.010681397799999999,0.0082861545,6.47842103e-06,4.6286028500000005e-05,30.625874599999996,76.7,8.752796809999999e-06,3.94198555e-06,1.4395482800000004e-06,8.79096866e-07,6.532291450000001e-07,5.32092944e-07,4.3891838699999993e-07,3.7932678600000004e-07,8.316624790000002e-07,3.6562845e-07,2.9741665e-06,77.2424038,28.937961,9.8754244e-10,9.0564518,0.00157155286,0.1200930495,2.6814983100000002e-05,4.56446654e-06,0.00181424276,0.161153949,2.6814983100000002e-05,4.56446654e-06,0.0025525953899999997,0.322995936,2.6814983100000002e-05,4.56446654e-06,0.00254920303,0.31832368,2.6814983100000002e-05,4.56446654e-06,2.502608299255371
155,1662117000,4.64636801e-05,4.64637111e-05,-0.13341054495,5.4915300443,0.0356359546,0.0052602831400000005,0.010835491249999999,0.00838177224,1.527138394e-05,0.0001377094806,31.718531600000006,84.1,1.0171587849999999e-05,4.523611720000001e-06,1.5141941900000001e-06,8.999993890000001e-07,6.62681696e-07,5.28821779e-07,4.30568021e-07,3.74126072e-07,8.316278509999999e-07,3.2838144e-07,2.9647145999999998e-06,76.1702116,27.17118,1.115602582e-09,9.035432,0.00157527958,0.12123657699999998,5.65414167e-05,7.249572919999998e-06,0.00187726841,0.17962856,5.65414167e-05,7.249572919999998e-06,0.0026088823400000002,0.361870981,5.65414167e-05,7.249572919999998e-06,0.00261117611,0.38140135599999997,5.65414167e-05,7.249572919999998e-06,2.502594256401062
155,1662117600,5.82306029e-05,5.823061999999999e-05,-0.28569733922000007,9.492129119048501,0.0424592493,0.005361806250000001,0.0108635945,0.008412929620000002,4.1524737999999996e-05,0.0003685306385,32.216783500000005,92.3,1.5561192850000003e-05,4.96457818e-06,1.55396393e-06,9.002049300000002e-07,6.36311877e-07,5.282313069999999e-07,4.45325421e-07,3.7482493e-07,8.29437932e-07,3.2592622299999996e-07,2.9918478299999995e-06,75.1790584,26.4787415,1.499808535e-09,9.0076273,0.00156920263,0.12054336189999999,0.00023817299039999998,2.566910855e-05,0.0018843622900000002,0.19371564299999997,0.00023817299039999998,2.566910855e-05,0.0027142156799999997,0.567019484,0.00023817299039999998,2.566910855e-05,0.00263719842,0.49687114499999996,0.00023817299039999998,2.566910855e-05,2.5025981664657593
155,1662118200,6.56477694e-05,6.564784779999999e-05,0.13000392060000002,8.3604020864,0.0536125541,0.00557141223,0.0112658016,0.008678734,6.126528753e-05,0.0004924834548000001,35.4650348,92.5,1.8897566199999997e-05,5.13986883e-06,1.62099586e-06,9.51415807e-07,6.784554189999999e-07,5.224837469999999e-07,4.3264219699999996e-07,3.8258409500000006e-07,8.425406000000001e-07,3.496922689999999e-07,3.00403752e-06,74.25300700000001,24.7315028,1.7447256099999997e-09,8.9852912,0.0015950074999999998,0.12432825649999998,0.0005720533929,5.776228973e-05,0.00192205352,0.18781458,0.0005720533929,5.776228973e-05,0.0029111498900000004,0.8822056460000001,0.0005720533929,5.776228973e-05,0.00272594754,0.39118807499999997,0.0005720533929,5.776228973e-05,2.502633213996887
155,1662118800,4.80743219e-05,4.807435050000001e-05,0.14043235695999998,3.1008171728300002,0.0394525512,0.00522949357,0.0106587355,0.0082406678,2.2947538869999996e-05,0.00021844919830000002,30.2220274,86.0,1.098594049e-05,4.502653910000001e-06,1.47953163e-06,8.8716504e-07,6.53179148e-07,5.03231316e-07,4.4057931800000006e-07,3.93546601e-07,8.18130149e-07,3.50082622e-07,3.0217300499999998e-06,76.7322631,28.7293312,1.172840031e-09,9.03751065,0.00155570339,0.11857130489999998,4.741176270000001e-05,6.966139920000001e-06,0.00182646018,0.166470679,4.741176270000001e-05,6.966139920000001e-06,0.00257669718,0.36771458199999996,4.741176270000001e-05,6.966139920000001e-06,0.0025952501499999997,0.433332007,4.741176270000001e-05,6.966139920000001e-06,2.5025924682617187
155,1662119400,4.05402103e-05,4.05402421e-05,-0.34475104161000003,6.707469026450001,0.030982814400000003,0.00495095884,0.010148546599999999,0.00789825739,1.51987674e-05,0.00014540221510000003,26.482517199999997,76.2,8.084001820000001e-06,3.7280623400000005e-06,1.38169678e-06,8.5619384e-07,6.512749090000001e-07,5.388964989999999e-07,4.453268060000001e-07,3.7069679600000003e-07,8.185054600000001e-07,3.3648668299999995e-07,3.05442555e-06,77.9513065,30.787829200000004,9.289662369999999e-10,9.068922099999998,0.00154048484,0.11581390840000001,4.64535098e-05,5.848513380000001e-06,0.0017589992599999996,0.155048446,4.64535098e-05,5.848513380000001e-06,0.00235899066,0.31628552,4.64535098e-05,5.848513380000001e-06,0.0023459449,0.282414968,4.64535098e-05,5.848513380000001e-06,2.502570104598999
155,1662120000,4.19342766e-05,4.19343067e-05,-0.005141725700000002,0.11996628629999997,0.0289036636,0.005137681569999999,0.010587278799999999,0.00820684585,6.1414395699999995e-06,4.186574140000001e-05,29.909090999999997,74.2,8.3235071e-06,4.04161943e-06,1.4776853399999998e-06,8.675336429999999e-07,6.6821569e-07,5.24358134e-07,4.30641988e-07,3.82866299e-07,8.350687679999998e-07,3.59549087e-07,3.05167207e-06,77.62411700000001,30.337563699999997,9.71780184e-10,9.0615447,0.0015769575500000001,0.1205128389,2.36942508e-05,3.84512701e-06,0.00183889897,0.165177238,2.36942508e-05,3.84512701e-06,0.0024757528800000003,0.302536881,2.36942508e-05,3.84512701e-06,0.00252008315,0.319375508,2.36942508e-05,3.84512701e-06,2.5025857210159304
155,1662120600,4.1450967300000005e-05,4.1450999099999996e-05,-0.053695509270999996,1.3512458615000003,0.0291179674,0.004963341729999999,0.0102148007,0.00788745719,1.168356699e-05,7.884011529999999e-05,26.229020900000002,76.3,8.289661180000001e-06,3.878186020000001e-06,1.3646863600000001e-06,8.764163449999999e-07,6.66320032e-07,5.26192285e-07,4.5303504300000006e-07,3.71492627e-07,8.472624329999999e-07,3.6147783599999996e-07,3.08998076e-06,78.2464035,31.979639400000007,9.599084500000002e-10,9.0688322,0.0015554008499999998,0.1185330962,5.6190067749999996e-05,7.874889139999999e-06,0.00175820408,0.154127369,5.6190067749999996e-05,7.874889139999999e-06,0.0023465944799999994,0.32841070000000006,5.6190067749999996e-05,7.874889139999999e-06,0.0023336902699999996,0.28872004399999995,5.6190067749999996e-05,7.874889139999999e-06,2.502639555931091
155,1662121200,4.32730465e-05,4.32730784e-05,0.07935621404999998,12.145837005450002,0.0442367749,0.00494770523,0.01011256065,0.007864575,2.1098008899999997e-05,0.000207505386,25.767482499999993,76.8,8.446148000000002e-06,4.50463372e-06,1.48154115e-06,9.10262816e-07,6.569621e-07,5.129368950000001e-07,4.4479153299999995e-07,3.8378293e-07,8.396222340000001e-07,3.86478817e-07,3.06925775e-06,77.6245655,31.206192700000003,1.0125592569999998e-09,9.057424999999999,0.00155485225,0.1187820243,0.0001382071163,1.4351399929999999e-05,0.00175469285,0.165961453,0.0001382071163,1.4351399929999999e-05,0.00230803846,0.32898949,0.0001382071163,1.4351399929999999e-05,0.0023911990299999995,0.33039989200000003,0.0001382071163,1.4351399929999999e-05,2.5026046991348267
155,1662121800,3.49672387e-05,3.496725289999999e-05,-0.014605366550000002,0.04185282730999999,0.023928370499999997,0.00471233611,0.009683134999999999,0.007563841219999999,4.1690207e-06,3.1180391000000006e-05,22.6416084,59.8,5.870234180000001e-06,3.3116623800000003e-06,1.3174717899999998e-06,8.56451356e-07,6.27231376e-07,5.101439460000001e-07,4.29413109e-07,3.8021470199999994e-07,8.35797869e-07,3.27225028e-07,3.01624253e-06,79.880184,34.3744873,7.59696109e-10,9.1018788,0.0015363624800000001,0.11469031539999999,1.5981116700000004e-05,2.85064134e-06,0.0017226504199999999,0.14459040099999998,1.5981116700000004e-05,2.85064134e-06,0.00212080719,0.21998564699999998,1.5981116700000004e-05,2.85064134e-06,0.00219372573,0.233897332,1.5981116700000004e-05,2.85064134e-06,2.5025635242462156
155,1662122400,3.9393874999999994e-05,3.9393916199999996e-05,-0.03140390158,2.4706774525999995,0.0324279492,0.00489256817,0.01003375875,0.007798904009999999,1.2501324059999998e-05,0.00011841901199999996,25.3846154,86.9,7.6654231e-06,3.68304324e-06,1.3408591899999997e-06,8.71187811e-07,6.71914211e-07,5.16362052e-07,4.35591969e-07,3.72216648e-07,8.204710360000001e-07,3.29195447e-07,2.9875742100000002e-06,78.3443374,31.202205,9.0081263e-10,9.07258,0.00154866305,0.1166217486,5.154575649999999e-05,7.1762415899999995e-06,0.0017616397700000001,0.15182204000000002,5.154575649999999e-05,7.1762415899999995e-06,0.00228158395,0.290577185,5.154575649999999e-05,7.1762415899999995e-06,0.0023354465799999996,0.282332458,5.154575649999999e-05,7.1762415899999995e-06,2.5026405572891237
155,1662123000,4.33588735e-05,4.3358921199999996e-05,0.0018251114800000017,0.1420924141,0.0279132677,0.0052148274,0.010799301400000001,0.008342288299999999,7.357279380000001e-06,5.117523619999999e-05,31.8951049,83.2,8.934405869999999e-06,4.1640478e-06,1.49890694e-06,8.819865500000001e-07,6.42052759e-07,5.3376064e-07,4.417342860000001e-07,3.7874004499999997e-07,8.330460160000001e-07,3.30402437e-07,3.0344156800000002e-06,77.1235672,28.989512100000002,1.01657855e-09,9.051854899999999,0.0015655030099999997,0.1187596385,2.7531933000000003e-05,4.5868726199999994e-06,0.0018608836800000001,0.16979377199999998,2.7531933000000003e-05,4.5868726199999994e-06,0.00256551041,0.33008340899999994,2.7531933000000003e-05,4.5868726199999994e-06,0.0025716661000000003,0.330524229,2.7531933000000003e-05,4.5868726199999994e-06,2.5025691270828245
155,1662123600,4.119654389999999e-05,4.11965958e-05,-0.012044465261,0.048949733950000004,0.0269786916,0.00510972774,0.0105205942,0.008184702439999999,5.72797505e-06,4.03334814e-05,29.6451047,67.9,8.065143290000001e-06,4.01752112e-06,1.4115228599999999e-06,8.663150440000001e-07,6.43909659e-07,4.998927239999999e-07,4.3569378999999994e-07,3.67619549e-07,8.34890126e-07,4.1798093200000003e-07,3.03754058e-06,77.82433639999999,30.8293726,9.51420987e-10,9.06305895,0.00156074199,0.1177077276,2.00758163e-05,3.7589121199999996e-06,0.00178990404,0.15679115000000002,2.00758163e-05,3.7589121199999996e-06,0.00249195543,0.301164797,2.00758163e-05,3.7589121199999996e-06,0.00249365881,0.307936647,2.00758163e-05,3.7589121199999996e-06,2.502618360519409
155,1662124200,3.884541450000001e-05,3.8845424499999996e-05,-0.049287918720000004,2.1247264703999997,0.03504313459999999,0.00486594972,0.009959671100000001,0.0077453830400000005,9.249552660000001e-06,8.273372950000001e-05,25.0839162,64.4,7.0222687e-06,3.6098262600000005e-06,1.4368382800000001e-06,8.536043719999999e-07,6.73278141e-07,5.482486440000002e-07,4.5197778699999997e-07,3.90936184e-07,8.791229410000001e-07,3.8997296500000005e-07,3.1648237e-06,79.173446,33.6850572,8.6739133e-10,9.0870365,0.0015524380699999999,0.118063009,3.6953234249999996e-05,4.98773362e-06,0.0017537375000000002,0.15288278699999996,3.6953234249999996e-05,4.98773362e-06,0.00226905114,0.271463669,3.6953234249999996e-05,4.98773362e-06,0.00225395037,0.2635077920000001,3.6953234249999996e-05,4.98773362e-06,2.5025803804397584
155,1662124800,3.90034417e-05,3.90034666e-05,0.018348894935000006,0.159801683326,0.028764071700000005,0.0049572181500000005,0.010236254,0.00792615286,5.78522305e-06,4.2040306500000006e-05,27.036713400000004,61.4,7.224298639999999e-06,3.6726429500000004e-06,1.38754007e-06,9.113100699999999e-07,6.59889072e-07,5.16835941e-07,4.448281279999999e-07,3.8595199599999997e-07,8.40662578e-07,3.6274016400000004e-07,3.08583072e-06,78.61030129999999,32.554982800000005,8.790175210000001e-10,9.0777924,0.0015688620300000002,0.11971329050000001,2.1162254600000003e-05,3.6575958599999997e-06,0.0017692435599999997,0.153657396,2.1162254600000003e-05,3.6575958599999997e-06,0.00229811824,0.265276835,2.1162254600000003e-05,3.6575958599999997e-06,0.0023795181699999995,0.27941069399999996,2.1162254600000003e-05,3.6575958599999997e-06,2.5026005268096925
155,1662125400,0.0002556455031,0.0002556455275,0.541324413485,30.04249951286,0.1457133542,0.00531409102,0.01019886465,0.00792556045,0.00071210471581,0.0073468522494,26.4912591,72.0,0.00010716465069000002,1.1148378600000001e-05,2.2509701199999997e-06,9.126339979999999e-07,6.880429639999999e-07,5.365493920000001e-07,4.38213718e-07,3.8372340299999995e-07,8.384582e-07,3.38022973e-07,3.1219938e-06,74.2090568,30.11561097,8.158586222e-09,8.9335601,0.00155196741,0.13430706050000002,0.003903786871150001,0.00037648470526999996,0.0017865578700000002,0.170257404,0.003903786871150001,0.00037648470526999996,0.00264149125,3.0506181969999995,0.003903786871150001,0.00037648470526999996,0.00265452313,3.660446096,0.003903786871150001,0.00037648470526999996,2.502485179901123
155,1662126000,4.0588399799999996e-05,4.0588439299999994e-05,0.032114088251,0.35493049075,0.032473223700000005,0.00505408922,0.01043477415,0.008115118600000002,7.079759829999999e-06,5.9940383999999996e-05,28.610139800000002,71.7,8.01435167e-06,3.83140392e-06,1.3641352e-06,8.78478938e-07,6.445763499999999e-07,5.16195842e-07,4.26154593e-07,3.71121354e-07,8.167802249999999e-07,3.16865344e-07,3.1082264999999997e-06,78.16354149999998,31.267973600000005,9.340855759999998e-10,9.0661394,0.00154593679,0.11620177810000001,2.2904385699999997e-05,4.17100976e-06,0.0017791025999999998,0.155945764,2.2904385699999997e-05,4.17100976e-06,0.00245152424,0.302051756,2.2904385699999997e-05,4.17100976e-06,0.00245243864,0.295659845,2.2904385699999997e-05,4.17100976e-06,2.502613377571106
155,1662126600,0.0001831222815,0.00018312231649999998,0.37758634840000005,49.478170438899994,0.11221169339999999,0.00695613987,0.015068328599999996,0.01068168414,0.00014620998794999998,0.0012040349392999999,40.4930062,130.3,6.26875033e-05,1.6871485539999996e-05,3.5521810300000005e-06,1.4865148890000002e-06,9.390537910000001e-07,6.72396304e-07,5.330441619999999e-07,4.3317846199999994e-07,9.45669057e-07,2.74723103e-07,3.16043134e-06,69.3967906,22.8970028,5.5799906649999994e-09,8.86108054,0.0016858783999999997,0.1850016442,0.0005230044374,7.408043833e-05,0.00223433299,0.560731098,0.0005230044374,7.408043833e-05,0.0039616613000000005,2.3774909430000006,0.0005230044374,7.408043833e-05,0.0035628977,1.711439262,0.0005230044374,7.408043833e-05,2.5023959398269655
155,1662127200,6.69716844e-05,6.69717083e-05,-0.0019050131500000012,10.2777237579,0.059871432,0.00562147733,0.01139099695,0.00866528662,5.494094770000001e-05,0.0005465147563,35.043705900000006,102.4,1.759544075e-05,6.9907546699999985e-06,1.76950179e-06,9.57655696e-07,6.722831199999999e-07,5.340791480000001e-07,4.22127316e-07,3.8319375200000004e-07,8.29157455e-07,2.784575930000001e-07,3.0519992799999997e-06,73.68988219999999,24.8136207,1.7752564830000002e-09,8.9658383,0.0015797638199999998,0.12551661939999997,0.00021898879059999995,2.6584844839999996e-05,0.0019664233800000003,0.23897358300000002,0.00021898879059999995,2.6584844839999996e-05,0.0029447084700000006,0.7147118780000001,0.00021898879059999995,2.6584844839999996e-05,0.0028443928899999998,0.549697364,0.00021898879059999995,2.6584844839999996e-05,2.5023678064346315
155,1662127800,0.0001921389565,0.00019213898900000001,-1.1040455875100004,44.6012387634,0.10025935560000002,0.00627445821,0.01177031055,0.00877332078,0.00028203452487,0.0026224132916999997,36.3671332,119.4,6.817290462999999e-05,1.6807963749999998e-05,3.09712659e-06,1.34913573e-06,8.87865409e-07,6.423065529999999e-07,5.045339980000001e-07,4.15590634e-07,8.71066696e-07,2.6845242199999994e-07,3.05113664e-06,68.6711336,22.58785355,5.878481099999999e-09,8.833432769999998,0.0016139740999999998,0.15075768400000003,0.0012824080805999998,0.00015118071135,0.00204363169,0.430950495,0.0012824080805999998,0.00015118071135,0.0034319812800000004,2.314613874,0.0012824080805999998,0.00015118071135,0.0032802181999999997,2.2965774899999998,0.0012824080805999998,0.00015118071135,2.5027913093566894
155,1662128400,3.29950295e-05,3.29950464e-05,0.0094342728,0.046443195,0.023844546,0.00457339256,0.00947134075,0.00733202342,3.6441500900000006e-06,2.8108086700000002e-05,20.555944,45.9,5.1663025399999995e-06,3.13756315e-06,1.2735101799999998e-06,8.296813760000001e-07,6.464609480000001e-07,5.10944147e-07,4.34023671e-07,3.711554e-07,8.34491791e-07,2.6261013300000005e-07,3.0271394000000004e-06,80.4339525,35.889833800000005,7.01037288e-10,9.11458335,0.00153174295,0.11395916910000001,1.4800532350000003e-05,2.4609166600000003e-06,0.0016862112000000002,0.137908258,1.4800532350000003e-05,2.4609166600000003e-06,0.0019824309599999995,0.195156382,1.4800532350000003e-05,2.4609166600000003e-06,0.00208275335,0.21206161000000004,1.4800532350000003e-05,2.4609166600000003e-06,2.5024964809417725
155,1662129000,4.2108961400000006e-05,4.21089717e-05,-0.07295802139999999,3.79358529847,0.040611166399999996,0.00494101975,0.010111808350000001,0.00782326646,1.5041458509999998e-05,0.00012740579860000002,25.839161,78.9,8.99368767e-06,3.7016412900000003e-06,1.3855941999999998e-06,8.81044814e-07,6.640422699999999e-07,5.07617523e-07,4.32190776e-07,3.8863512800000003e-07,8.327829609999999e-07,2.49931369e-07,3.01327111e-06,77.9229414,30.473613100000005,9.85853934e-10,9.06509015,0.0015507571900000002,0.11768532999999999,0.00011948004810000002,1.2850122550000005e-05,0.0017800084299999998,0.157802669,0.00011948004810000002,1.2850122550000005e-05,0.00236582444,0.36216740099999994,0.00011948004810000002,1.2850122550000005e-05,0.00233150818,0.28492243700000003,0.00011948004810000002,1.2850122550000005e-05,2.5025597333908083
155,1662129600,3.514552929999999e-05,3.5145554499999997e-05,0.16115588743999998,2.2376313583229996,0.039753268800000005,0.00466716644,0.00958742675,0.0074313665599999995,6.30387221e-06,5.32425891e-05,21.854895000000003,56.3,5.801104640000001e-06,3.3646518e-06,1.37024326e-06,9.001036649999999e-07,6.6915938e-07,4.99840081e-07,4.5862796000000004e-07,3.76245132e-07,8.40938095e-07,2.6352085299999994e-07,3.02665464e-06,79.478173,33.8611724,7.63066022e-10,9.101100800000001,0.0015579386499999998,0.12045763089999999,2.2068240950000003e-05,3.1689990999999998e-06,0.00171422299,0.14829888800000002,2.2068240950000003e-05,3.1689990999999998e-06,0.00206073692,0.21212202700000002,2.2068240950000003e-05,3.1689990999999998e-06,0.0021647952099999998,0.239034425,2.2068240950000003e-05,3.1689990999999998e-06,2.5025600671768187
155,1662130200,7.68132216e-05,7.681324939999999e-05,-0.20260433564999997,27.493310650700003,0.08213177370000001,0.00542337903,0.010709199550000001,0.00811316638,0.00010376601961,0.0009613776222000001,29.6993005,127.7,2.3485007400000002e-05,6.0900015e-06,1.5858652099999997e-06,9.44185398e-07,6.79393953e-07,5.41428059e-07,4.58734093e-07,3.9588899200000003e-07,8.57999995e-07,2.71912398e-07,3.0877489899999997e-06,73.1023558,24.067392849999997,2.097298366e-09,8.9511623,0.0015685157199999997,0.12500103769999998,0.0006370604822,7.025291154e-05,0.0018459870699999998,0.196271949,0.0006370604822,7.025291154e-05,0.0027875383099999996,1.018645533,0.0006370604822,7.025291154e-05,0.00261734714,0.5623953989999999,0.0006370604822,7.025291154e-05,2.5028860569000244
155,1662130800,3.99640936e-05,3.9964129400000005e-05,0.012879755909999995,0.289548253,0.0311402536,0.005005367320000001,0.010336564400000001,0.00801757551,6.852116689999999e-06,5.80812933e-05,28.223776299999997,74.2,7.73746303e-06,3.87446445e-06,1.3792470400000002e-06,8.697642519999998e-07,6.38916073e-07,5.18907268e-07,4.4019920300000006e-07,3.7506872e-07,8.429110979999999e-07,2.8468444699999996e-07,3.01945847e-06,77.90842400000001,30.478990399999997,9.13888175e-10,9.070294300000002,0.0015543029399999997,0.11744725549999999,2.8146046400000004e-05,4.32518276e-06,0.0017681264200000001,0.152611595,2.8146046400000004e-05,4.32518276e-06,0.0023911528499999998,0.29151410499999997,2.8146046400000004e-05,4.32518276e-06,0.00244443474,0.29493218299999996,2.8146046400000004e-05,4.32518276e-06,2.50233793258667
155,1662131400,0.0001147632211,0.00011476328330000001,-0.3679279104,16.321199174695003,0.07180403080000002,0.0056879762,0.01153683105,0.00826218858,0.00017809895542999997,0.0017831970429000002,30.225524899999993,96.4,4.0980335500000005e-05,7.5132655499999995e-06,1.7673851399999999e-06,9.213362830000001e-07,6.938052160000001e-07,5.40563492e-07,4.55504776e-07,3.8270811100000005e-07,8.506218940000002e-07,2.7064678699999994e-07,3.0051700199999997e-06,72.9068852,26.284876070000003,3.38101819e-09,8.930980499999999,0.0015905377300000003,0.1301288934,0.0010770138665999998,0.00012302469398,0.0019480074299999997,0.257312362,0.0010770138665999998,0.00012302469398,0.00294665901,1.7100686189999998,0.0010770138665999998,0.00012302469398,0.002763952,0.8931984940000002,0.0010770138665999998,0.00012302469398,2.5025806188583375
155,1662132000,3.3364519299999996e-05,3.33645395e-05,-0.023078020499999997,0.1232211819,0.023267501700000002,0.00459190967,0.009463725800000001,0.007335952209999999,4.32542188e-06,3.11199743e-05,20.910839199999998,55.3,5.38419117e-06,3.1663216400000002e-06,1.30835755e-06,8.238698490000001e-07,6.334869290000001e-07,5.147355360000001e-07,4.3484490800000006e-07,3.7342267199999997e-07,8.115235429999999e-07,2.61090584e-07,2.9687455300000003e-06,79.9888245,34.45785969999999,7.14485402e-10,9.1102519,0.0015323342100000002,0.11414590139999999,1.6214889549999997e-05,2.80039425e-06,0.00168382745,0.13757229199999998,1.6214889549999997e-05,2.80039425e-06,0.0020102465800000005,0.202198945,1.6214889549999997e-05,2.80039425e-06,0.0021071693699999997,0.22101639899999997,1.6214889549999997e-05,2.80039425e-06,2.5026233434677123
155,1662132600,3.315852e-05,3.31585358e-05,-0.003108230439999999,0.23795461229999998,0.028742783000000004,0.0045712409599999995,0.0094147931,0.00732225335,5.03823902e-06,4.54313345e-05,20.262237799999998,61.3,5.268954749999999e-06,3.1850428799999997e-06,1.28163507e-06,8.68155442e-07,6.39532306e-07,5.00404634e-07,4.29418979e-07,3.62958588e-07,8.344984459999999e-07,2.5549841e-07,2.94870622e-06,80.0011755,34.5276343,7.08802042e-10,9.109665600000001,0.0015353319500000001,0.114521095,2.0130466599999996e-05,2.8988231100000003e-06,0.0016784856299999998,0.136675702,2.0130466599999996e-05,2.8988231100000003e-06,0.00195787076,0.19177508299999999,2.0130466599999996e-05,2.8988231100000003e-06,0.00213062184,0.227041856,2.0130466599999996e-05,2.8988231100000003e-06,2.5026196956634523
155,1662133200,3.75827568e-05,3.75827927e-05,0.004744912700000001,0.3452118681,0.030891489399999993,0.004863266220000001,0.01000869285,0.0077759283,5.68232445e-06,4.0117961400000004e-05,25.451048800000002,71.4,6.677078390000001e-06,3.5914574800000006e-06,1.35649584e-06,8.617214099999999e-07,6.577338980000001e-07,6.125652520000001e-07,4.6114876999999996e-07,4.1521987099999994e-07,9.273679599999999e-07,2.617660819999999e-07,2.96787864e-06,78.2906347,31.551159000000002,8.35871978e-10,9.085105500000001,0.00155854207,0.12199752059999999,1.88992844e-05,3.3258157299999997e-06,0.00175190689,0.14919646199999997,1.88992844e-05,3.3258157299999997e-06,0.0022763096,0.256612335,1.88992844e-05,3.3258157299999997e-06,0.0022834733499999997,0.257930322,1.88992844e-05,3.3258157299999997e-06,2.5026227235794067
155,1662133800,4.14001429e-05,4.140017169999999e-05,0.19600111584,3.6803647665,0.0464244839,0.005019860100000001,0.010343489350000002,0.008002625250000001,1.133519839e-05,0.00010095308409999999,27.6188809,76.3,7.724145279999998e-06,4.14265279e-06,1.49922363e-06,8.86149827e-07,7.1739245e-07,6.796356019999999e-07,5.028903259999999e-07,4.0618157599999995e-07,9.08890371e-07,2.59587718e-07,2.9721542399999997e-06,76.93263060000001,29.485107100000004,9.465975429999998e-10,9.0622764,0.00157452972,0.1314305999,3.0369937000000003e-05,4.31738718e-06,0.0018375370699999997,0.171654144,3.0369937000000003e-05,4.31738718e-06,0.00238384017,0.284642991,3.0369937000000003e-05,4.31738718e-06,0.0024040988599999995,0.302757252,3.0369937000000003e-05,4.31738718e-06,2.5026012659072876
155,1662134400,4.0050000400000004e-05,4.0050039e-05,-0.002410546299999999,0.18397605596999997,0.028084056100000004,0.005026004539999999,0.010351613699999998,0.008043759309999999,6.1602876299999995e-06,4.7246142099999995e-05,28.092657300000003,68.5,7.670143360000001e-06,4.06273998e-06,1.4249397000000001e-06,8.49611801e-07,6.40632426e-07,5.354283320000001e-07,4.3123896e-07,3.72809831e-07,8.04910432e-07,2.60419961e-07,2.9677112700000004e-06,77.6396827,29.380981899999995,9.16162158e-10,9.067352099999999,0.00155662356,0.11702569939999999,2.31635432e-05,3.6904856000000008e-06,0.0018220714200000003,0.163243011,2.31635432e-05,3.6904856000000008e-06,0.00241430053,0.28392351,2.31635432e-05,3.6904856000000008e-06,0.00244848784,0.300782797,2.31635432e-05,3.6904856000000008e-06,2.5026432275772095
155,1662135000,0.0004033972861,0.0004033973045,-0.2097959313000001,18.310798658399996,0.12375407190000001,0.0061685416400000005,0.011349531950000002,0.008407407080000002,0.00084231389055,0.0079525866814,31.659091,91.1,0.00016649861053000001,2.32423355e-05,3.9034179199999995e-06,1.394453936e-06,8.339664380000001e-07,6.471538609999999e-07,4.940788690000001e-07,4.33480756e-07,9.09637838e-07,2.6865166699999997e-07,3.0718454000000003e-06,72.2684412,27.044814529999996,1.3096867508000002e-08,8.914272549999998,0.0016263158,0.1779582155,0.0051401266485,0.0005842622647300001,0.00208543274,1.0394298149999999,0.0051401266485,0.0005842622647300001,0.0034204084699999996,6.978818853,0.0051401266485,0.0005842622647300001,0.0030247595399999997,3.0409053520000002,0.0051401266485,0.0005842622647300001,2.502580690383911
155,1662135600,0.00020258056169999996,0.00020258057599999995,-0.6884216706000001,38.5975955008,0.09203843260000001,0.00559644971,0.010836725850000001,0.008059998250000002,0.0005699986226500001,0.0060580760007,28.0664334,79.7,6.982591937e-05,2.0606141450000004e-05,2.8466646599999995e-06,1.535040201e-06,8.066466919999999e-07,5.90634567e-07,4.82632451e-07,4.11770725e-07,8.74125664e-07,2.6775867700000003e-07,3.0427362299999996e-06,73.6756809,28.69361867,6.265691553e-09,8.95604589,0.0016459529500000001,0.2006911974,0.00255558271405,0.00028492709293,0.0019716592000000002,0.8351093439999999,0.00255558271405,0.00028492709293,0.0029244333900000003,3.715820565999999,0.00255558271405,0.00028492709293,0.0026239292099999997,0.7514198759999998,0.00255558271405,0.00028492709293,2.502588152885437
155,1662136200,0.0001010579336,0.00010105798720000001,0.3944473576929999,17.33912304,0.06651227490000002,0.00555743918,0.0116485698,0.00821212529,0.00011356333906,0.0010408976338999998,28.823426600000005,96.0,3.149379873e-05,1.050391834e-05,1.6156187600000001e-06,9.075075180000001e-07,6.440225449999999e-07,5.33720445e-07,4.3416300400000006e-07,3.74108551e-07,8.130922589999999e-07,2.5982572e-07,2.94805659e-06,73.96359160000002,27.26566596,2.9298031529999998e-09,8.961460499999998,0.00156953627,0.12217392349999998,0.0006330896918000001,7.102978395000001e-05,0.0019095378899999997,0.26439050599999997,0.0006330896918000001,7.102978395000001e-05,0.0028954179900000003,1.3622304340000002,0.0006330896918000001,7.102978395000001e-05,0.0026842539,0.863056444,0.0006330896918000001,7.102978395000001e-05,2.502849841117859
155,1662136800,3.87217783e-05,3.8721816399999996e-05,0.10939199800000002,4.608650380769999,0.0391332892,0.00482759971,0.009934432,0.007706883240000001,1.172952898e-05,0.0001093990321,24.8688806,82.1,7.33841191e-06,3.79723237e-06,1.38384813e-06,8.72762554e-07,6.4467218e-07,5.11437676e-07,4.3736490600000006e-07,3.71442016e-07,8.213221990000001e-07,2.5066071400000004e-07,2.93143883e-06,78.09997059999999,30.5906513,8.79318832e-10,9.078375099999999,0.00154517624,0.1169546035,7.94589549e-05,8.78678596e-06,0.00174803645,0.15098218600000005,7.94589549e-05,8.78678596e-06,0.00224189035,0.29170193099999997,7.94589549e-05,8.78678596e-06,0.00225251587,0.26883319400000005,7.94589549e-05,8.78678596e-06,2.5023926973342894
155,1662137400,7.551589570000001e-05,7.551591310000001e-05,0.5460156099000001,16.62004290376,0.07699197360000001,0.00509775227,0.01023487075,0.00773612611,0.00011098184407999999,0.0011538211099,25.101399200000003,88.7,2.3411536810000002e-05,5.919163320000001e-06,1.4977666999999998e-06,9.182631279999999e-07,6.527677239999999e-07,5.219620789999999e-07,4.3209766799999997e-07,3.7069691499999993e-07,8.291859049999999e-07,2.65121806e-07,2.9388953000000002e-06,76.1225871,29.81066445,2.093910724e-09,9.0114934,0.0015541913999999998,0.1194410436,0.0005267593414,5.4166807349999994e-05,0.00174417004,0.175405733,0.0005267593414,5.4166807349999994e-05,0.00243969563,0.867503307,0.0005267593414,5.4166807349999994e-05,0.0024855343100000002,0.717680157,0.0005267593414,5.4166807349999994e-05,2.5028234004974363
155,1662138000,5.80812138e-05,5.8081236500000005e-05,0.01079137137,3.7424121983,0.044897908,0.005799938119999999,0.011911708,0.00923868475,2.6432458850000002e-05,0.0002379274165,40.8181816,94.9,1.4605159860000002e-05,5.7260413300000005e-06,1.64411078e-06,9.46682115e-07,7.0352243e-07,5.313869749999999e-07,4.4452324400000003e-07,3.8487138899999993e-07,8.30873334e-07,2.63720382e-07,2.95875383e-06,73.4727399,22.913699099999995,1.48151321e-09,8.9815988,0.00160593373,0.12725902949999998,0.00013689411759999998,1.661397522e-05,0.0020200122599999997,0.208881083,0.00013689411759999998,1.661397522e-05,0.00310669814,0.563507022,0.00013689411759999998,1.661397522e-05,0.0029524271,0.476705664,0.00013689411759999998,1.661397522e-05,2.5024211406707764
155,1662138600,0.00011315575669999999,0.0001131559329,0.04706342652,4.213704011,0.06993044080000001,0.00709691852,0.015030276200000003,0.010950313300000002,7.5380624e-05,0.000622658798,56.239510300000006,142.2,3.18266769e-05,1.409438224e-05,2.87680314e-06,1.3597990070000002e-06,8.500776290000001e-07,6.10017784e-07,4.76253986e-07,3.94971534e-07,8.579686059999999e-07,2.63758308e-07,2.96695203e-06,67.91247630000001,18.40207255,3.2414405e-09,8.8583472,0.0016949028099999999,0.16879230890000002,0.00020400001959999998,2.84427398e-05,0.00232650428,0.359982311,0.00020400001959999998,2.84427398e-05,0.00411462636,1.203357075,0.00020400001959999998,2.84427398e-05,0.003804509280000001,1.2063667189999998,0.00020400001959999998,2.84427398e-05,2.5025719881057737
155,1662139200,5.3946425e-05,5.3946479499999996e-05,0.0050811777,0.4136290349999999,0.035203424299999994,0.00576850263,0.01191870545,0.0091844336,1.0691752119999998e-05,7.69140454e-05,40.921328700000004,94.6,1.3042721749999999e-05,5.291827890000001e-06,1.6266613299999997e-06,9.219515239999999e-07,6.69655223e-07,5.45493605e-07,4.2947633300000004e-07,3.7465267100000004e-07,8.32698051e-07,2.7375901799999997e-07,2.9634970400000004e-06,74.1727904,23.3637256,1.34954969e-09,8.996735600000001,0.0015988915700000002,0.1240981814,3.9788453e-05,6.813796799999999e-06,0.0019921317999999997,0.19471776300000002,3.9788453e-05,6.813796799999999e-06,0.00316233099,0.509246654,3.9788453e-05,6.813796799999999e-06,0.00291395342,0.428893494,3.9788453e-05,6.813796799999999e-06,2.5026336193084715
155,1662139800,3.95573201e-05,3.95573611e-05,0.023800419700000002,0.26068765217,0.0290119464,0.004979031259999999,0.01030323075,0.00797263185,6.3113355000000005e-06,4.591038009999999e-05,27.4632868,68.2,7.69243371e-06,3.7966131600000005e-06,1.3910694399999998e-06,8.660123329999999e-07,6.594081140000001e-07,5.14566992e-07,4.31406978e-07,3.85906385e-07,8.408045189999999e-07,2.5717111700000005e-07,2.94277279e-06,77.78079110000002,29.6334136,9.02731951e-10,9.07286785,0.00156088031,0.1176441979,2.20840505e-05,3.74330996e-06,0.0017627018699999998,0.152262187,2.20840505e-05,3.74330996e-06,0.00237899737,0.28151104,2.20840505e-05,3.74330996e-06,0.00244662435,0.299900994,2.20840505e-05,3.74330996e-06,2.502649688720703
155,1662140400,3.82813482e-05,3.82813764e-05,-0.004409557220000001,6.579559570900001,0.0376121307,0.004688449420000001,0.009574220599999999,0.00742429702,1.5142639060000004e-05,0.0001233855166,21.4999998,64.4,7.598771059999999e-06,3.36120306e-06,1.32818914e-06,8.615953249999999e-07,6.622993180000001e-07,5.166349760000001e-07,4.3841526499999995e-07,3.61432555e-07,8.19628822e-07,2.54204308e-07,2.9373955700000003e-06,78.6555511,32.1143755,8.688265800000001e-10,9.087240000000001,0.00154249558,0.1162752819,4.7949241799999997e-05,7.17366335e-06,0.0016941243800000002,0.142084322,4.7949241799999997e-05,7.17366335e-06,0.00212764535,0.271071851,4.7949241799999997e-05,7.17366335e-06,0.00218289733,0.28923325400000005,4.7949241799999997e-05,7.17366335e-06,2.5026265144348145
155,1662141000,3.52861847e-05,3.52862279e-05,0.0025359209000000013,0.0558264765,0.0242464422,0.0047247989099999995,0.009740938299999998,0.00759189522,4.512942409999999e-06,3.1389328300000006e-05,22.9283216,58.4,6.104628089999999e-06,3.35183008e-06,1.3157030500000002e-06,8.864814869999999e-07,6.446185919999999e-07,5.091996030000001e-07,4.37483881e-07,3.78657675e-07,8.240973380000001e-07,2.58506765e-07,2.93137391e-06,79.09648890000001,32.4741593,7.71757989e-10,9.097815800000001,0.00153744719,0.11530144949999999,1.68821007e-05,2.76939152e-06,0.0017289556300000002,0.145267955,1.68821007e-05,2.76939152e-06,0.00214562746,0.222574138,1.68821007e-05,2.76939152e-06,0.0022363061,0.247984984,1.68821007e-05,2.76939152e-06,2.50256290435791
155,1662141600,3.97238361e-05,3.97238925e-05,-0.003308941400000001,0.08871268959999999,0.0253582896,0.005000715729999999,0.0103500684,0.0080331163,5.5907111599999995e-06,3.8930267199999995e-05,28.1486015,65.8,7.76436729e-06,3.8607139e-06,1.45099508e-06,8.39620998e-07,6.4501576e-07,5.075835150000001e-07,4.30524615e-07,3.80080824e-07,8.25748951e-07,2.42713431e-07,2.9137783399999997e-06,77.4935389,29.1665054,9.092888870000001e-10,9.069328500000001,0.0015399725299999997,0.1150613976,1.97882339e-05,3.6902215599999997e-06,0.0018021796199999998,0.15914210299999998,1.97882339e-05,3.6902215599999997e-06,0.00246160998,0.299987154,1.97882339e-05,3.6902215599999997e-06,0.00238543274,0.282215263,1.97882339e-05,3.6902215599999997e-06,2.502577781677246
155,1662142200,3.95156623e-05,3.951569e-05,0.25669262215,8.517597828800001,0.0440945252,0.004948505860000001,0.0101943053,0.00791166237,7.84772616e-06,6.50816519e-05,27.038461599999998,73.6,7.431295e-06,3.77130863e-06,1.4945716599999997e-06,9.08515738e-07,6.973421500000001e-07,5.601470270000001e-07,4.6313299899999997e-07,4.0017008499999995e-07,8.41120077e-07,2.44400653e-07,2.9451159999999996e-06,77.4793569,29.6023532,8.96651627e-10,9.07199425,0.00156410328,0.12893493299999997,2.8544146e-05,4.25774924e-06,0.0017949640299999997,0.160832978,2.8544146e-05,4.25774924e-06,0.00229993171,0.268072998,2.8544146e-05,4.25774924e-06,0.0024155713199999996,0.2919405789999999,2.8544146e-05,4.25774924e-06,2.502607583999634
155,1662142800,4.293767919999999e-05,4.29377215e-05,0.2830604613,10.08564671954,0.0421513223,0.00483014138,0.009898904650000002,0.0076578046900000005,2.684777982e-05,0.00026179171869999995,24.0472028,74.5,9.908846529999999e-06,3.43232252e-06,1.3448916300000002e-06,8.52619091e-07,6.31236134e-07,5.069989919999999e-07,4.32285611e-07,3.75855166e-07,8.039665229999998e-07,2.52379249e-07,2.9270324200000004e-06,77.78019979999999,29.81488565,1.0197827030000002e-09,9.0637945,0.00153696019,0.11493740350000001,0.00021072988479999997,2.1304102309999995e-05,0.00172865564,0.145873346,0.00021072988479999997,2.1304102309999995e-05,0.0022668141,0.383894694,0.00021072988479999997,2.1304102309999995e-05,0.0023100821499999996,0.30773426400000004,0.00021072988479999997,2.1304102309999995e-05,2.5026086807250976
155,1662143400,3.6307713100000005e-05,3.630772999999999e-05,-0.0005721562500000006,0.0463755008,0.025244575799999995,0.004793984,0.009906683400000001,0.00771183171,4.835865040000001e-06,3.68888732e-05,24.367133000000003,60.4,6.5475291500000005e-06,3.4683101900000002e-06,1.32713614e-06,8.598504049999999e-07,6.39390259e-07,5.185016449999999e-07,4.4320580200000003e-07,3.80295131e-07,8.23827792e-07,2.40474243e-07,2.90412982e-06,78.5218381,31.2665386,8.04684138e-10,9.088991400000001,0.00154550035,0.11618836250000002,1.97167437e-05,3.1653690100000002e-06,0.00173220103,0.14643562599999999,1.97167437e-05,3.1653690100000002e-06,0.00221627611,0.24055765499999998,1.97167437e-05,3.1653690100000002e-06,0.00228564294,0.258767865,1.97167437e-05,3.1653690100000002e-06,2.502608036994934
155,1662144000,4.8331177500000004e-05,4.83312147e-05,-0.20248854945000003,38.4339142741,0.0615184471,0.00471405802,0.009556264,0.0074077285,7.110811584000001e-05,0.0007509128391,21.1433565,67.7,9.408569210000002e-06,5.79414027e-06,1.8317483200000001e-06,1.000030419e-06,7.02639866e-07,5.652231010000001e-07,4.4732085999999995e-07,3.95713242e-07,8.37982741e-07,2.47035502e-07,2.9348083299999998e-06,76.3275419,29.9127503,1.165716452e-09,9.047275599999999,0.00153210492,0.11555065149999999,7.975474619999999e-05,1.025619471e-05,0.00174626063,0.255645122,7.975474619999999e-05,1.025619471e-05,0.00207466518,0.284812457,7.975474619999999e-05,1.025619471e-05,0.0022290402700000005,0.4422145029999999,7.975474619999999e-05,1.025619471e-05,2.502559041976929
155,1662144600,6.83661248e-05,6.836617570000002e-05,-0.16324811514999998,7.794473035893001,0.044620656999999994,0.00515068955,0.0107127758,0.00792621691,4.683892664999999e-05,0.000381553649,25.694055600000002,74.7,2.031669854e-05,5.34874899e-06,1.60277696e-06,9.209021069999999e-07,6.48500483e-07,5.18257075e-07,4.40654105e-07,3.74795592e-07,8.26679048e-07,2.4119785000000005e-07,2.9417396999999997e-06,76.56049189999999,30.482222469999993,1.858884497e-09,9.030369199999999,0.00156319268,0.1223854284,0.0004944297489500001,4.881682177e-05,0.00179841671,0.182658512,0.0004944297489500001,4.881682177e-05,0.00250450354,0.856696562,0.0004944297489500001,4.881682177e-05,0.00242873271,0.505514113,0.0004944297489500001,4.881682177e-05,2.5032958984375
155,1662145200,0.0010780597370999999,0.0010780599173000002,-0.6133754527999999,45.3504111984,0.2371583458,0.008820737810000001,0.01751595,0.012113085210000003,0.00418849206048,0.0444530204298,56.9405587,144.7,0.00043570961566999995,8.423256512e-05,9.21123142e-06,2.8414944629999997e-06,1.1915282420000001e-06,6.78403605e-07,5.60889525e-07,4.6187530300000007e-07,9.10590764e-07,2.74562934e-07,2.95694414e-06,62.24169820000001,19.905499619999997,3.5579100515e-08,8.64528365,0.0017414423200000002,0.2830621944000001,0.01578873247686,0.00199752484536,0.00255336524,1.2275963646,0.01578873247686,0.00199752484536,0.00568459438,23.018795525999998,0.01578873247686,0.00199752484536,0.00461127463,5.97872011,0.01578873247686,0.00199752484536,2.501920390129089
155,1662145800,3.44427037e-05,3.44427238e-05,0.03126655839999999,0.47977131989999994,0.0314395229,0.0046740283899999995,0.009637517200000001,0.0075272677,4.1469106e-06,3.0439047699999998e-05,21.9860136,51.8,5.718879040000001e-06,3.3325273499999993e-06,1.29928393e-06,8.61581595e-07,6.543108450000001e-07,5.13815928e-07,4.42950756e-07,3.80268576e-07,8.243036990000001e-07,2.55922564e-07,2.9365850999999997e-06,79.29366819999998,33.0166957,7.46066493e-10,9.103483399999998,0.0015434830100000002,0.11573403450000001,1.661031715e-05,2.73320964e-06,0.0017031535100000001,0.141779593,1.661031715e-05,2.73320964e-06,0.0021215750600000003,0.218312559,1.661031715e-05,2.73320964e-06,0.0021790887000000003,0.231482091,1.661031715e-05,2.73320964e-06,2.5025620460510254
155,1662146400,3.9042133600000003e-05,3.9042148200000005e-05,0.304293580466,17.8220859969,0.0492410192,0.00459166283,0.0093896477,0.00729790538,1.909394735e-05,0.0001581844648,20.0786712,59.2,7.033065950000001e-06,4.15859301e-06,1.4310854399999999e-06,9.11415319e-07,6.60251016e-07,4.96245277e-07,4.46593195e-07,3.7466079199999996e-07,8.14225274e-07,2.6129434e-07,2.93341827e-06,78.6261891,32.8908329,8.886204040000001e-10,9.0869515,0.00154257951,0.12381869050000001,0.0001399847865,1.4111893769999997e-05,0.0016849473699999998,0.1684584336,0.0001399847865,1.4111893769999997e-05,0.00196970537,0.262623314,0.0001399847865,1.4111893769999997e-05,0.00215300323,0.286542919,0.0001399847865,1.4111893769999997e-05,2.5025908946990967
155,1662147000,5.932410400000001e-05,5.93241098e-05,-0.19793418813999997,26.34997094,0.0556236931,0.0048039393799999995,0.0097081341,0.007507055700000001,6.343133800999999e-05,0.0004917218599,22.473776299999997,71.2,1.4846015189999998e-05,6.3146707e-06,1.6987354699999998e-06,8.807404580000001e-07,6.20169484e-07,5.2541795e-07,4.3466973400000005e-07,3.6376131399999997e-07,8.18328656e-07,2.5233257e-07,2.90633246e-06,76.3666503,29.876245000000004,1.5451207009999999e-09,9.0313028,0.00153816993,0.12120504419999997,0.0007264094231,6.949859626e-05,0.0017231609800000003,0.14954886099999998,0.0007264094231,6.949859626e-05,0.002207495,0.65915918,0.0007264094231,6.949859626e-05,0.00228090662,0.4903537320000001,0.0007264094231,6.949859626e-05,2.5025854825973513
155,1662147600,3.58453113e-05,3.5845357899999994e-05,-0.004569713400000001,0.054794695930000005,0.026710337500000004,0.00476446911,0.009835533799999999,0.007633749520000001,4.91005446e-06,3.66305477e-05,23.608392199999997,65.7,6.3314000700000005e-06,3.3747564300000004e-06,1.34423514e-06,8.683936710000001e-07,6.661596459999999e-07,5.42108226e-07,4.4059111399999997e-07,3.63455644e-07,8.22712479e-07,2.6301161599999996e-07,2.9051531e-06,78.8005015,31.824402199999998,7.899109259999999e-10,9.092138000000002,0.0015539728900000002,0.11736342,2.027085915e-05,3.2592214699999994e-06,0.0017177761200000002,0.14438309400000002,2.027085915e-05,3.2592214699999994e-06,0.00220732199,0.24009801300000003,2.027085915e-05,3.2592214699999994e-06,0.00222554681,0.24557961400000003,2.027085915e-05,3.2592214699999994e-06,2.5025710821151734
155,1662148200,3.5798178400000005e-05,3.57982194e-05,0.015539062410000002,0.1406741044,0.026184141,0.00474972694,0.009841019600000002,0.00761854698,4.8720059199999996e-06,3.80225973e-05,23.384615399999998,58.3,6.202622240000001e-06,3.55821462e-06,1.3209463899999999e-06,8.29270054e-07,6.486511419999999e-07,5.07295155e-07,4.2911679699999994e-07,3.79261827e-07,8.249453289999999e-07,2.57488067e-07,2.9409207600000004e-06,78.8713586,31.94840019999999,7.87738346e-10,9.0937487,0.0015300561699999999,0.11369770900000001,2.1185185070000003e-05,3.12547319e-06,0.00173511634,0.145951033,2.1185185070000003e-05,3.12547319e-06,0.00216292165,0.22954434699999998,2.1185185070000003e-05,3.12547319e-06,0.00227376876,0.25502272000000004,2.1185185070000003e-05,3.12547319e-06,2.502612328529358
155,1662148800,3.6873283199999995e-05,3.687331550000001e-05,-0.012532354039999999,0.094614319,0.025838036599999996,0.00483065788,0.0099198288,0.007733895070000002,5.243493920000001e-06,3.87611389e-05,24.697552699999996,69.6,6.7657138400000005e-06,3.513006089999999e-06,1.34491736e-06,8.4868266e-07,6.43460566e-07,5.15167785e-07,4.49791565e-07,3.7229714400000003e-07,8.15550771e-07,2.45389459e-07,2.92219783e-06,78.48982849999999,30.938911,8.21665319e-10,9.08877025,0.0015472103300000002,0.11584304299999999,2.0145274900000002e-05,3.40695157e-06,0.00173340796,0.14668270499999997,2.0145274900000002e-05,3.40695157e-06,0.0023004756699999997,0.257744141,2.0145274900000002e-05,3.40695157e-06,0.00229674556,0.25852682099999996,2.0145274900000002e-05,3.40695157e-06,2.5025360345840455
155,1662149400,3.5003275300000004e-05,3.5003299900000006e-05,-0.0085601584,0.12613007989999997,0.025872054899999997,0.00470282525,0.0096921335,0.0075307487800000015,4.97996508e-06,4.17937725e-05,22.7395103,60.2,6.03677168e-06,3.3281135499999998e-06,1.35121074e-06,8.585408599999999e-07,6.18142398e-07,4.974092e-07,4.4011757200000003e-07,3.72499387e-07,8.12307804e-07,2.61103582e-07,2.9225779000000005e-06,79.15092100000001,32.54807699999999,7.654476869999999e-10,9.098132,0.0015325251,0.1142141372,1.82103464e-05,3.0999608e-06,0.00172853289,0.14543142100000003,1.82103464e-05,3.0999608e-06,0.00212787761,0.225198073,1.82103464e-05,3.0999608e-06,0.0021980861399999996,0.24063561100000003,1.82103464e-05,3.0999608e-06,2.5026465892791747
155,1662150000,6.0906769e-05,6.090679530000001e-05,0.13467251600000002,29.315860555629996,0.0606566055,0.00456706097,0.00920882735,0.00713898211,0.00014636358918,0.0015534562535999999,18.580419499999998,60.9,1.3979352839999998e-05,7.36566159e-06,2.02554317e-06,1.038213852e-06,6.95208014e-07,5.35858535e-07,4.2934649199999994e-07,3.6599777200000004e-07,8.291298869999999e-07,2.5372459399999996e-07,2.93231181e-06,77.3165401,33.15327309999999,1.5878184560000002e-09,9.05210465,0.00154217413,0.12484417029999999,0.00038766753607000004,4.204160868e-05,0.0016749967599999998,0.24592788959999998,0.00038766753607000004,4.204160868e-05,0.0019909019899999997,0.576448144,0.00038766753607000004,4.204160868e-05,0.0020814393899999998,0.518599736,0.00038766753607000004,4.204160868e-05,2.50257351398468
155,1662150600,3.4487148299999997e-05,3.44871726e-05,-0.00431905218,0.058723112900000006,0.0237142613,0.0046764213499999995,0.00961828455,0.007502594300000001,4.275399459999999e-06,3.29907388e-05,22.059441,55.6,5.7377785100000005e-06,3.30056256e-06,1.33657055e-06,8.681514049999999e-07,6.41972222e-07,5.26432302e-07,4.5108812e-07,3.7342742e-07,8.226626509999999e-07,2.5410770700000004e-07,2.93010957e-06,79.3713249,33.0561626,7.48065467e-10,9.10340055,0.00154507328,0.11638617440000001,1.6126605299999998e-05,2.7300315899999997e-06,0.0017241941400000002,0.14480171200000003,1.6126605299999998e-05,2.7300315899999997e-06,0.00206244405,0.210566472,1.6126605299999998e-05,2.7300315899999997e-06,0.0022068190799999997,0.238099009,1.6126605299999998e-05,2.7300315899999997e-06,2.502581334114075
155,1662151200,6.00586611e-05,6.00586913e-05,0.05784080398499998,17.888228418900002,0.05689726740000001,0.00516517392,0.010419663249999999,0.00803233785,5.118340789e-05,0.0003954870797,28.0611889,86.8,1.679106102e-05,4.6278801000000004e-06,1.5457628300000001e-06,9.19929277e-07,7.082314370000001e-07,5.338051279999999e-07,4.44455277e-07,3.7635070399999996e-07,8.44610541e-07,3.20827712e-07,2.9146160399999998e-06,75.5198685,27.879474450000004,1.5709584009999998e-09,9.016993349999998,0.00155889971,0.1241030126,0.00045058980429999997,4.4163845229999995e-05,0.00181002704,0.16767960099999998,0.00045058980429999997,4.4163845229999995e-05,0.00256197726,0.67245471,0.00045058980429999997,4.4163845229999995e-05,0.0025128962299999997,0.457500367,0.00045058980429999997,4.4163845229999995e-05,2.5089584827423095
155,1662151800,0.0001302539732,0.00013025398540000003,0.39844344766999995,22.371429758599998,0.07826404070000001,0.005649043720000001,0.011389848300000002,0.00816402911,0.00012648768705999998,0.0007225446707,28.082167,92.5,4.1062712790000005e-05,1.422408375e-05,2.4428800300000006e-06,1.122914511e-06,7.502188569999999e-07,5.55531129e-07,4.61489422e-07,3.8642990800000004e-07,8.4647133e-07,3.7165290399999997e-07,2.9021026999999998e-06,73.2226962,27.9730776,3.888405297e-09,8.95442015,0.00160647454,0.147454793,0.00044761963595000003,6.891937108e-05,0.0019478972699999999,0.387071803,0.00044761963595000003,6.891937108e-05,0.0029602567399999997,1.7935070529999995,0.00044761963595000003,6.891937108e-05,0.00265293691,1.108850964,0.00044761963595000003,6.891937108e-05,2.496269774436951
155,1662152400,3.2889339e-05,3.28893701e-05,-0.012954874760000002,0.08094830249999999,0.024404039899999997,0.004559471569999999,0.00941071865,0.00729850506,3.86736976e-06,3.02917516e-05,20.970280400000004,50.5,5.18685664e-06,3.09660054e-06,1.2821206600000002e-06,8.249556569999999e-07,6.40684857e-07,5.075170659999999e-07,4.2642077400000003e-07,3.73505985e-07,8.0437341e-07,3.8915607899999994e-07,2.91195786e-06,80.16320060000001,35.2197324,7.00147276e-10,9.1149136,0.0015266736199999998,0.11337689749999999,1.46802822e-05,2.4699449899999998e-06,0.0016753077000000003,0.13596619650000002,1.46802822e-05,2.4699449899999998e-06,0.0019779263199999997,0.19196796700000002,1.46802822e-05,2.4699449899999998e-06,0.00210433891,0.217376069,1.46802822e-05,2.4699449899999998e-06,2.5026076555252077
155,1662153000,3.55776761e-05,3.55776989e-05,5.4061747999999135e-05,0.122158089364,0.026657552700000003,0.004726451990000001,0.009735858250000002,0.007561225039999999,5.14853258e-06,3.95245014e-05,22.823426599999998,53.5,6.107748900000001e-06,3.4300947000000002e-06,1.32095639e-06,8.65797367e-07,6.3879487e-07,5.104532230000001e-07,4.3772897699999993e-07,3.70491499e-07,8.291100780000001e-07,3.7551669300000004e-07,2.90153371e-06,79.2286964,33.416655000000006,7.833028819999999e-10,9.097244700000001,0.00154571059,0.1160396808,1.8059630199999998e-05,2.98971121e-06,0.00173321782,0.14642463899999997,1.8059630199999998e-05,2.98971121e-06,0.0021142776800000002,0.22303720700000004,1.8059630199999998e-05,2.98971121e-06,0.00221775907,0.25019671799999993,1.8059630199999998e-05,2.98971121e-06,2.5025912523269653
155,1662153600,5.42086991e-05,5.42087081e-05,0.4729430601900001,30.391316929694,0.0629885908,0.0047672782,0.009690469400000002,0.00752503668,0.00010126170996,0.0010703893938,22.4055946,66.5,1.179668736e-05,6.339290580000001e-06,1.91035547e-06,9.53902703e-07,6.56131163e-07,5.145532119999999e-07,4.26969277e-07,3.83646515e-07,8.18000559e-07,3.63066424e-07,2.94149169e-06,76.94303939999999,31.536463100000002,1.367105432e-09,9.046767,0.00153478604,0.11674258210000002,0.0001770362148,1.797595167e-05,0.0017185300400000003,0.17901548099999998,0.0001770362148,1.797595167e-05,0.00213446345,0.33084565499999996,0.0001770362148,1.797595167e-05,0.0022774161800000006,0.640029056,0.0001770362148,1.797595167e-05,2.5026084661483763
155,1662154200,0.0003268374785,0.0003268375031,0.08509851165,30.185590485530003,0.1594306234,0.0059470448399999995,0.010906295899999998,0.007874359530000001,0.0008178132133099999,0.008182879527,26.526223699999996,94.9,0.00013992063455999998,1.360438092e-05,2.47287126e-06,1.150490707e-06,7.20548778e-07,5.818176960000001e-07,4.55762207e-07,3.8232169999999997e-07,8.399569889999999e-07,3.6892325599999995e-07,2.9206978099999997e-06,70.63012710000001,27.191481600000003,1.0544883124e-08,8.835096140000001,0.0015852138699999998,0.152146499,0.0036428196353,0.00041518315622,0.00187324359,0.315557475,0.0036428196353,0.00041518315622,0.0032107224899999994,5.325539177,0.0036428196353,0.00041518315622,0.00294648207,3.2675583249999987,0.0036428196353,0.00041518315622,2.5025911808013914
155,1662154800,4.29909058e-05,4.2990944700000004e-05,0.23876984419999997,14.0239199857,0.05766366629999999,0.004931397410000001,0.01009372,0.007846292520000001,1.9284511389999998e-05,0.0001891379145,25.774475399999993,70.2,8.29321411e-06,4.5359415800000005e-06,1.57767744e-06,9.339148029999999e-07,6.820345280000001e-07,5.34067708e-07,4.4277553700000006e-07,3.80919729e-07,8.285267610000001e-07,3.5886468800000004e-07,2.9272925499999998e-06,76.8758941,29.6386726,1.003717929e-09,9.0589095,0.0015504529399999998,0.1175897706,4.7031309750000007e-05,6.032614379999999e-06,0.0017876699699999998,0.170159212,4.7031309750000007e-05,6.032614379999999e-06,0.0023124582399999998,0.286927837,4.7031309750000007e-05,6.032614379999999e-06,0.00238067045,0.36990550200000005,4.7031309750000007e-05,6.032614379999999e-06,2.5025602102279665
155,1662155400,3.6867490199999995e-05,3.6867524700000006e-05,-0.0178304388,0.10206467859999999,0.0248339053,0.004828610929999999,0.00992816905,0.007764234809999999,5.17825084e-06,3.9498297999999995e-05,24.6328674,62.7,6.72549944e-06,3.44090409e-06,1.3266146199999998e-06,8.718024759999999e-07,6.21655806e-07,5.36838552e-07,4.2399802299999996e-07,3.7306501e-07,8.3118456e-07,3.660955929999999e-07,2.91558077e-06,78.5974927,31.784289,8.19919457e-10,9.090056899999999,0.0015457801500000001,0.11635261859999999,1.8485504700000003e-05,3.3890573100000002e-06,0.00173771421,0.14813940799999997,1.8485504700000003e-05,3.3890573100000002e-06,0.0022449591400000002,0.25056508199999994,1.8485504700000003e-05,3.3890573100000002e-06,0.0022781764499999997,0.25459051499999996,1.8485504700000003e-05,3.3890573100000002e-06,2.5025812864303587
155,1662156000,4.24607883e-05,4.2460803e-05,0.3059819639,18.96939504344,0.0487997345,0.0047353160899999995,0.00969826695,0.007532828640000001,4.3336528040000004e-05,0.00045191971080000014,22.272727300000003,55.5,7.931795519999998e-06,4.479941970000001e-06,1.6879404400000001e-06,9.44266459e-07,6.99522452e-07,5.374918839999999e-07,4.4002160599999994e-07,3.79720693e-07,8.585961870000001e-07,3.2017553699999996e-07,2.9504526599999998e-06,77.6010171,31.6511503,9.851376560000001e-10,9.073553449999999,0.0015563741000000002,0.13573891570000002,0.00014329609459999998,1.6003556620000003e-05,0.00173882364,0.15864287700000002,0.00014329609459999998,1.6003556620000003e-05,0.0021392596000000003,0.344708081,0.00014329609459999998,1.6003556620000003e-05,0.00220486196,0.291261533,0.00014329609459999998,1.6003556620000003e-05,2.5025931358337403
155,1662156600,0.00024642066009999996,0.00024642072759999996,-0.23091482330000002,48.918327618,0.1399208749,0.005911067640000001,0.01104243545,0.00813675766,0.0006990638356500001,0.007179742702000001,28.6888114,104.7,9.429507601e-05,1.942107187e-05,2.17133995e-06,1.124548926e-06,7.108042880000001e-07,5.36808032e-07,4.4471007700000003e-07,3.8680556e-07,8.339456059999999e-07,3.55398588e-07,2.92964508e-06,69.70644229999999,25.118756180000002,7.779462449999999e-09,8.83758361,0.00159838364,0.1424269754,0.0020542992588000004,0.00024904415523,0.00198237861,0.4442818400000001,0.0020542992588000004,0.00024904415523,0.00307666822,3.527761655,0.0020542992588000004,0.00024904415523,0.00294351978,2.6441221500000003,0.0020542992588000004,0.00024904415523,2.50265576839447
155,1662157200,3.07791341e-05,3.0779163400000004e-05,0.005786537943999999,0.0647104101,0.023169193299999998,0.00440698298,0.009106476,0.007113507649999999,3.66708726e-06,3.1715560300000004e-05,17.7500002,47.4,4.4558958299999995e-06,2.8559156700000004e-06,1.24846182e-06,8.20495364e-07,6.26476534e-07,5.16742712e-07,4.28897494e-07,3.75309297e-07,8.15098941e-07,3.3753175800000006e-07,2.90841862e-06,80.9284329,37.2880357,6.36609986e-10,9.132453299999998,0.001516961,0.11198866460000001,1.272199498e-05,2.2772235300000004e-06,0.0016396712699999999,0.13203619649999998,1.272199498e-05,2.2772235300000004e-06,0.0018010594699999997,0.166278976,1.272199498e-05,2.2772235300000004e-06,0.0019509400499999995,0.189893039,1.272199498e-05,2.2772235300000004e-06,2.5026432037353517
155,1662157800,2.7119674800000002e-05,2.71197024e-05,0.018168819410000002,1.21067951777,0.0269350478,0.00410518122,0.0084130034,0.006567689239999999,5.10597393e-06,4.92140136e-05,12.9685316,37.5,3.07030032e-06,2.3904546199999995e-06,1.21412952e-06,8.151132199999999e-07,6.304121200000001e-07,5.23977907e-07,4.3250197600000006e-07,3.8604535700000004e-07,8.350639169999999e-07,3.3410362699999993e-07,2.92751371e-06,82.585234,41.5243855,5.258577200000001e-10,9.161335650000002,0.00151220967,0.11129303450000001,1.8793637690000002e-05,2.35667585e-06,0.0015648840500000001,0.1218091217,1.8793637690000002e-05,2.35667585e-06,0.00144502531,0.1129874465,1.8793637690000002e-05,2.35667585e-06,0.00169708904,0.14759904000000001,1.8793637690000002e-05,2.35667585e-06,2.5026201486587523
155,1662158400,2.7720107999999998e-05,2.7720126300000002e-05,0.01105098089,0.21247886733000004,0.023883929800000002,0.004187263300000001,0.0086154499,0.0067107955,3.1373038700000003e-06,2.7246312200000003e-05,14.3006994,41.2,3.4776088300000004e-06,2.4087710100000002e-06,1.21093966e-06,7.993077050000001e-07,6.075801140000001e-07,5.005554739999999e-07,4.24530586e-07,3.78491093e-07,8.08545442e-07,3.25250907e-07,2.91771535e-06,82.3909433,40.1389678,5.471384300000001e-10,9.15337115,0.00149192683,0.1076958034,1.1002790729999999e-05,1.7011708499999998e-06,0.0015699711900000004,0.1207277497,1.1002790729999999e-05,1.7011708499999998e-06,0.0015698036200000002,0.1219089106,1.1002790729999999e-05,1.7011708499999998e-06,0.00181276513,0.16294955,1.1002790729999999e-05,1.7011708499999998e-06,2.5025993824005126
155,1662159000,2.8321145700000003e-05,2.8321170200000004e-05,0.00919269277,0.01907843308,0.0220060881,0.004243934499999999,0.008746710699999998,0.006819739820000001,2.8042743e-06,2.27366516e-05,14.832167750000002,36.5,3.5857664299999996e-06,2.5296519900000002e-06,1.17783187e-06,8.144725739999999e-07,6.321338789999999e-07,5.199494809999999e-07,4.17597488e-07,3.6915504600000003e-07,8.31581722e-07,3.64782639e-07,2.91756342e-06,82.1682241,39.918635,5.627737460000001e-10,9.15086715,0.00151154481,0.1103787531,8.982535990000001e-06,1.62966229e-06,0.0015828534599999998,0.120778028,8.982535990000001e-06,1.62966229e-06,0.0016208652100000002,0.1290501375,8.982535990000001e-06,1.62966229e-06,0.0018402614599999998,0.167093541,8.982535990000001e-06,1.62966229e-06,2.502619910240173
155,1662159600,2.7963697800000003e-05,2.7963721299999997e-05,0.00980428512,0.06065505962999999,0.0226702946,0.00421595167,0.00866714425,0.00674693572,2.8018026499999997e-06,2.2552091000000003e-05,14.493006999999997,34.9,3.4702613900000004e-06,2.45452007e-06,1.19157447e-06,8.1647772e-07,6.35610899e-07,5.34828129e-07,4.2612269200000003e-07,3.8359852000000005e-07,8.30339512e-07,3.0974582099999996e-07,2.9285568999999997e-06,82.19415040000001,39.9550663,5.5123414e-10,9.15362425,0.0015265020400000002,0.1130524432,1.0658040480000003e-05,1.6943831299999998e-06,0.00157826832,0.12033559320000001,1.0658040480000003e-05,1.6943831299999998e-06,0.0015852439,0.12450183799999999,1.0658040480000003e-05,1.6943831299999998e-06,0.0018213762600000002,0.163295979,1.0658040480000003e-05,1.6943831299999998e-06,2.502606153488159
155,1662160200,2.6845689e-05,2.6845719900000003e-05,0.03223242524,0.6455968931199999,0.0271654817,0.00412598416,0.008505747,0.00663835396,2.47127667e-06,2.1445695349999997e-05,13.50524485,30.2,3.0649644999999994e-06,2.33475953e-06,1.17535576e-06,7.975413279999999e-07,6.24305123e-07,5.05107267e-07,4.27188113e-07,3.7257054800000004e-07,8.280291489999999e-07,3.81636744e-07,2.91082588e-06,82.964297,42.0299963,5.185946920000001e-10,9.164119750000001,0.0015031371,0.110248773,7.864668890000002e-06,1.38263397e-06,0.00155749276,0.11797659289999998,7.864668890000002e-06,1.38263397e-06,0.0015136199100000002,0.1110038905,7.864668890000002e-06,1.38263397e-06,0.0017363908399999999,0.146534797,7.864668890000002e-06,1.38263397e-06,2.502541995048523
155,1662160800,2.7956595300000004e-05,2.7956613399999998e-05,0.12054411001499998,1.7114533321699998,0.030005549699999995,0.00419887631,0.008676581600000002,0.00676940288,3.23891069e-06,3.08347245e-05,14.555944000000002,32.4,3.39701294e-06,2.46078682e-06,1.1865928299999998e-06,8.118393839999999e-07,6.464109750000001e-07,5.20211539e-07,4.245290129999999e-07,3.75773754e-07,8.29901755e-07,4.0970306200000007e-07,2.9155030299999996e-06,82.3340034,40.9228131,5.515028710000001e-10,9.15358255,0.0015159920200000002,0.1118536921,9.412784439999998e-06,1.5879279099999999e-06,0.0015891831799999998,0.12719848100000003,9.412784439999998e-06,1.5879279099999999e-06,0.00159639819,0.12463813500000001,9.412784439999998e-06,1.5879279099999999e-06,0.0017749896400000003,0.152876068,9.412784439999998e-06,1.5879279099999999e-06,2.5024890184402464
155,1662161400,2.95187932e-05,2.9518811800000002e-05,0.0357086837,0.7102917741000001,0.030963242199999998,0.00431742841,0.008867792849999999,0.00689440112,3.49377091e-06,2.91291559e-05,16.1993008,45.0,4.0350604799999995e-06,2.56438303e-06,1.23372351e-06,8.34545089e-07,6.22815657e-07,5.23209803e-07,4.4693995800000006e-07,3.6897285000000007e-07,8.34539653e-07,3.7651679999999997e-07,2.91863029e-06,81.53126859999999,38.614825100000004,5.97850409e-10,9.140842699999999,0.0015201756899999998,0.1134855811,1.036125374e-05,1.7895349399999999e-06,0.0016078963999999999,0.1267186248,1.036125374e-05,1.7895349399999999e-06,0.00172425992,0.14410101849999998,1.036125374e-05,1.7895349399999999e-06,0.00189300047,0.17771542599999998,1.036125374e-05,1.7895349399999999e-06,2.5026127099990845
155,1662162000,2.89179523e-05,2.89179824e-05,0.0029318982899999998,0.0694017173,0.0244288471,0.004283855290000001,0.00884063075,0.00686567383,3.01039102e-06,2.48542186e-05,15.5839161,37.2,3.77575147e-06,2.50261023e-06,1.24646823e-06,8.386528700000001e-07,6.5334352e-07,5.113669369999999e-07,4.4095095799999997e-07,3.69376488e-07,8.295903050000001e-07,3.7694009900000003e-07,2.91384253e-06,81.5500039,39.2361185,5.7894427e-10,9.1460197,0.00154691727,0.1154668931,1.203849e-05,1.8655989600000002e-06,0.00159723221,0.12338236789999998,1.203849e-05,1.8655989600000002e-06,0.0016775372099999998,0.137208367,1.203849e-05,1.8655989600000002e-06,0.0018552459299999997,0.16819161,1.203849e-05,1.8655989600000002e-06,2.502568817138672
155,1662162600,2.8449374700000003e-05,2.8449390899999996e-05,0.0007999328999999996,0.022224278450000003,0.0234847317,0.00425442132,0.0087567252,0.00682784845,2.78709282e-06,2.25854476e-05,15.1188816,35.9,3.6122382599999998e-06,2.5604162800000003e-06,1.1587316999999998e-06,7.99407949e-07,6.215863550000001e-07,5.13073221e-07,4.24519534e-07,3.7606286e-07,8.27403063e-07,4.01511236e-07,2.92958246e-06,82.3061926,40.2334517,5.67189291e-10,9.149333,0.00150414673,0.1094171084,1.007556521e-05,1.69948147e-06,0.00158100296,0.1214719654,1.007556521e-05,1.69948147e-06,0.00163760708,0.131022782,1.007556521e-05,1.69948147e-06,0.0018608521,0.167876857,1.007556521e-05,1.69948147e-06,2.502603459358215
155,1662163200,2.8157708e-05,2.8157722900000005e-05,0.007415225850000001,-0.0036605728200000006,0.022393551899999996,0.0042349482200000005,0.008733782899999999,0.0067911635500000015,2.57761352e-06,1.97508413e-05,14.7517483,34.5,3.51503676e-06,2.4786958799999995e-06,1.178927e-06,8.179438849999999e-07,6.4024369e-07,5.16287834e-07,4.3833176600000004e-07,3.7788637e-07,8.288097630000001e-07,3.40945198e-07,2.9455085199999996e-06,82.191652,40.10881930000001,5.55623246e-10,9.15304815,0.00153232741,0.11374948759999999,8.409006649999999e-06,1.5468278799999999e-06,0.00158447017,0.12138739200000001,8.409006649999999e-06,1.5468278799999999e-06,0.0016082291999999997,0.125196619,8.409006649999999e-06,1.5468278799999999e-06,0.0018242347000000003,0.162240778,8.409006649999999e-06,1.5468278799999999e-06,2.502610778808594
155,1662163800,2.8717030699999996e-05,2.87170486e-05,0.012933476360000001,0.5325985916499999,0.024911031099999998,0.00425046262,0.0087529296,0.0068150486,4.4774112599999995e-06,4.19244579e-05,15.3496506,39.7,3.83487829e-06,2.5124695599999998e-06,1.19711441e-06,7.84350486e-07,6.27991193e-07,4.97252576e-07,4.26852085e-07,3.7749523799999997e-07,8.253072109999999e-07,3.5347596500000004e-07,2.92111007e-06,81.9604995,39.2292367,5.76961435e-10,9.14444675,0.00149755651,0.1092475754,1.732654305e-05,2.50849225e-06,0.0015769629799999997,0.1197260435,1.732654305e-05,2.50849225e-06,0.0016594518,0.142405798,1.732654305e-05,2.50849225e-06,0.0018444582799999997,0.16855892700000003,1.732654305e-05,2.50849225e-06,2.502583885192871
155,1662164400,4.6941996699999996e-05,4.6942057699999996e-05,-0.7846733453800001,29.508814565199998,0.0502410731,0.0045077810200000006,0.00910572525,0.007027127500000001,3.545521650000001e-05,0.0003309441948,17.423076899999998,56.6,1.0502831649999999e-05,4.684283030000001e-06,1.4206047600000001e-06,8.088367250000001e-07,6.264981429999999e-07,5.064348109999999e-07,4.31865755e-07,3.7599236099999996e-07,8.24856682e-07,3.34950911e-07,2.95357221e-06,78.33148809999999,33.579286200000006,1.144857593e-09,9.071957549999999,0.00150543279,0.1122389904,0.00024005833156000002,2.3872520229999996e-05,0.00163468661,0.14827458999999998,0.00024005833156000002,2.3872520229999996e-05,0.00189315779,0.371064038,0.00024005833156000002,2.3872520229999996e-05,0.0020232818200000002,0.340315029,0.00024005833156000002,2.3872520229999996e-05,2.502580428123474
155,1662165000,3.52073712e-05,3.5207394799999994e-05,0.36812472639999994,8.9989090652,0.0424933508,0.0044573960400000005,0.0091438292,0.00709454707,2.3085829939999998e-05,0.0002423036525,18.0472028,56.2,6.0107570799999994e-06,3.1062598100000003e-06,1.28172283e-06,8.39857863e-07,6.80556173e-07,5.97058162e-07,4.76575087e-07,4.07836228e-07,8.968477319999999e-07,3.4785214900000005e-07,2.95763267e-06,79.6511571,35.665156,7.639979219999999e-10,9.1123561,0.00155407806,0.12090993659999998,7.667921625e-05,8.81004462e-06,0.00163812747,0.13278716059999998,7.667921625e-05,8.81004462e-06,0.0018016407500000002,0.21195830999999998,7.667921625e-05,8.81004462e-06,0.00197427682,0.24807749399999998,7.667921625e-05,8.81004462e-06,2.5026130199432375
155,1662165600,0.00021407826100000002,0.00021407827809999998,0.09190797910000002,37.1946224274,0.1160141664,0.00509703567,0.009559506249999999,0.007151458979999999,0.00056292557526,0.0053795821963,19.5227273,84.3,7.997549522e-05,1.7072396770000002e-05,2.2300083700000003e-06,1.20740411e-06,7.83931578e-07,6.11137922e-07,4.928705440000001e-07,4.2810361699999997e-07,9.043239000000002e-07,2.9405964599999996e-07,3.0392715999999997e-06,74.9267363,31.770461669999996,6.727678739e-09,8.978011500000003,0.0015866480299999998,0.16661353360000003,0.0024188667525400004,0.00028174371373,0.00174633574,0.34539856890000004,0.0024188667525400004,0.00028174371373,0.0024260978800000003,3.7379995389999996,0.0024188667525400004,0.00028174371373,0.00228751614,1.5760285159999998,0.0024188667525400004,0.00028174371373,2.502597975730896
155,1662166200,2.95124161e-05,2.95124291e-05,0.05690895504,1.0634408336,0.029292262599999997,0.00429147104,0.00885175055,0.00686109207,5.5154595799999995e-06,5.5678937799999994e-05,15.7902097,51.0,4.10277255e-06,2.66467307e-06,1.20563559e-06,8.152217000000001e-07,6.314199089999999e-07,4.98143464e-07,4.32371036e-07,3.83305e-07,8.156667939999999e-07,2.94710035e-07,2.9120839199999997e-06,81.34489699999999,37.7571777,5.989170960000001e-10,9.14250255,0.0015143311299999998,0.1114534084,1.8790807e-05,2.47818962e-06,0.0015997893,0.12598657750000003,1.8790807e-05,2.47818962e-06,0.0017028051299999999,0.14915115660000003,1.8790807e-05,2.47818962e-06,0.00188117472,0.179882787,1.8790807e-05,2.47818962e-06,2.502678894996643
155,1662166800,3.0421460700000005e-05,3.04214753e-05,-0.0012823689000000004,0.0824655161,0.025339226400000005,0.004386378800000001,0.0090401785,0.007025297650000001,3.61191987e-06,2.74740583e-05,17.784965,44.5,4.36504615e-06,2.76175344e-06,1.2480918100000001e-06,8.49587697e-07,6.37804604e-07,5.183381240000001e-07,4.37267397e-07,3.76123164e-07,8.25517791e-07,2.73650509e-07,2.9174722899999997e-06,80.84371259999999,36.5919758,6.24176746e-10,9.1341589,0.00153263361,0.114106695,1.342835845e-05,2.1959549199999998e-06,0.00163524034,0.130652094,1.342835845e-05,2.1959549199999998e-06,0.00183662611,0.166149574,1.342835845e-05,2.1959549199999998e-06,0.00192113883,0.18135808300000003,1.342835845e-05,2.1959549199999998e-06,2.5025442838668823
155,1662167400,2.9162688900000003e-05,2.9162698e-05,0.12307270052000001,1.5355936129150003,0.0281006855,0.00427643575,0.008804063600000002,0.006855383349999999,4.62940494e-06,4.20478194e-05,15.417832299999997,40.5,3.92753856e-06,2.6329686600000003e-06,1.24984474e-06,8.13408896e-07,6.299903139999999e-07,5.054395210000001e-07,4.37369964e-07,3.74288332e-07,8.08689326e-07,2.77290057e-07,2.9243883e-06,81.405174,38.0198368,5.87534502e-10,9.142532050000002,0.00151519029,0.1118717826,1.2326761730000003e-05,1.9148226099999995e-06,0.00159356662,0.127652477,1.2326761730000003e-05,1.9148226099999995e-06,0.0016721922900000002,0.138825017,1.2326761730000003e-05,1.9148226099999995e-06,0.00188396088,0.17948552700000003,1.2326761730000003e-05,1.9148226099999995e-06,2.5025805234909058
155,1662168000,2.70745524e-05,2.70745987e-05,-0.004869321699999999,0.02171138207,0.0220949656,0.00414697521,0.0085364047,0.006654507129999999,2.57767909e-06,2.16799929e-05,13.56993,35.2,3.2329123699999998e-06,2.3222598899999998e-06,1.18072473e-06,8.00796613e-07,6.09825471e-07,5.226698480000001e-07,4.48634179e-07,3.71343822e-07,8.2588544e-07,3.2625665999999997e-07,2.89594284e-06,82.39514940000001,40.854430300000004,5.26799441e-10,9.1594627,0.0015097142799999999,0.1108307207,8.436377069999999e-06,1.5319219e-06,0.00155877702,0.11789705759999998,8.436377069999999e-06,1.5319219e-06,0.00154211038,0.1179713086,8.436377069999999e-06,1.5319219e-06,0.0017471423899999999,0.14924523399999998,8.436377069999999e-06,1.5319219e-06,2.5025980710983275
155,1662168600,2.85051065e-05,2.8505120100000006e-05,-0.24366338245000002,7.0783981789,0.028562652499999997,0.00414574289,0.00848811075,0.00662638495,7.01184527e-06,6.21980721e-05,13.295454799999998,43.7,3.77836543e-06,2.41120526e-06,1.20606799e-06,8.414148019999999e-07,6.36129313e-07,5.156173120000001e-07,4.247684109999999e-07,3.7521649400000003e-07,8.282516e-07,3.3948237300000005e-07,2.8959951799999998e-06,82.0817262,40.0527227,5.71472857e-10,9.149068,0.0015291020800000002,0.11472686759999999,7.887225828000001e-05,7.89613871e-06,0.00157407894,0.1231713731,7.887225828000001e-05,7.89613871e-06,0.00151321562,0.1503403823,7.887225828000001e-05,7.89613871e-06,0.0017340255400000002,0.14907025199999996,7.887225828000001e-05,7.89613871e-06,2.5026360511779786
155,1662169200,3.08062178e-05,3.08062501e-05,0.10002687408,9.071333553760002,0.033755524099999996,0.0042540269,0.008752208300000001,0.006794481999999999,1.4812352500000002e-05,0.0001527405082,15.07167795,37.3,4.60982537e-06,2.77646322e-06,1.2294432699999999e-06,8.33711256e-07,6.243425440000001e-07,5.110415050000001e-07,4.33925486e-07,3.6669738399999995e-07,8.22333704e-07,2.93860965e-07,2.90130032e-06,81.022892,37.658672100000004,6.397508350000001e-10,9.134579050000001,0.00153205005,0.11440735360000001,6.256375210999999e-05,7.706213059999999e-06,0.0015964561999999999,0.1253641075,6.256375210999999e-05,7.706213059999999e-06,0.0016388784800000001,0.19227319800000003,6.256375210999999e-05,7.706213059999999e-06,0.0018479793800000002,0.173837725,6.256375210999999e-05,7.706213059999999e-06,2.5025864601135255
155,1662169800,2.7926842799999996e-05,2.7926864399999996e-05,0.0027398353500000016,0.061308865979999995,0.0258717028,0.00421050863,0.008630533400000001,0.006732426590000002,2.83753714e-06,2.25731987e-05,14.660839000000001,34.6,3.5133672899999994e-06,2.4707607299999998e-06,1.16967294e-06,8.026619370000001e-07,6.43735679e-07,5.12504928e-07,4.2443934699999997e-07,3.6984970800000005e-07,8.09765934e-07,3.37675136e-07,2.9088846e-06,82.24608939999999,39.90902139999999,5.52871666e-10,9.152178800000002,0.00151099257,0.11087523699999999,1.0164119939999999e-05,1.74588142e-06,0.00158748059,0.12239253710000002,1.0164119939999999e-05,1.74588142e-06,0.0016067750999999998,0.129267516,1.0164119939999999e-05,1.74588142e-06,0.0017957551999999999,0.157272574,1.0164119939999999e-05,1.74588142e-06,2.502595090866089
155,1662170400,2.7320848200000002e-05,2.73208631e-05,-0.0015176714799999998,0.0266172356,0.021182131400000002,0.00416438557,0.008599206600000001,0.00668434148,2.56426192e-06,2.1269098900000002e-05,13.968531500000001,33.4,3.22120862e-06,2.3543248200000003e-06,1.2057060399999998e-06,7.96111027e-07,6.20065215e-07,5.073004529999999e-07,4.25569656e-07,3.86798778e-07,8.27048795e-07,3.9792346e-07,2.91829835e-06,82.66127000000002,41.52213150000001,5.33096451e-10,9.159880300000001,0.0015060017599999999,0.109959683,9.64274295e-06,1.55460935e-06,0.00156783593,0.1193630424,9.64274295e-06,1.55460935e-06,0.00153528146,0.11551754319999999,9.64274295e-06,1.55460935e-06,0.0017593921699999998,0.15204388900000002,9.64274295e-06,1.55460935e-06,2.5025843143463136
155,1662171000,2.6317964799999995e-05,2.63179723e-05,-0.006658823229999999,0.0731892828,0.023506853099999996,0.00408314406,0.00843300415,0.0065519164300000005,2.32094109e-06,1.94752279e-05,12.935314700000001,33.9,2.87463575e-06,2.30483042e-06,1.1550595400000002e-06,8.19721147e-07,6.04258385e-07,5.119639139999999e-07,4.27244783e-07,3.72767968e-07,8.306199690000001e-07,3.49063434e-07,2.9088045499999998e-06,82.98863800000001,42.2831705,5.0438541e-10,9.1663924,0.0014994923600000001,0.1099767006,7.442751270000001e-06,1.2880183200000002e-06,0.00155470713,0.1177315385,7.442751270000001e-06,1.2880183200000002e-06,0.00143416784,0.1003863348,7.442751270000001e-06,1.2880183200000002e-06,0.00171465251,0.14513944299999998,7.442751270000001e-06,1.2880183200000002e-06,2.5026170015335083
155,1662171600,2.61838034e-05,2.61838085e-05,0.01529389773,0.10595474307,0.023739359800000002,0.00407551267,0.00842680445,0.0065563292300000004,2.43476279e-06,2.0737769000000002e-05,12.6783215,33.0,2.8300514199999998e-06,2.31158299e-06,1.1557148200000002e-06,7.928534450000001e-07,6.457241350000001e-07,5.16668891e-07,4.37147248e-07,3.74585063e-07,8.098810860000001e-07,3.26972697e-07,2.89055581e-06,82.8773558,42.012343,5.013477739999999e-10,9.1649704,0.0015267143,0.11299646909999998,9.445508729999999e-06,1.37102699e-06,0.0015380263100000001,0.1157952388,9.445508729999999e-06,1.37102699e-06,0.0014302139299999998,0.10101094699999999,9.445508729999999e-06,1.37102699e-06,0.00171487954,0.14303034899999997,9.445508729999999e-06,1.37102699e-06,2.5026227235794067
155,1662172200,3.61412806e-05,3.6141289099999994e-05,-0.023235730099999997,6.67319429138,0.0341528035,0.00420765987,0.008504965100000001,0.00658641074,3.3526618509999996e-05,0.00034808494559999996,13.7097902,48.4,7.3744573299999995e-06,2.6762651699999998e-06,1.20450039e-06,8.3346726e-07,6.343563379999998e-07,5.03416604e-07,4.17562087e-07,3.6427082000000003e-07,8.272708039999999e-07,3.27822876e-07,2.90705095e-06,81.1766375,39.545522399999996,8.215043559999999e-10,9.1260415,0.0015030731299999996,0.11028336069999997,0.00020025965073,2.0102956889e-05,0.0015780394199999999,0.1242313982,0.00020025965073,2.0102956889e-05,0.00152472256,0.29873379099999997,0.00020025965073,2.0102956889e-05,0.0017837955399999997,0.22151951100000003,0.00020025965073,2.0102956889e-05,2.502652907371521
155,1662172800,2.8183243100000004e-05,2.81832501e-05,0.07879362646,7.229285174253,0.0305145332,0.00410747837,0.00841535,0.00654938978,9.34065319e-06,9.48620789e-05,12.7115384,40.4,3.45061852e-06,2.55189054e-06,1.2580734100000002e-06,7.98098585e-07,6.433244900000002e-07,5.03258499e-07,4.30828466e-07,3.6584268599999995e-07,8.17137265e-07,3.6297884099999996e-07,2.90953429e-06,82.24622600000001,40.9323699,5.602768170000001e-10,9.152490700000001,0.00151017743,0.11172518889999998,4.623891122e-05,4.9124736600000006e-06,0.0015640696500000002,0.1252836859,4.623891122e-05,4.9124736600000006e-06,0.0014602986199999998,0.12780595710000003,4.623891122e-05,4.9124736600000006e-06,0.00171455581,0.161227808,4.623891122e-05,4.9124736600000006e-06,2.5026060581207275
155,1662173400,5.8514532099999996e-05,5.85145529e-05,0.6447615519600001,42.164281765800006,0.08092633590000001,0.00431535927,0.008601898350000001,0.006672885200000001,0.00010107366815000002,0.0010523653965999998,14.452797299999997,71.1,1.178278621e-05,7.36757767e-06,2.53357882e-06,1.278054315e-06,8.069963230000001e-07,5.782764260000001e-07,4.397170829999999e-07,3.873441870000001e-07,8.4281896e-07,3.3300902600000006e-07,2.9070815099999997e-06,77.71287550000001,35.4037107,1.4920392219999999e-09,9.067195700000001,0.00152893889,0.16326088700000002,0.0005601145068399999,5.3329567549999995e-05,0.00162933339,0.4004559260000001,0.0005601145068399999,5.3329567549999995e-05,0.00163211791,0.46449998800000014,0.0005601145068399999,5.3329567549999995e-05,0.00186067965,0.347715537,0.0005601145068399999,5.3329567549999995e-05,2.5026334285736085
155,1662174000,4.3385860000000005e-05,4.33858725e-05,0.6185082639500001,19.215089204399998,0.05792862049999999,0.004254629019999999,0.00851893275,0.006611189050000001,6.410892159e-05,0.0006687167045000001,13.9580421,58.8,1.0458573950000002e-05,3.17340547e-06,1.2319811800000004e-06,8.466329119999999e-07,6.3899712e-07,5.08612383e-07,4.30159434e-07,3.8643285700000004e-07,8.062822319999999e-07,3.11922305e-07,2.89984838e-06,80.0162196,37.7023744,1.0536895949999999e-09,9.098961399999999,0.0015221824799999998,0.1133462154,0.00016834015624,1.7132792119999996e-05,0.0015900295799999998,0.15294885399999997,0.00016834015624,1.7132792119999996e-05,0.00156119482,0.25839959579999994,0.00016834015624,1.7132792119999996e-05,0.00185923632,0.4389637044,0.00016834015624,1.7132792119999996e-05,2.502633810043335
155,1662174600,2.6467456e-05,2.6467476800000004e-05,-0.005541826849803,0.030825528329999997,0.0212843912,0.00410113149,0.008454283100000001,0.0065698354399999995,2.42484354e-06,2.0544908300000004e-05,12.924825000000002,31.1,2.9187124400000003e-06,2.33812459e-06,1.15747707e-06,8.23371306e-07,6.097785909999999e-07,5.18338515e-07,4.257906540000001e-07,3.68841793e-07,8.175085150000001e-07,3.38788764e-07,2.9168962100000004e-06,82.81239389999999,41.84826270000001,5.10543571e-10,9.1610969,0.0015060783100000002,0.10962469999999999,8.43972746e-06,1.3699031099999999e-06,0.00156976875,0.11895501989999999,8.43972746e-06,1.3699031099999999e-06,0.00145835394,0.10421093740000001,8.43972746e-06,1.3699031099999999e-06,0.0017240084500000003,0.145293165,8.43972746e-06,1.3699031099999999e-06,2.502611446380615
155,1662175200,2.67217646e-05,2.67217756e-05,0.0004657049999999984,0.30763104500000005,0.0232781057,0.00409934918,0.0084368437,0.006546015299999999,3.56153999e-06,3.0418701600000003e-05,13.0839159,42.7,2.7518759900000002e-06,2.21898253e-06,1.18698442e-06,8.07661204e-07,6.621504719999999e-07,6.343279790000001e-07,4.90196832e-07,4.16493822e-07,9.52754421e-07,3.1345539399999997e-07,2.9258979999999993e-06,82.6921257,42.3793323,5.08983398e-10,9.16396275,0.0015425026699999998,0.118785575,7.822415870000001e-06,1.2753025200000001e-06,0.00155719545,0.1177557446,7.822415870000001e-06,1.2753025200000001e-06,0.00139162791,0.09472226550000001,7.822415870000001e-06,1.2753025200000001e-06,0.00168426469,0.139389489,7.822415870000001e-06,1.2753025200000001e-06,2.5026248693466187
155,1662175800,2.64811761e-05,2.64811927e-05,-0.020705407119999998,0.36395504879999996,0.024375161700000002,0.00408182231,0.00839619375,0.006522806519999999,3.65962205e-06,3.44238464e-05,12.662587199999999,48.2,2.9823323e-06,2.28427593e-06,1.15477224e-06,8.192487600000001e-07,6.32219389e-07,4.96951547e-07,4.37000313e-07,3.6298231299999996e-07,8.28681054e-07,3.3548062500000003e-07,2.9065322299999994e-06,82.8998144,41.8836366,5.10124284e-10,9.163388799999998,0.00151172585,0.1112812469,1.845834686e-05,2.21194626e-06,0.00154042278,0.1155252565,1.845834686e-05,2.21194626e-06,0.00145274011,0.1116947836,1.845834686e-05,2.21194626e-06,0.0016647130399999998,0.140031301,1.845834686e-05,2.21194626e-06,2.50263991355896
155,1662176400,5.318646819999999e-05,5.3186486099999996e-05,0.43668729783,33.80084478703,0.0671865126,0.00419608172,0.0084461732,0.00656810818,8.707904600999999e-05,0.0009062573125000001,13.080419549999998,52.4,1.059112035e-05,6.795901379999999e-06,2.00988784e-06,1.053690405e-06,7.00265667e-07,5.24655768e-07,4.51635124e-07,3.6596100300000007e-07,8.399597300000001e-07,3.4525871999999997e-07,2.9148316e-06,79.5222596,38.944495,1.341318364e-09,9.09332815,0.00153535571,0.1308817398,0.00055505685521,5.2918157469999995e-05,0.0015969838100000002,0.22850829099999997,0.00055505685521,5.2918157469999995e-05,0.001532231,0.4711185606,0.00055505685521,5.2918157469999995e-05,0.0017424276799999998,0.410651933,0.00055505685521,5.2918157469999995e-05,2.5025964260101317
155,1662177000,2.69182374e-05,2.69182487e-05,0.10388283895000001,1.8105691575999998,0.041641419400000004,0.004074202179999999,0.00839291855,0.00650920308,4.19400069e-06,3.9827704799999995e-05,12.517482300000001,44.3,2.81838615e-06,2.36871176e-06,1.2219375699999998e-06,8.516662589999998e-07,6.62574049e-07,5.397925470000001e-07,4.5289292300000004e-07,4.0023537800000006e-07,8.56415944e-07,3.1823319499999995e-07,2.9680759299999997e-06,82.7465524,42.0558598,5.148963080000001e-10,9.16400295,0.00151742594,0.11613625089999999,1.3261704600000003e-05,1.7317937439999998e-06,0.0015688495199999999,0.1231262584,1.3261704600000003e-05,1.7317937439999998e-06,0.0014200775099999998,0.1020625576,1.3261704600000003e-05,1.7317937439999998e-06,0.00167584837,0.1422835915,1.3261704600000003e-05,1.7317937439999998e-06,2.5026018619537354
155,1662177600,0.00010783524880000001,0.0001078352899,-0.44964445215,35.093720564099996,0.08321117780000001,0.00428648834,0.0084231735,0.00652980725,0.00020311080593,0.0017145214700000002,13.234265699999998,50.1,3.197278359e-05,1.1829106e-05,2.5477631899999997e-06,1.280593942e-06,7.99937281e-07,5.825314279999999e-07,4.76037831e-07,3.78383063e-07,8.3693016e-07,2.7870945e-07,2.93425791e-06,78.4488258,38.2786694,3.130250141000001e-09,9.0620443,0.00152759613,0.1899265539,0.00097343750596,9.625130035e-05,0.00157394272,0.1452756391,0.00097343750596,9.625130035e-05,0.0015713951900000003,0.9468939774999999,0.00097343750596,9.625130035e-05,0.0018839192199999997,1.518507935,0.00097343750596,9.625130035e-05,2.5026274919509888
155,1662178200,2.63110648e-05,2.6311096700000003e-05,0.040831319600000006,0.99346265001,0.029182160899999997,0.0040619807,0.008324912949999999,0.00651088563,3.7645890500000002e-06,3.61377391e-05,12.1293708,33.6,2.89645663e-06,2.3162295999999997e-06,1.1389097499999998e-06,8.371438149999999e-07,6.31995134e-07,5.1376601e-07,4.29101575e-07,3.6274631599999997e-07,8.00857424e-07,2.9057356799999996e-07,2.9376046000000002e-06,83.045339,41.9851561,5.02430758e-10,9.167977,0.0015217752899999999,0.11275662239999999,1.2263015710000001e-05,1.783442614e-06,0.00155689959,0.11746628029999999,1.2263015710000001e-05,1.783442614e-06,0.00138905551,0.100501044,1.2263015710000001e-05,1.783442614e-06,0.0017032405000000001,0.1461269021,1.2263015710000001e-05,1.783442614e-06,2.5026175737380982
155,1662178800,2.6214020999999997e-05,2.62140393e-05,0.23129263917,5.101982733600001,0.0366155518,0.004053549,0.008325120799999999,0.00648763041,3.96053868e-06,3.77098736e-05,12.3618879,29.8,2.64375627e-06,2.33703217e-06,1.1990900799999999e-06,8.475452850000001e-07,6.47346908e-07,5.323287780000002e-07,4.3979468400000005e-07,3.8344083300000005e-07,8.387775510000001e-07,2.80422963e-07,2.9570349499999997e-06,82.9284482,42.3569214,4.970040340000001e-10,9.168190200000002,0.0015232516200000001,0.11450111299999999,6.7114546599999995e-06,1.1629276599999999e-06,0.0015507759899999998,0.1196150743,6.7114546599999995e-06,1.1629276599999999e-06,0.00136891985,0.091535227,6.7114546599999995e-06,1.1629276599999999e-06,0.00170563264,0.14461292660000002,6.7114546599999995e-06,1.1629276599999999e-06,2.502550172805786
155,1662179400,2.55787134e-05,2.5578727599999996e-05,0.00587069009,0.0166529303,0.021003437899999998,0.00403425221,0.008312322799999999,0.006495530669999999,2.2712032900000002e-06,1.95161971e-05,12.0734267,30.1,2.66165291e-06,2.20015476e-06,1.15206697e-06,8.10184518e-07,6.01775887e-07,5.16978029e-07,4.15874919e-07,3.7569762600000003e-07,8.14826976e-07,2.95708555e-07,2.94372044e-06,83.55308769999999,43.117196899999996,4.826372540000001e-10,9.17224515,0.0015139607200000001,0.1110861084,7.262977550000001e-06,1.20845922e-06,0.00152232502,0.1121625715,7.262977550000001e-06,1.20845922e-06,0.0014005749499999998,0.09499559560000001,7.262977550000001e-06,1.20845922e-06,0.0016708976899999998,0.135214639,7.262977550000001e-06,1.20845922e-06,2.5025997161865234
155,1662180000,2.6184825700000003e-05,2.61848548e-05,0.027756020399999998,0.14433425403,0.027034782400000002,0.00407366545,0.0084124076,0.006554957320000001,2.5216302399999997e-06,2.1472909200000004e-05,12.5926574,34.2,2.7402092e-06,2.2928735400000003e-06,1.1538929899999999e-06,8.156591970000001e-07,6.406489169999999e-07,5.313530800000001e-07,4.39968922e-07,4.00756668e-07,8.39720522e-07,3.07480243e-07,2.9288486300000002e-06,83.0063084,42.548024000000005,4.98091361e-10,9.1682882,0.00151329167,0.11290674650000002,6.691695680000001e-06,1.2315565939999999e-06,0.0015633754700000002,0.11766784659999999,6.691695680000001e-06,1.2315565939999999e-06,0.00140983033,0.0975016173,6.691695680000001e-06,1.2315565939999999e-06,0.0016870880299999999,0.13919863000000002,6.691695680000001e-06,1.2315565939999999e-06,2.5026246309280396
155,1662180600,7.460327810000001e-05,7.460329190000001e-05,0.6267348163920001,24.990470321940002,0.07607364270000001,0.00429745227,0.008462766850000001,0.00656166767,0.00018944250875,0.0019962247711000003,13.152097800000002,46.1,2.0914905939999996e-05,7.86040876e-06,1.70783341e-06,8.23980475e-07,6.305095239999999e-07,5.06950162e-07,4.3157262799999994e-07,3.856083679999999e-07,8.221241849999999e-07,2.8608767300000007e-07,2.93073786e-06,79.4384982,38.920581999999996,2.0712000479999998e-09,9.07316785,0.0015087309599999999,0.1221935086,0.0006475763409,6.661196820000001e-05,0.00161821737,0.2384723985,0.0006475763409,6.661196820000001e-05,0.00164214143,0.7812414930000001,0.0006475763409,6.661196820000001e-05,0.0018140890999999999,0.713139561,0.0006475763409,6.661196820000001e-05,2.502617526054382
155,1662181200,7.92726762e-05,7.927269440000001e-05,0.9597105687299999,31.84866288877,0.09780882369999999,0.004301125100000001,0.0084406471,0.00655312094,0.00022116516851,0.0023427198516999996,13.470279600000001,66.1,2.6174765379999996e-05,5.06541108e-06,1.4884435799999997e-06,8.45133651e-07,6.41600616e-07,5.487259950000001e-07,4.33414126e-07,3.85044776e-07,8.374302520000001e-07,2.82060212e-07,2.93412071e-06,79.000167,37.46264644,2.239892551e-09,9.06448205,0.00151213996,0.1122958428,0.0010167361570900002,0.00011979679824,0.0015726049200000002,0.1400165494,0.0010167361570900002,0.00011979679824,0.0016720028300000003,1.2630579469999998,0.0010167361570900002,0.00011979679824,0.0017872537100000001,0.471310888,0.0010167361570900002,0.00011979679824,2.5026155948638915
155,1662181800,2.53187786e-05,2.5318796399999998e-05,0.01953397429,0.08305781050000001,0.0247430044,0.0040122846999999994,0.0082672308,0.00644714136,2.3627568100000003e-06,2.19594378e-05,11.67832175,31.5,2.5425028800000005e-06,2.21585599e-06,1.15786901e-06,7.999570900000002e-07,6.32055843e-07,5.00899438e-07,4.32432692e-07,3.6505675400000005e-07,8.163355590000001e-07,2.78254682e-07,2.9178944199999997e-06,83.4691025,42.943327599999996,4.76264885e-10,9.1730621,0.0015041592700000001,0.11038502330000002,7.1292804599999995e-06,1.1893932240000002e-06,0.0015448010100000001,0.1159397939,7.1292804599999995e-06,1.1893932240000002e-06,0.0013541239600000001,0.0895764411,7.1292804599999995e-06,1.1893932240000002e-06,0.0016608305,0.13393586200000002,7.1292804599999995e-06,1.1893932240000002e-06,2.502616596221924
155,1662182400,0.0001169948239,0.00011699483579999997,0.6305493292,61.857823377299994,0.1373546987,0.00444798262,0.0085166282,0.006569677750000001,0.00039560776300000006,0.0042136627108,13.72027975,80.2,3.4199589469999995e-05,1.369393951e-05,3.1805226800000004e-06,1.2289765579999999e-06,7.809619159999999e-07,5.56237278e-07,4.65301624e-07,3.86170269e-07,8.304213119999999e-07,2.71998691e-07,2.90322148e-06,74.5439326,32.5055035,3.4108603669999997e-09,8.9851537,0.0015490265700000001,0.17618140000000002,0.0013077077639,0.00015366497955999998,0.0016624872699999998,0.5508925049,0.0013077077639,0.00015366497955999998,0.0017563734300000001,1.7548920012,0.0013077077639,0.00015366497955999998,0.00188733923,0.584688438,0.0013077077639,0.00015366497955999998,2.502621650695801
155,1662183000,3.19553379e-05,3.195536e-05,0.27845697340000003,15.897142767699998,0.0431039144,0.0041212264200000005,0.0083748512,0.00650965867,2.230081998e-05,0.00022782458569999995,12.5611888,51.6,5.0293343e-06,2.8719554999999997e-06,1.1821948700000001e-06,8.594725399999999e-07,6.272716369999999e-07,5.163796350000001e-07,4.57718988e-07,3.8578076800000004e-07,8.484533470000001e-07,2.8441174999999993e-07,2.91469031e-06,81.142975,38.7025645,6.75534531e-10,9.13547625,0.0015182900900000003,0.11531571639999998,0.00014882253363999998,1.4850953980000002e-05,0.00154541449,0.12922970940000003,0.00014882253363999998,1.4850953980000002e-05,0.0014576496599999998,0.21550929280000003,0.00014882253363999998,1.4850953980000002e-05,0.00172610469,0.17534407999999999,0.00014882253363999998,1.4850953980000002e-05,2.502624249458313
155,1662183600,2.6235387300000002e-05,2.6235399400000003e-05,0.018957565869999998,0.13263449060000002,0.023846810099999997,0.0040779219500000005,0.0084208589,0.00652731449,2.82964997e-06,2.57555173e-05,12.2465035,37.6,2.82677583e-06,2.2118715300000002e-06,1.1772691799999997e-06,8.32725699e-07,6.643156939999999e-07,5.5782472e-07,4.42274649e-07,3.82737756e-07,8.39969027e-07,2.7663245700000003e-07,2.90528128e-06,82.7524035,41.7874342,5.00098972e-10,9.165408350000002,0.00153132095,0.1158933416,7.62832561e-06,1.29824699e-06,0.00155877668,0.1176544534,7.62832561e-06,1.29824699e-06,0.00143050339,0.10033620299999998,7.62832561e-06,1.29824699e-06,0.00168306085,0.1380996015,7.62832561e-06,1.29824699e-06,2.502611184120178
155,1662184200,0.0001165896941,0.00011658970769999998,0.26120244964999995,51.6701226613,0.1172156459,0.00447043046,0.0085921598,0.006666014269999999,0.00038841097632000005,0.00405174908805,14.0087413,79.8,3.540906626e-05,1.3841533439999999e-05,2.1272787799999996e-06,8.58401652e-07,6.71264679e-07,5.44954671e-07,4.53261538e-07,3.66962398e-07,8.31217931e-07,2.8846268800000004e-07,2.90242353e-06,75.853711,34.3135075,3.437220064e-09,8.9873266,0.00154128247,0.13277554609999997,0.0009550346551200001,9.762388024e-05,0.00159435845,0.17412418400000002,0.0009550346551200001,9.762388024e-05,0.0017844563599999999,0.8926728264999999,0.0009550346551200001,9.762388024e-05,0.0019944687300000002,1.8572311669999997,0.0009550346551200001,9.762388024e-05,2.5026039123535155
155,1662184800,3.6808679e-05,3.6808695e-05,-0.1667015609,15.253726721700001,0.0392204758,0.004205724629999999,0.0085208822,0.006610342930000001,3.0008814030000004e-05,0.0002843869469,13.6783215,51.4,5.944053429999999e-06,3.9397348599999996e-06,1.45318645e-06,9.30116138e-07,6.736707500000001e-07,5.99771871e-07,4.75595995e-07,3.80808606e-07,8.545322020000001e-07,2.53621786e-07,2.89918068e-06,80.1157929,38.1863593,8.26160304e-10,9.1178577,0.0015422629,0.11937368699999999,5.5414794330000005e-05,7.35243747e-06,0.0015882581099999997,0.1862829736,5.5414794330000005e-05,7.35243747e-06,0.00154901421,0.1873051416,5.5414794330000005e-05,7.35243747e-06,0.00180267294,0.280486258,5.5414794330000005e-05,7.35243747e-06,2.5025875329971314
155,1662185400,2.7314375e-05,2.7314400100000002e-05,0.188267834156,2.8533385952,0.04075784880000001,0.0041075168100000005,0.008475331899999999,0.006582994219999999,4.0703619e-06,3.7386002499999994e-05,12.9807694,36.4,2.94591104e-06,2.43996713e-06,1.28176297e-06,8.56357158e-07,6.716632500000001e-07,5.40611458e-07,4.49514603e-07,3.85511194e-07,8.57275075e-07,2.4999879399999995e-07,2.97854105e-06,82.2166299,40.880243300000004,5.252345129999999e-10,9.161437000000001,0.00153689306,0.11785734849999999,8.037236050000003e-06,1.3614898200000001e-06,0.00159646084,0.12632307539999998,8.037236050000003e-06,1.3614898200000001e-06,0.00145648888,0.10448406700000001,8.037236050000003e-06,1.3614898200000001e-06,0.0017005869399999997,0.150261358,8.037236050000003e-06,1.3614898200000001e-06,2.5026737689971923
155,1662186000,3.0536706499999996e-05,3.05367181e-05,0.016247004500000002,0.8557866578000001,0.028565802399999996,0.00430884112,0.008862648499999999,0.00686987808,6.831091720000001e-06,6.533446260000001e-05,15.7482517,47.9,4.362548100000001e-06,2.53334576e-06,1.20217992e-06,8.553806460000001e-07,6.82794071e-07,7.30878393e-07,4.86916077e-07,3.913153699999999e-07,8.588483360000001e-07,2.3269848700000003e-07,2.9313453499999998e-06,80.90599300000001,37.6031174,6.24847302e-10,9.13729595,0.00155017793,0.1265549769,4.975651604e-05,5.48644203e-06,0.00158767103,0.1221786534,4.975651604e-05,5.48644203e-06,0.0016897403500000002,0.1722051725,4.975651604e-05,5.48644203e-06,0.0018420423200000001,0.169587864,4.975651604e-05,5.48644203e-06,2.5025739669799805
155,1662186600,4.31834733e-05,4.31834833e-05,6.1519654708000004,290.39804841365,0.1766835803,0.00437027206,0.008845187000000001,0.00684422399,6.522302908e-05,0.0006933541006000001,16.115384499999998,52.7,5.13922262e-06,3.97759942e-06,2.1447246899999995e-06,1.620167062e-06,1.342303095e-06,1.0358381189999998e-06,7.805238519999999e-07,6.20713818e-07,1.273742904e-06,2.37212261e-07,3.4196616500000005e-06,77.47229800000001,35.25138079999999,9.116649969999999e-10,9.10708575,0.0015748525700000002,0.17995336420000002,3.32887418e-05,4.136092219999999e-06,0.0016781232400000002,0.26706287399999995,3.32887418e-05,4.136092219999999e-06,0.00172280088,0.169110679,3.32887418e-05,4.136092219999999e-06,0.0019041777700000001,0.223538368,3.32887418e-05,4.136092219999999e-06,2.5026278734207152
155,1662187200,2.8055369444444443e-05,2.805537577777778e-05,0.10166612010000001,0.8528322319999999,0.04071316922222222,0.004201317355555556,0.008706470000000001,0.0067340505333333325,3.1000701555555554e-06,2.4924479444444443e-05,14.739704444444445,32.44444444444444,3.574187388888889e-06,2.5003937666666665e-06,1.180570188888889e-06,8.144983066666668e-07,6.304837177777777e-07,5.239437588888889e-07,4.3183857444444443e-07,3.8317426111111114e-07,8.270876688888888e-07,2.2372231555555554e-07,2.9376993111111112e-06,81.93003833333334,38.92726411111111,5.538063122222222e-10,9.152619111111111,0.001508647922222222,0.11132524000000002,7.873813466666668e-06,1.4805992444444444e-06,0.0015922708888888887,0.1240529828888889,7.873813466666668e-06,1.4805992444444444e-06,0.0016294755666666667,0.1283060477777778,7.873813466666668e-06,1.4805992444444444e-06,0.0018200529444444443,0.1626240488888889,7.873813466666668e-06,1.4805992444444444e-06,2.5026248825920954
155,1662187800,0.0001026449335,0.0001026449405,-0.12716345599999998,32.558445114899996,0.091793032,0.00442115745,0.008679728,0.00675223299,0.00036139980418999995,0.0038542355733,15.120629350000002,58.7,3.0453255200000002e-05,1.153503665e-05,1.96591703e-06,1.088143422e-06,7.430581240000001e-07,6.05451129e-07,4.976148979999999e-07,3.99154404e-07,8.692955939999999e-07,2.33364094e-07,2.9321328400000004e-06,77.33535729999998,35.55094474,2.970606688e-09,9.043081449999999,0.0015528343200000001,0.1635941876,0.00073104116886,7.069627751000001e-05,0.00161963499,0.1437797626,0.00073104116886,7.069627751000001e-05,0.00172044121,0.656658212,0.00073104116886,7.069627751000001e-05,0.0019616558000000004,1.6875478560000001,0.00073104116886,7.069627751000001e-05,2.5026199340820314
155,1662188400,2.8000080300000003e-05,2.8000124799999998e-05,-0.013145398059999999,0.167366138,0.024542613399999996,0.00420963299,0.0086476716,0.00675004045,3.45730409e-06,3.1668157700000007e-05,14.56993015,47.9,3.6274740200000006e-06,2.4648286800000004e-06,1.20628683e-06,8.04558414e-07,6.36107714e-07,5.229446709999999e-07,4.11450277e-07,3.63562148e-07,8.16483207e-07,2.4324730299999997e-07,2.9028959400000003e-06,82.0492469,38.8834862,5.54555398e-10,9.1536684,0.00150926079,0.11015253089999999,1.2244512329999998e-05,1.8235140400000003e-06,0.0015765687600000002,0.12101160899999999,1.2244512329999998e-05,1.8235140400000003e-06,0.0016058701000000002,0.12740986849999997,1.2244512329999998e-05,1.8235140400000003e-06,0.00184324585,0.169780148,1.2244512329999998e-05,1.8235140400000003e-06,2.5026187181472777
155,1662189000,3.0217814099999997e-05,3.0217826199999998e-05,0.08694244463,3.2317522724999996,0.03409403019999999,0.0043051198600000005,0.008884613699999998,0.00690039828,6.172660109999999e-06,5.66496897e-05,15.849650399999998,49.4,4.24425938e-06,2.82942546e-06,1.25082552e-06,8.19665238e-07,6.483688439999999e-07,5.22543559e-07,4.299803470000001e-07,3.8215583200000005e-07,8.30487582e-07,2.28923646e-07,2.92203693e-06,80.9139091,36.781684199999994,6.188401759999999e-10,9.1344729,0.00153035599,0.11449959450000002,3.307898518000001e-05,3.8910824e-06,0.00161935862,0.1329030645,3.307898518000001e-05,3.8910824e-06,0.0017052348699999997,0.15538571240000001,3.307898518000001e-05,3.8910824e-06,0.0018915776800000003,0.187584473,3.307898518000001e-05,3.8910824e-06,2.502649736404419
155,1662189600,2.9302417e-05,2.9302447700000002e-05,0.004104699550000002,0.046613408813,0.022261425999999994,0.00431271936,0.00886651265,0.006923026359999999,3.2639173e-06,2.5420776299999998e-05,16.078671500000002,39.0,4.10137698e-06,2.6222023099999998e-06,1.2104571399999998e-06,8.312575670000001e-07,6.24557486e-07,5.29115052e-07,4.2413098799999996e-07,3.6192522899999996e-07,8.13985086e-07,2.1968531699999998e-07,2.9124194300000002e-06,81.174135,37.09198479999999,5.932331230000001e-10,9.1417076,0.0015282637200000001,0.1129278296,1.149348033e-05,2.0227075299999993e-06,0.0016082982200000002,0.126118997,1.149348033e-05,2.0227075299999993e-06,0.0017141459599999999,0.147773389,1.149348033e-05,2.0227075299999993e-06,0.00191265308,0.178611828,1.149348033e-05,2.0227075299999993e-06,2.502623105049133
155,1662190200,7.721074e-05,7.72111264e-05,-0.31719207714,7.834373511600001,0.053104432199999996,0.00527911488,0.0112501816,0.00788478613,5.9155859839999994e-05,0.0005014440344000001,25.2062934,109.6,2.2345668709999995e-05,7.22782121e-06,2.007587499999999e-06,9.764017460000003e-07,6.9354313e-07,5.28582869e-07,4.3954854299999994e-07,3.8025627099999996e-07,8.34873594e-07,2.2681006e-07,2.94443249e-06,75.0642877,29.332444799999998,2.1290333790000005e-09,9.0018387,0.00158670409,0.1316333764,0.0002636678704,3.326598167e-05,0.00181569938,0.2500546536,0.0002636678704,3.326598167e-05,0.0026040804600000003,0.9076834829999999,0.0002636678704,3.326598167e-05,0.00244906828,0.6181361150000001,0.0002636678704,3.326598167e-05,2.5026667594909666
155,1662190800,2.7757057500000003e-05,2.7757067799999998e-05,0.009054445839999998,0.0460714101,0.0237520866,0.00420123876,0.0086632795,0.00674090952,2.8409765599999997e-06,2.5014211599999998e-05,14.5751748,38.1,3.52238636e-06,2.41695185e-06,1.2049926e-06,8.430421189999999e-07,6.30305011e-07,4.89584772e-07,4.2510396400000005e-07,3.76705158e-07,8.12466456e-07,2.50316034e-07,2.9066262800000003e-06,81.927447,39.1455597,5.48631612e-10,9.1509131,0.0015058725900000001,0.1102057425,9.417468799999998e-06,1.5696228500000003e-06,0.0015910992500000002,0.1226520709,9.417468799999998e-06,1.5696228500000003e-06,0.00161328349,0.1263306406,9.417468799999998e-06,1.5696228500000003e-06,0.0018142378100000002,0.160356191,9.417468799999998e-06,1.5696228500000003e-06,2.5026143550872804
155,1662191400,3.07402513e-05,3.074028199999999e-05,0.20081384033,3.19118864815,0.0352522646,0.00431103615,0.00886709535,0.00688385601,9.334959049999998e-06,9.59647411e-05,15.828671250000003,52.3,4.65405473e-06,2.75980269e-06,1.2057056200000002e-06,8.337416890000001e-07,6.1624713e-07,5.10934998e-07,4.2421681499999996e-07,3.7378763e-07,8.261007050000001e-07,2.5376057e-07,2.91175426e-06,80.95191299999999,36.5893862,6.37305815e-10,9.133962900000002,0.00152892543,0.1132283141,7.24486678e-05,7.443871279999999e-06,0.0016068691000000004,0.129239006,7.24486678e-05,7.443871279999999e-06,0.00171129883,0.18143433,7.24486678e-05,7.443871279999999e-06,0.00189114529,0.181291388,7.24486678e-05,7.443871279999999e-06,2.5026126384735106
155,1662192000,2.8062599900000003e-05,2.80626184e-05,0.018748542499999996,0.050705102649999986,0.0235558334,0.004215428549999999,0.0087269563,0.00678286739,2.88218589e-06,2.33786888e-05,14.938811300000001,34.2,3.6306555700000002e-06,2.50321922e-06,1.1514698599999998e-06,8.0611415e-07,6.264131070000001e-07,5.22333569e-07,4.4217752000000006e-07,3.70050673e-07,8.239094600000001e-07,2.54717783e-07,2.9002030699999997e-06,81.93619410000001,38.8712558,5.57097257e-10,9.1507529,0.0015097674500000001,0.1109474783,8.78312534e-06,1.6333835599999998e-06,0.00157194779,0.12024279439999999,8.78312534e-06,1.6333835599999998e-06,0.0016172199099999999,0.13025258699999998,8.78312534e-06,1.6333835599999998e-06,0.00184700553,0.166356067,8.78312534e-06,1.6333835599999998e-06,2.502573299407959
155,1662192600,2.80447061e-05,2.8044718599999998e-05,0.020924293360000002,0.12564676979999995,0.024246985699999998,0.004222126290000001,0.0087041696,0.00676733344,2.7896979400000003e-06,2.21990159e-05,14.643356599999999,33.5,3.5787965200000004e-06,2.52258494e-06,1.16176122e-06,8.27566788e-07,6.155226020000001e-07,5.2347695e-07,4.3594777000000005e-07,3.7851055900000004e-07,8.164343660000001e-07,2.4761654199999994e-07,2.9139395499999994e-06,81.87968989999999,38.9355449,5.55458022e-10,9.15098925,0.00151823815,0.11123999899999999,1.0310533940000001e-05,1.79166213e-06,0.0015908692200000002,0.12313876400000001,1.0310533940000001e-05,1.79166213e-06,0.0016472867500000002,0.13452396100000003,1.0310533940000001e-05,1.79166213e-06,0.00181099347,0.157996377,1.0310533940000001e-05,1.79166213e-06,2.5026296854019163
155,1662193200,2.9219134299999994e-05,2.92191564e-05,0.03492200215,0.3654912752,0.0320602199,0.00429459818,0.0088525081,0.00689904897,3.51566638e-06,3.13836266e-05,16.0874129,43.6,3.9963372e-06,2.57344411e-06,1.23026946e-06,8.4358923e-07,6.44572932e-07,5.14492844e-07,4.3984366600000006e-07,3.68057617e-07,8.2961304e-07,2.53237121e-07,2.91604636e-06,81.375298,37.735389600000005,5.89786634e-10,9.14228675,0.00152826557,0.11337522600000001,1.3580846200000001e-05,2.00177295e-06,0.00161427704,0.125843083,1.3580846200000001e-05,2.00177295e-06,0.00171684052,0.1456040506,1.3580846200000001e-05,2.00177295e-06,0.0018880436800000002,0.175968081,1.3580846200000001e-05,2.00177295e-06,2.502607488632202
155,1662193800,3.44493088e-05,3.44493225e-05,-0.33448898491,16.7187348669,0.0368589339,0.00429987958,0.008762775150000002,0.00680683414,2.7246595769999997e-05,0.0002861204537,15.229021,56.3,5.74654862e-06,3.35410156e-06,1.3209157200000002e-06,8.555782570000001e-07,6.424828890000001e-07,5.09225729e-07,4.3174307499999996e-07,3.75362009e-07,8.041650340000001e-07,2.58700892e-07,2.92574767e-06,80.1333191,36.2748042,7.51872927e-10,9.117380449999999,0.00151601313,0.11647313299999999,5.0220329400000003e-05,6.09231363e-06,0.0015920462999999998,0.13472084050000002,5.0220329400000003e-05,6.09231363e-06,0.0016864230300000001,0.18168798800000002,5.0220329400000003e-05,6.09231363e-06,0.0019033148100000002,0.276972791,5.0220329400000003e-05,6.09231363e-06,2.5025646686553955
155,1662194400,2.67456252e-05,2.67456502e-05,0.018057893670000002,0.10074361655,0.023327731900000002,0.00412241864,0.00850599375,0.00660514797,2.46216535e-06,2.10508252e-05,13.260489500000002,31.0,3.07106277e-06,2.4008141400000004e-06,1.1499645e-06,8.24585332e-07,6.27383086e-07,5.13478014e-07,4.2267015899999995e-07,3.74001593e-07,8.22484071e-07,2.4093926199999996e-07,2.92536099e-06,82.40481809999999,40.5927642,5.164945440000001e-10,9.16134375,0.0015168482,0.1117644399,7.70474608e-06,1.33136238e-06,0.001567297,0.11955933789999999,7.70474608e-06,1.33136238e-06,0.00150983371,0.1097594352,7.70474608e-06,1.33136238e-06,0.0017503917800000001,0.14996441,7.70474608e-06,1.33136238e-06,2.502591371536255
155,1662195000,2.6883975899999998e-05,2.6883995199999998e-05,0.005227276169999999,0.07797010706999999,0.021218898099999998,0.0041269726799999995,0.008509405849999999,0.00661933056,2.6633574900000004e-06,2.1746122599999998e-05,13.680069900000001,34.2,3.2025298700000004e-06,2.3766684500000006e-06,1.1679044999999997e-06,8.07961852e-07,6.127572320000001e-07,4.95015837e-07,4.27828211e-07,3.69340826e-07,8.16940785e-07,2.53282638e-07,2.9117445000000005e-06,82.58032,40.4337962,5.21910016e-10,9.1609926,0.0014966026400000001,0.1095935726,1.15908127e-05,1.70959187e-06,0.0015740612099999999,0.11974694549999998,1.15908127e-05,1.70959187e-06,0.00151506305,0.11488216899999999,1.15908127e-05,1.70959187e-06,0.0017461990900000002,0.15053657199999998,1.15908127e-05,1.70959187e-06,2.5026167392730714
155,1662195600,2.70020977e-05,2.70021283e-05,0.019036370500000004,0.08178142299999999,0.022637252500000003,0.00413263704,0.008546495000000001,0.006643854880000001,2.9734990400000003e-06,2.6125272899999997e-05,13.4615384,41.8,3.14092998e-06,2.4170091299999998e-06,1.2191071099999999e-06,8.110337570000001e-07,6.125435969999999e-07,5.09393856e-07,4.4343241700000003e-07,3.8276834e-07,8.37546093e-07,2.42579322e-07,2.8845696399999994e-06,82.2601465,40.141602899999995,5.246252420000001e-10,9.158807200000002,0.0015095786,0.1110765239,1.030279265e-05,1.6377205099999999e-06,0.00157851507,0.12084804149999999,1.030279265e-05,1.6377205099999999e-06,0.0015261528699999998,0.1169261001,1.030279265e-05,1.6377205099999999e-06,0.00174583869,0.14901883,1.030279265e-05,1.6377205099999999e-06,2.5025126695632935
155,1662196200,2.87408817e-05,2.8740890199999997e-05,0.0314677059,0.4581087811,0.0313463254,0.00426178195,0.008796408249999998,0.00683836996,3.13830611e-06,2.4607426400000002e-05,15.4248254,37.6,3.7985560599999998e-06,2.5911802499999996e-06,1.20319168e-06,8.231628770000001e-07,6.361264270000001e-07,5.042859489999999e-07,4.2369008100000003e-07,3.7885965500000006e-07,8.33563776e-07,2.65548872e-07,2.91221283e-06,81.698554,38.314267099999995,5.75976903e-10,9.145508099999999,0.00151205752,0.1112238145,1.201985598e-05,1.87699783e-06,0.0015817774999999999,0.1217497305,1.201985598e-05,1.87699783e-06,0.0017037852899999997,0.142070326,1.201985598e-05,1.87699783e-06,0.0018748171699999997,0.170503408,1.201985598e-05,1.87699783e-06,2.5025918245315553
155,1662196800,2.71221472e-05,2.7122164100000002e-05,0.0007324740199999997,0.0243001637,0.0213369297,0.00415134057,0.0085770932,0.00666702511,2.54970827e-06,2.0262264900000003e-05,13.75,33.4,3.2010060099999995e-06,2.4271600000000004e-06,1.16587849e-06,7.983739710000001e-07,6.29094357e-07,5.055097480000001e-07,4.3447795200000005e-07,3.67357586e-07,8.142795099999999e-07,2.85576108e-07,2.93227552e-06,82.56359850000001,40.59775260000001,5.27970663e-10,9.158226100000002,0.0015087688800000001,0.11016483840000002,9.021123939999999e-06,1.5001056300000001e-06,0.00156869038,0.11953204530000001,9.021123939999999e-06,1.5001056300000001e-06,0.0015329996799999996,0.11558863060000002,9.021123939999999e-06,1.5001056300000001e-06,0.0017722382200000002,0.153262064,9.021123939999999e-06,1.5001056300000001e-06,2.5025965690612795
155,1662197400,2.80428691e-05,2.80428843e-05,0.014936771799999998,0.14444514962,0.0234048214,0.00420966743,0.00870252585,0.006754946069999999,3.4487281999999995e-06,2.97745283e-05,14.692307599999998,44.0,3.395787370000001e-06,2.4630137699999997e-06,1.1906402900000001e-06,8.185385830000001e-07,6.63649528e-07,5.8432434e-07,4.88751084e-07,4.05653187e-07,8.573336720000001e-07,2.36892642e-07,2.9165477599999996e-06,81.7541851,39.405175400000005,5.51808626e-10,9.152587299999999,0.0015385909000000001,0.1183474574,1.005723637e-05,1.7037215900000003e-06,0.00159419831,0.12333569500000001,1.005723637e-05,1.7037215900000003e-06,0.0015941250299999997,0.12679544159999998,1.005723637e-05,1.7037215900000003e-06,0.00175936764,0.153208627,1.005723637e-05,1.7037215900000003e-06,2.5026143074035643
155,1662198000,2.5213187e-05,2.5213193100000004e-05,0.0026669538000000004,0.022967804699999993,0.0217461594,0.00400408516,0.0082336348,0.00642926422,2.25179627e-06,2.01735809e-05,11.6066434,28.9,2.5744641799999997e-06,2.1444793299999997e-06,1.18073514e-06,8.16166709e-07,6.03175678e-07,5.15398684e-07,4.2039844799999996e-07,3.7366503099999996e-07,8.164074759999999e-07,2.56697753e-07,2.9049560900000003e-06,83.3081487,42.6896975,4.74918932e-10,9.1712545,0.0015056556800000002,0.1101731255,6.465089540000001e-06,1.1754876e-06,0.00153914839,0.1153760274,6.465089540000001e-06,1.1754876e-06,0.0013670656,0.09190734739999999,6.465089540000001e-06,1.1754876e-06,0.0016387909499999999,0.1303795494,6.465089540000001e-06,1.1754876e-06,2.5025837659835815
155,1662198600,2.7516717200000007e-05,2.7516728899999998e-05,0.016709259999999997,0.29696564707,0.0268238996,0.0041523168999999995,0.0085410364,0.00662058405,3.2759512100000003e-06,2.4709332e-05,14.043706450000002,38.3,2.70858336e-06,2.4298931900000003e-06,1.2589167799999998e-06,8.43195821e-07,7.14639979e-07,7.245841479999999e-07,4.93617902e-07,4.3453457200000003e-07,9.28926928e-07,2.7585204e-07,2.9455420199999995e-06,82.0684654,41.4524673,5.27914336e-10,9.1591064,0.0015683065,0.1271859636,7.09871646e-06,1.268963634e-06,0.0016201875800000002,0.1292290614,7.09871646e-06,1.268963634e-06,0.00138519094,0.0955663032,7.09871646e-06,1.268963634e-06,0.00171218067,0.141944188,7.09871646e-06,1.268963634e-06,2.5025839805603027
155,1662199200,2.67270669e-05,2.6727092999999998e-05,0.039145758,0.3737731621,0.0240010788,0.00410333957,0.00845361995,0.00659128175,3.79687888e-06,3.69437626e-05,12.9265734,40.6,3.042832e-06,2.37326832e-06,1.20840971e-06,7.87249633e-07,6.20075709e-07,5.015325599999999e-07,4.34836681e-07,3.8367806e-07,8.366316909999999e-07,2.5286990200000003e-07,2.92202816e-06,82.53003859999998,40.890641200000005,5.152117070000001e-10,9.1625914,0.00150239134,0.1098856007,9.64705334e-06,1.5507544e-06,0.0015694521499999999,0.12038394860000001,9.64705334e-06,1.5507544e-06,0.00146880737,0.1086037895,9.64705334e-06,1.5507544e-06,0.0017268232600000002,0.149567617,9.64705334e-06,1.5507544e-06,2.5026199340820314
155,1662199800,2.6637050600000002e-05,2.66370649e-05,0.0084771830895,0.0317702588,0.021588027699999998,0.0041076327699999995,0.008464799,0.006615777620000001,2.74938773e-06,2.27222843e-05,13.136363699999999,31.8,3.1009775e-06,2.29058569e-06,1.1741039e-06,8.073389920000001e-07,6.1827336e-07,5.08840314e-07,4.3028438e-07,3.76997412e-07,8.28211998e-07,2.70545084e-07,2.91184706e-06,82.8361171,41.34830960000001,5.143452979999999e-10,9.162917750000002,0.0015095234000000002,0.1106786412,8.74771055e-06,1.4868864159999998e-06,0.0015515049699999998,0.1168740785,8.74771055e-06,1.4868864159999998e-06,0.00146153303,0.1099005685,8.74771055e-06,1.4868864159999998e-06,0.00173731766,0.147894765,8.74771055e-06,1.4868864159999998e-06,2.5025240898132326
155,1662200400,3.444297000000001e-05,3.44429792e-05,-0.23150363604999993,23.50992953276,0.046397060700000006,0.00411255872,0.008406815,0.00651337543,2.915333125e-05,0.0003013192092000001,12.5856645,40.1,4.8937176099999996e-06,3.6906711e-06,1.4855508e-06,9.48541421e-07,6.86810516e-07,5.71619416e-07,4.73665664e-07,3.88705816e-07,8.405706880000001e-07,3.05187843e-07,2.9361475500000005e-06,81.0041674,40.1691827,7.46045721e-10,9.129879050000001,0.00151789445,0.11854286700000001,0.00017703459096000002,1.710289687e-05,0.00157672602,0.20097506059999998,0.00017703459096000002,1.710289687e-05,0.00143464862,0.1998474272,0.00017703459096000002,1.710289687e-05,0.0017110893000000002,0.181059017,0.00017703459096000002,1.710289687e-05,2.5026328325271607
155,1662201000,2.61310779e-05,2.6131107100000002e-05,0.02183552304,0.47897146697000004,0.0236832912,0.004041869639999999,0.008323582799999998,0.00645781027,3.77187526e-06,3.15836797e-05,12.055944,40.5,2.56033872e-06,2.2093183999999996e-06,1.14705857e-06,7.989067099999999e-07,6.497476280000001e-07,7.58985471e-07,4.92122724e-07,3.90952965e-07,8.873005659999999e-07,2.55840762e-07,2.9146677899999996e-06,83.01046800000002,42.637031199999996,4.946592839999999e-10,9.168687,0.0015355879399999999,0.12327787939999998,6.7368418099999994e-06,1.2060417769999998e-06,0.0015327936500000002,0.11410957659999998,6.7368418099999994e-06,1.2060417769999998e-06,0.0013720656799999999,0.0927297738,6.7368418099999994e-06,1.2060417769999998e-06,0.00163984684,0.1301257845,6.7368418099999994e-06,1.2060417769999998e-06,2.502590703964233
155,1662201600,2.58545444e-05,2.58545528e-05,0.011015726469999999,0.20915522151999996,0.023293573,0.00403722063,0.0083461324,0.006478271470000001,2.80640628e-06,2.51753305e-05,12.244755300000001,37.2,2.8002034899999996e-06,2.2284847799999998e-06,1.1701064e-06,7.974013670000001e-07,6.34284781e-07,5.18275666e-07,4.2883041e-07,3.7737492700000003e-07,8.227381039999999e-07,2.46267247e-07,2.90302226e-06,83.174363,41.933822,4.91986332e-10,9.168786999999998,0.00151340614,0.1117127421,1.3846274520000001e-05,1.8186075359999996e-06,0.00155221178,0.1183915665,1.3846274520000001e-05,1.8186075359999996e-06,0.0014203755399999998,0.1044477382,1.3846274520000001e-05,1.8186075359999996e-06,0.0016290445600000002,0.1316459166,1.3846274520000001e-05,1.8186075359999996e-06,2.5026260375976563
155,1662202200,3.68278605e-05,3.6827876699999996e-05,0.14057631341000001,20.2469405009,0.045032465499999993,0.004219174730000001,0.0086106086,0.0066664674600000005,2.4343472059999997e-05,0.0001944405429,13.825174899999999,47.3,5.97045227e-06,3.78589791e-06,1.46260924e-06,8.927883550000001e-07,6.76512786e-07,6.210398359999999e-07,4.7143750799999995e-07,4.06509958e-07,8.978716299999999e-07,2.7241813699999997e-07,2.95560975e-06,80.4985515,38.741198100000005,8.156514380000001e-10,9.1251553,0.00154520981,0.1192645545,7.141060706e-05,7.376966120000001e-06,0.0016014598899999999,0.1915126771,7.141060706e-05,7.376966120000001e-06,0.00154274367,0.1635823485,7.141060706e-05,7.376966120000001e-06,0.0017789359,0.289700333,7.141060706e-05,7.376966120000001e-06,2.5025920629501344
155,1662202800,2.7320530099999997e-05,2.73205433e-05,0.07611375333999999,2.539131028794,0.027633299299999997,0.00411824606,0.0084522062,0.00659355449,4.3603318e-06,3.909782459999999e-05,13.1118883,36.5,3.1436033399999997e-06,2.42886923e-06,1.23028893e-06,8.189817390000001e-07,6.34948641e-07,5.189025749999999e-07,4.32692515e-07,3.7489271900000006e-07,8.273144980000001e-07,3.01428045e-07,2.94767523e-06,82.50439259999999,40.9796739,5.319476129999998e-10,9.158296850000001,0.00151049032,0.11113888410000002,1.4888016750000001e-05,1.9448523e-06,0.00156876115,0.12671294360000002,1.4888016750000001e-05,1.9448523e-06,0.00147281832,0.108028343,1.4888016750000001e-05,1.9448523e-06,0.0017466668,0.155613004,1.4888016750000001e-05,1.9448523e-06,2.5025953531265257
155,1662203400,2.7486106299999995e-05,2.74861181e-05,0.02035566011,0.24891482789999997,0.0236477546,0.00416129181,0.008571597650000002,0.00665437604,3.5008886500000003e-06,2.7957043700000002e-05,13.951049000000001,42.4,2.88982652e-06,2.28869388e-06,1.16653299e-06,8.593948830000002e-07,7.06134816e-07,6.784245220000001e-07,4.80860405e-07,4.0455059799999995e-07,8.900571899999999e-07,4.0017470400000003e-07,2.97799272e-06,82.69446359999999,42.89954050000001,5.308424949999999e-10,9.158990450000001,0.0015588037500000001,0.1254495316,7.31793948e-06,1.2983753100000001e-06,0.00155127461,0.11696857460000001,7.31793948e-06,1.2983753100000001e-06,0.00143028704,0.1020289142,7.31793948e-06,1.2983753100000001e-06,0.00172288833,0.145525619,7.31793948e-06,1.2983753100000001e-06,2.5025612354278564
155,1662204000,3.4056990900000007e-05,3.405700390000001e-05,0.11375327828699999,22.63979668487,0.0410412226,0.00411801436,0.0083964745,0.00651914103,4.23347567e-05,0.00044921291560000005,12.690559400000001,46.2,5.2286098e-06,3.46200787e-06,1.3610509299999999e-06,8.44319638e-07,6.43173064e-07,5.18652359e-07,4.33215032e-07,3.7255765499999996e-07,8.4105352e-07,3.64472501e-07,2.95834108e-06,81.53950440000001,40.8403306,7.388740549999999e-10,9.130009650000002,0.0014989625900000002,0.1147891706,0.00013916331802999997,1.489477904e-05,0.00154507337,0.1248952204,0.00013916331802999997,1.489477904e-05,0.0014501088999999997,0.22945320440000003,0.00013916331802999997,1.489477904e-05,0.00172210788,0.22083763500000003,0.00013916331802999997,1.489477904e-05,2.5025717973709107
155,1662204600,2.81514695e-05,2.8151487599999997e-05,-0.00072421078,0.009106989799999998,0.021666554999999997,0.004232472859999999,0.0087112167,0.006806532579999999,2.72494748e-06,2.2391500500000002e-05,15.2097903,37.8,3.3831971799999996e-06,2.53468063e-06,1.18800086e-06,8.160191390000001e-07,6.031577669999999e-07,5.07540387e-07,4.18314647e-07,3.7576392599999997e-07,8.477410039999999e-07,4.0387364499999996e-07,2.9959712700000004e-06,82.6996568,41.83297,5.5445191e-10,9.155354849999998,0.00150939357,0.110212682,8.244094919999999e-06,1.53116234e-06,0.00161043835,0.1256001405,8.244094919999999e-06,1.53116234e-06,0.00159416503,0.12349940959999998,8.244094919999999e-06,1.53116234e-06,0.00179832832,0.15738209100000003,8.244094919999999e-06,1.53116234e-06,2.5025920391082765
155,1662205200,2.72514887e-05,2.72514982e-05,-0.05844915690999999,1.388982765242,0.0243270751,0.0041201997199999995,0.00850062295,0.00659511936,5.1476041e-06,5.0277238000000004e-05,13.201049000000001,39.0,3.16937798e-06,2.32393127e-06,1.18485646e-06,7.962473790000001e-07,6.12156473e-07,5.16143685e-07,4.48119823e-07,3.73168799e-07,8.287455540000001e-07,3.7072211599999997e-07,3.0005061800000003e-06,83.2034036,43.27600209999999,5.31730302e-10,9.1590404,0.00150969204,0.1106715868,2.190406592e-05,2.6147130719999997e-06,0.0015572247,0.11768989499999997,2.190406592e-05,2.6147130719999997e-06,0.00143450125,0.10988557380000001,2.190406592e-05,2.6147130719999997e-06,0.00171786056,0.153956141,2.190406592e-05,2.6147130719999997e-06,2.502599573135376
155,1662205800,0.0001892067897,0.0001892068859,-0.0800832474,17.833180225474997,0.0980396846,0.007631964279999999,0.016215645100000002,0.01157569061,0.00018839746434,0.0018453876512,51.08741189999999,129.1,6.374840478e-05,1.8885392849999997e-05,3.54183968e-06,1.52999945e-06,9.066917099999999e-07,6.34164099e-07,4.84090075e-07,4.05265034e-07,8.753314910000001e-07,5.11971304e-07,3.0764774500000003e-06,67.7267627,25.091413570000004,5.7611095879999995e-09,8.8027799,0.00173399501,0.19085607110000002,0.00048840261164,6.780862463000001e-05,0.00233626831,0.5198790514999999,0.00048840261164,6.780862463000001e-05,0.0045491158499999995,2.4560452113999998,0.00048840261164,6.780862463000001e-05,0.00390351444,1.928381645,0.00048840261164,6.780862463000001e-05,2.5029048919677734
155,1662206400,6.34513984e-05,6.34514529e-05,1.915633145275,56.429330203800006,0.1153867291,0.00513321637,0.010319579749999998,0.00774502777,6.042741305e-05,0.0005154831041000001,25.902097699999995,107.8,1.412086735e-05,6.6453389199999994e-06,2.218326e-06,1.258063994e-06,8.897558150000001e-07,6.668375319999999e-07,5.53159946e-07,4.75047713e-07,1.0028302699999999e-06,5.173654209999999e-07,3.37273451e-06,74.50645540000001,30.581582499999996,1.61063425e-09,9.0018859,0.0016222996800000001,0.1629445944,0.0002288760686,2.6578398909999995e-05,0.00184583413,0.24550601100000002,0.0002288760686,2.6578398909999995e-05,0.00238792091,0.5918022075,0.0002288760686,2.6578398909999995e-05,0.00234110815,0.471661195,0.0002288760686,2.6578398909999995e-05,2.502297616004944
155,1662207000,3.0676223800000005e-05,3.0676247499999996e-05,1.3296957928,29.390791553299998,0.0949815497,0.0042325654,0.00860685875,0.00669970139,1.14217002e-05,0.00011856670480000001,14.396853299999998,44.9,3.3704216999999995e-06,2.71207902e-06,1.4154163999999998e-06,9.56598547e-07,7.23233279e-07,5.804274000000001e-07,4.856058660000001e-07,4.2846784300000003e-07,9.14746806e-07,5.23220247e-07,3.22678739e-06,81.8920191,43.6624807,6.131565900000001e-10,9.142266249999999,0.0015441480700000001,0.1289904884,1.457758056e-05,2.1679396800000004e-06,0.00160062599,0.1381921391,1.457758056e-05,2.1679396800000004e-06,0.00150326873,0.11934699679999998,1.457758056e-05,2.1679396800000004e-06,0.0017701803799999999,0.167805857,1.457758056e-05,2.1679396800000004e-06,2.5025881052017214
155,1662207600,2.74542422e-05,2.74542564e-05,0.05225246400000001,0.81502566135,0.0344670337,0.004169792770000001,0.008566928300000002,0.00668198468,2.8864747500000003e-06,2.7128395399999995e-05,13.8688811,35.0,2.93724559e-06,2.2949215300000002e-06,1.22683651e-06,8.45416126e-07,6.23351228e-07,4.987911440000001e-07,4.24438042e-07,3.8072263599999996e-07,8.380722649999999e-07,5.165562200000001e-07,3.13937667e-06,83.8546094,46.5386451,5.34105953e-10,9.15995995,0.00152621351,0.1130140511,7.373944399999999e-06,1.28499068e-06,0.00158202295,0.12260906009999999,7.373944399999999e-06,1.28499068e-06,0.00143630035,0.1010479066,7.373944399999999e-06,1.28499068e-06,0.0017221173900000002,0.144754516,7.373944399999999e-06,1.28499068e-06,2.5025672197341917
155,1662208200,2.8833622599999994e-05,2.8833638500000003e-05,0.012536159039999998,1.5310094319699998,0.028230037000000003,0.004239151889999999,0.008680709949999999,0.006767461179999999,5.16754597e-06,4.9647271700000003e-05,14.69405615,48.5,3.58887144e-06,2.41001845e-06,1.23247748e-06,8.291017890000001e-07,6.15552305e-07,5.117372829999999e-07,4.2154271399999995e-07,3.8129509799999996e-07,8.367732789999998e-07,4.5159159599999995e-07,3.1238465999999997e-06,83.0083344,43.986192,5.74831852e-10,9.14785825,0.00151202032,0.1114463841,3.788617742e-05,4.08883223e-06,0.0016068206299999998,0.125242251,3.788617742e-05,4.08883223e-06,0.00153870124,0.1327967464,3.788617742e-05,4.08883223e-06,0.00176599149,0.155348215,3.788617742e-05,4.08883223e-06,2.5025952816009522
155,1662208800,5.2387447e-05,5.2387466699999994e-05,0.5399244156399999,16.526225682,0.0612359151,0.00463873665,0.00930019235,0.007096116550000001,6.885405066e-05,0.0006865692062999999,18.6101399,65.7,1.1778851429999999e-05,5.37210872e-06,1.6116788600000001e-06,9.27919058e-07,6.757613270000001e-07,5.44554999e-07,4.5167105300000003e-07,3.71515439e-07,8.35865937e-07,4.6672318800000006e-07,3.1522603099999997e-06,79.24897390000001,38.9906526,1.319299731e-09,9.0645246,0.00152985114,0.115614882,0.00026908731486000005,2.8666504470000007e-05,0.00164821733,0.23093234950000005,0.00026908731486000005,2.8666504470000007e-05,0.0019291596400000002,0.4791102834,0.00026908731486000005,2.8666504470000007e-05,0.00201814627,0.368287444,0.00026908731486000005,2.8666504470000007e-05,2.502596402168274
155,1662209400,2.7339868199999998e-05,2.7339883299999997e-05,0.00482708923,0.004355213214000001,0.021920758800000002,0.004170409,0.008581032,0.00668580325,2.49605625e-06,2.09434239e-05,14.1013986,30.7,2.96968554e-06,2.4148114e-06,1.19966974e-06,8.185454160000001e-07,6.350667890000001e-07,5.08940888e-07,4.17864029e-07,3.73742759e-07,8.210032839999999e-07,4.374452660000001e-07,3.0692403099999997e-06,83.4812556,44.720790699999995,5.32323299e-10,9.159116749999999,0.00151441373,0.11146325240000002,7.614781930000001e-06,1.3337236700000001e-06,0.0015828728,0.1212645314,7.614781930000001e-06,1.3337236700000001e-06,0.00150623649,0.10948524019999999,7.614781930000001e-06,1.3337236700000001e-06,0.0017340689100000001,0.146076296,7.614781930000001e-06,1.3337236700000001e-06,2.5025540590286255
155,1662210000,3.09706718e-05,3.09706767e-05,0.4460206835,12.756325817730001,0.038776196,0.004235302580000001,0.00868466515,0.00675641845,1.320251302e-05,0.0001340466652,14.7534963,48.0,4.30713163e-06,2.7465447999999998e-06,1.25903001e-06,8.63959426e-07,6.467288789999999e-07,5.289793939999999e-07,4.35548369e-07,3.7276303400000006e-07,8.28342874e-07,4.24177429e-07,3.0681161099999997e-06,82.1153025,41.68414550000001,6.399743660000001e-10,9.136505600000001,0.00152439822,0.1131240472,4.612926384e-05,5.0310385299999996e-06,0.00158157505,0.14075480950000002,4.612926384e-05,5.0310385299999996e-06,0.0015838873499999999,0.14954991460000003,4.612926384e-05,5.0310385299999996e-06,0.00177469738,0.1889401886,4.612926384e-05,5.0310385299999996e-06,2.502638840675354
155,1662210600,2.8685124199999996e-05,2.8685133800000004e-05,0.19796681617,2.564794650505,0.0414238507,0.00423278467,0.00871919555,0.00678849785,5.02347547e-06,5.05736082e-05,14.835664,43.8,3.41102794e-06,2.5616513599999997e-06,1.2222618800000001e-06,8.20240461e-07,6.302618060000001e-07,5.1379289e-07,4.55704381e-07,3.81128836e-07,8.37904552e-07,4.3032591800000003e-07,3.07455454e-06,82.4884065,42.7022235,5.701322950000001e-10,9.14728475,0.00150580461,0.1120071882,1.3211896930000001e-05,1.90873419e-06,0.0015992600400000002,0.12609033149999999,1.3211896930000001e-05,1.90873419e-06,0.0015678185599999998,0.122569376,1.3211896930000001e-05,1.90873419e-06,0.0017770363000000002,0.162867827,1.3211896930000001e-05,1.90873419e-06,2.5026199579238892
155,1662211200,2.73159537e-05,2.73159741e-05,-0.008659959500000003,0.0154709062,0.0207026596,0.0041667979,0.0085695057,0.00669109267,2.5730546700000005e-06,2.17884261e-05,13.94230765,33.5,3.0509434400000003e-06,2.3974677899999998e-06,1.1728523799999999e-06,8.121835900000001e-07,6.23825472e-07,5.05053305e-07,4.36565319e-07,3.8015312e-07,8.24108997e-07,4.06571325e-07,3.04159038e-06,83.30303839999999,43.9498932,5.3175666e-10,9.157791300000001,0.0015159440100000001,0.11151499039999999,7.81450574e-06,1.34720035e-06,0.0015767253000000003,0.12110513240000001,7.81450574e-06,1.34720035e-06,0.0014939148500000001,0.10873674549999998,7.81450574e-06,1.34720035e-06,0.0017351389799999998,0.14785770799999998,7.81450574e-06,1.34720035e-06,2.5025887489318848
155,1662211800,2.7831247299999995e-05,2.78312624e-05,-0.01764770865,0.013812072999999998,0.0204758889,0.004205971509999999,0.008659825099999999,0.006751974449999999,2.65234412e-06,2.03926857e-05,14.599650500000001,35.5,3.3341180799999995e-06,2.40735357e-06,1.1594857900000002e-06,7.83841136e-07,6.233274809999999e-07,5.081302229999999e-07,4.3575392900000003e-07,3.7218481099999997e-07,8.12310928e-07,4.37514739e-07,3.0405972699999998e-06,83.15075440000001,43.507550300000005,5.49260204e-10,9.15331965,0.00150648839,0.10997323890000002,1.013327775e-05,1.66156515e-06,0.0015746623699999997,0.12095875550000001,1.013327775e-05,1.66156515e-06,0.0015699039299999999,0.1225617306,1.013327775e-05,1.66156515e-06,0.0017484586,0.150126128,1.013327775e-05,1.66156515e-06,2.502616024017334
155,1662212400,0.00017350088640000002,0.00017350090539999997,0.1249070985,22.007599092599996,0.1032422573,0.0047534422,0.009070347500000001,0.00699432514,0.0004604111020799999,0.0048407271980000005,17.340909000000003,65.2,6.74720926e-05,1.0420662870000001e-05,1.56578659e-06,8.973307289999998e-07,6.494494589999998e-07,5.277801280000001e-07,4.4041496399999997e-07,3.7646854099999993e-07,8.23284166e-07,4.4422791299999995e-07,3.12400028e-06,77.66502540000002,37.859891899999994,5.407426149999999e-09,9.00155405,0.0015201758799999999,0.1169793627,0.0013530654828499999,0.00018531929213000002,0.00168129588,0.2891637886,0.0013530654828499999,0.00018531929213000002,0.00207071167,2.4184058786000002,0.0013530654828499999,0.00018531929213000002,0.0020967427499999996,1.8391883249999996,0.0013530654828499999,0.00018531929213000002,2.502566385269165
155,1662213000,2.8685654299999998e-05,2.8685661499999997e-05,0.02697769091,0.17183270917,0.0290148937,0.00426286076,0.008780145100000001,0.006827195580000001,3.0369483300000003e-06,2.6213539699999997e-05,15.3863637,40.4,3.5249567499999997e-06,2.42634197e-06,1.20195863e-06,8.10691135e-07,6.360690460000001e-07,5.09229121e-07,4.447509530000001e-07,3.76005795e-07,8.26572266e-07,4.60712144e-07,3.11607812e-06,83.07082940000001,43.9145228,5.70629203e-10,9.1490455,0.00150476485,0.1103816934,1.1623992170000001e-05,1.7950233799999999e-06,0.0015679228499999999,0.12027611999999999,1.1623992170000001e-05,1.7950233799999999e-06,0.0016265754800000001,0.131558202,1.1623992170000001e-05,1.7950233799999999e-06,0.0017873573600000001,0.15794446599999998,1.1623992170000001e-05,1.7950233799999999e-06,2.502583956718445
155,1662213600,2.8882371699999995e-05,2.8882399800000003e-05,0.030488705300000002,0.114332870637,0.027979479600000003,0.00428032048,0.008863280300000002,0.00688797206,3.00182779e-06,2.6524526999999994e-05,15.722027799999998,36.3,3.4299123600000003e-06,2.53790515e-06,1.2188811500000001e-06,8.16949713e-07,6.46674013e-07,5.164765790000001e-07,4.365692790000001e-07,3.73201952e-07,8.11816951e-07,5.258336909999999e-07,3.1236580400000005e-06,83.04121540000001,44.4072244,5.7560029e-10,9.148632199999998,0.00152717129,0.11312879199999999,9.5122817e-06,1.64386017e-06,0.00162585391,0.12854855299999998,9.5122817e-06,1.64386017e-06,0.00158967981,0.126724628,9.5122817e-06,1.64386017e-06,0.00177349604,0.15473708339999998,9.5122817e-06,1.64386017e-06,2.502590537071228
155,1662214200,2.8887569200000003e-05,2.8887590000000004e-05,0.012658164699999998,0.103166972429,0.023939363800000002,0.0042784967,0.008855425250000002,0.0068670706100000005,3.0461918399999998e-06,2.5042639299999998e-05,15.734265700000003,40.2,3.5528269000000007e-06,2.5090281099999997e-06,1.23450899e-06,8.106816939999999e-07,6.158282889999999e-07,5.178734740000001e-07,4.2774797400000006e-07,3.57299682e-07,8.252866829999999e-07,4.856383750000001e-07,3.10016834e-06,82.96030490000001,43.6535824,5.78168603e-10,9.145648500000002,0.00150363595,0.1099880322,1.265843015e-05,1.90029891e-06,0.00159665757,0.12485353880000001,1.265843015e-05,1.90029891e-06,0.0016303685999999999,0.1319084975,1.265843015e-05,1.90029891e-06,0.0018026843100000002,0.16091374600000002,1.265843015e-05,1.90029891e-06,2.5026105403900147
155,1662214800,3.09335859e-05,3.09336057e-05,1.18928757288,36.687607453249996,0.048638220100000004,0.00425580069,0.00874557825,0.006800574699999999,8.868106289999999e-06,8.1942588e-05,15.106643199999999,34.4,3.6682661699999996e-06,2.8574322099999997e-06,1.50609552e-06,1.0150787609999997e-06,7.383667689999999e-07,5.246129470000001e-07,4.479157920000001e-07,3.78785721e-07,8.629002279999999e-07,4.14124973e-07,3.04779932e-06,81.64612,41.4140285,6.299807019999999e-10,9.1366022,0.00153899962,0.1337015125,2.7835948450000002e-05,3.3009472499999997e-06,0.00158725729,0.14391561700000002,2.7835948450000002e-05,3.3009472499999997e-06,0.0016122991300000001,0.13780131099999998,2.7835948450000002e-05,3.3009472499999997e-06,0.0018184209900000002,0.173670948,2.7835948450000002e-05,3.3009472499999997e-06,2.5026005506515503
155,1662215400,2.73692809e-05,2.73692926e-05,0.009570841557999999,0.04512386884000001,0.022729795299999998,0.004167357889999999,0.008618934,0.006683327040000001,2.50791676e-06,2.21699984e-05,14.0384615,35.2,3.0767073799999998e-06,2.41916661e-06,1.23386589e-06,8.08102873e-07,6.30017662e-07,5.199417300000001e-07,4.2554273899999997e-07,3.7372581400000006e-07,8.158712080000001e-07,3.66273579e-07,3.0081124199999998e-06,83.1989396,42.857297800000005,5.328836289999999e-10,9.157340900000001,0.00150821116,0.11041338159999999,8.54913964e-06,1.39901988e-06,0.00158169758,0.1208923445,8.54913964e-06,1.39901988e-06,0.00149102722,0.10880478600000001,8.54913964e-06,1.39901988e-06,0.00179164164,0.156160506,8.54913964e-06,1.39901988e-06,2.5026099920272826
155,1662216000,2.8598951100000003e-05,2.8598994500000003e-05,-0.009545689579999999,0.31436443979999995,0.024160620400000003,0.004243624779999999,0.0087676304,0.00680212683,3.7111888999999997e-06,3.40346433e-05,15.206293699999998,40.9,3.55599934e-06,2.49720681e-06,1.17327692e-06,8.16278242e-07,6.11150077e-07,5.183649140000001e-07,4.28076847e-07,3.7831850799999995e-07,8.24814562e-07,4.54438755e-07,3.03600488e-06,82.807288,42.9675164,5.70676685e-10,9.14884165,0.00151726839,0.11148589100000002,1.199450616e-05,1.8557293e-06,0.0015638620900000001,0.1195148066,1.199450616e-05,1.8557293e-06,0.00156722722,0.12508764700000002,1.199450616e-05,1.8557293e-06,0.0018337510999999998,0.167989158,1.199450616e-05,1.8557293e-06,2.502639317512512
155,1662216600,3.35963588e-05,3.3596384100000004e-05,1.54602617719,53.6830986466,0.0527758309,0.004279554820000001,0.008750016099999999,0.00682671711,2.7372720110000003e-05,0.0002877105836,15.3111888,40.4,3.83041702e-06,3.6036689799999996e-06,1.75173874e-06,1.0221007459999999e-06,6.94023919e-07,6.03101654e-07,4.81330269e-07,4.1320663e-07,8.77255895e-07,4.31201598e-07,3.0804344e-06,81.0690415,41.210650099999995,7.025033170000001e-10,9.1297259,0.0015386326499999999,0.11987215929999999,4.259015897e-05,4.68206566e-06,0.0016140374,0.2047419235,4.259015897e-05,4.68206566e-06,0.0016032084799999999,0.149109239,4.259015897e-05,4.68206566e-06,0.00181366918,0.180431438,4.259015897e-05,4.68206566e-06,2.5025809526443483
155,1662217200,2.6713485099999998e-05,2.67134985e-05,0.01369630498,0.28468236129999996,0.0246905926,0.00410215498,0.0084556826,0.00656604881,3.26927756e-06,2.8388641699999998e-05,12.937063,42.2,2.81574697e-06,2.2590813699999997e-06,1.1640559700000002e-06,8.050623030000001e-07,6.56541044e-07,5.50936223e-07,4.6015372299999995e-07,4.0881819400000004e-07,8.862374939999999e-07,3.41819586e-07,3.00426098e-06,83.1905584,43.788565899999995,5.11592619e-10,9.162162599999998,0.0015093403899999998,0.113393075,1.2088615889999999e-05,1.7331803500000003e-06,0.00155769693,0.11775814970000001,1.2088615889999999e-05,1.7331803500000003e-06,0.0014073563400000002,0.1022225695,1.2088615889999999e-05,1.7331803500000003e-06,0.001680784,0.138268548,1.2088615889999999e-05,1.7331803500000003e-06,2.5025974988937376
155,1662217800,2.77905365e-05,2.7790567699999995e-05,0.017529421982999997,0.12558760385000003,0.0246280746,0.004195709110000001,0.00865946575,0.006735731270000001,3.01285062e-06,2.69589187e-05,14.65034975,36.2,3.2542461399999994e-06,2.50988618e-06,1.18402406e-06,8.083661319999999e-07,6.27258712e-07,5.10693426e-07,4.33879767e-07,3.79303286e-07,8.14003254e-07,3.59415963e-07,3.01135289e-06,82.8736371,42.0694366,5.455556219999999e-10,9.15564955,0.0015095608300000002,0.11057275609999999,1.019037961e-05,1.55818483e-06,0.00158644602,0.1230607606,1.019037961e-05,1.55818483e-06,0.00153548633,0.11745181499999999,1.019037961e-05,1.55818483e-06,0.0017823697200000002,0.157360592,1.019037961e-05,1.55818483e-06,2.502648711204529
155,1662218400,3.01270232e-05,3.0127062699999995e-05,-0.00846985183,0.0767808089,0.022008139900000005,0.004360993709999999,0.008989817700000001,0.00700178563,3.6510620399999996e-06,2.96576407e-05,16.837412500000003,46.7,4.175595959999999e-06,2.72293294e-06,1.19980213e-06,8.162800279999999e-07,6.36930207e-07,5.053102570000001e-07,4.32616377e-07,3.77802941e-07,8.305128029999999e-07,3.68468408e-07,2.99462503e-06,81.72623850000001,39.305402900000004,6.1576775e-10,9.1371943,0.0015261616900000001,0.1134852185,1.344804335e-05,2.2558262599999996e-06,0.0016083580100000002,0.126332817,1.344804335e-05,2.2558262599999996e-06,0.00172790583,0.155779726,1.344804335e-05,2.2558262599999996e-06,0.0019130119799999998,0.180156268,1.344804335e-05,2.2558262599999996e-06,2.502700138092041
155,1662219000,0.00010934828870000002,0.00010934832290000003,-0.07250688848,1.53472673267,0.0385808107,0.0053135074099999995,0.012051930200000002,0.00839474474,6.97041218e-05,0.0004942165588,21.784965500000006,61.7,3.3925239899999996e-05,1.141479073e-05,2.05659413e-06,1.0357500869999998e-06,7.11642223e-07,5.477905790000001e-07,4.3361525199999997e-07,3.9053345899999994e-07,8.309209189999999e-07,3.31705139e-07,2.98992084e-06,78.77107720000001,38.4787646,3.2287183849999997e-09,9.0493976,0.0015875319099999997,0.1368952755,0.00021754951555,4.272787611e-05,0.0018150280000000002,0.2656329581,0.00021754951555,4.272787611e-05,0.00247602099,1.4171652076,0.00021754951555,4.272787611e-05,0.00245282772,0.9952728539999999,0.00021754951555,4.272787611e-05,2.5025285720825194
155,1662219600,3.06848263e-05,3.0684853900000004e-05,0.0173494525,0.0508367647,0.0241422741,0.00441051577,0.0091278524,0.00710559842,3.3122187400000005e-06,2.74691369e-05,17.8199298,43.1,4.33258698e-06,2.8471444800000002e-06,1.2301460599999999e-06,8.325068060000001e-07,6.62497124e-07,5.27533496e-07,4.2050087799999994e-07,3.6422299500000003e-07,8.24700969e-07,3.11948062e-07,2.9832611499999998e-06,81.3632709,37.7824129,6.310195400000001e-10,9.1333228,0.00153016641,0.1132898111,1.48701365e-05,2.29475871e-06,0.0016418310400000001,0.13176984900000002,1.48701365e-05,2.29475871e-06,0.0018204385099999999,0.1640863035,1.48701365e-05,2.29475871e-06,0.0019524904099999997,0.185869861,1.48701365e-05,2.29475871e-06,2.502631115913391
155,1662220200,2.99646024e-05,2.9964626600000005e-05,0.04174293879,0.5330279344200001,0.0290882245,0.00434938205,0.008952487299999999,0.00699282115,3.72198805e-06,3.0141853999999998e-05,16.6293705,48.4,4.0797752300000005e-06,2.74038595e-06,1.2383765e-06,8.35446558e-07,6.25627677e-07,4.903991909999999e-07,4.3569433100000005e-07,3.7509663099999997e-07,8.35538488e-07,3.39314271e-07,2.98566697e-06,81.7536005,38.8725229,6.10207538e-10,9.13648685,0.0015155366700000002,0.1121156665,1.333564854e-05,2.1483185900000006e-06,0.0016184382100000003,0.12939798740000003,1.333564854e-05,2.1483185900000006e-06,0.0017448304,0.1533846415,1.333564854e-05,2.1483185900000006e-06,0.00188791895,0.1767263,1.333564854e-05,2.1483185900000006e-06,2.502572011947632
