StationID,TimeStamp,sound@var,sound@power,sound@skew,sound@kurt,sound@abs_max,sound@abs_mean,sound@abs_max_top5p,sound@abs_max_top10p,sound@energy_sstd,sound@energy_smax,sound@s_zero_rate,sound@s_zero_rate_max,sound@power_0_5,sound@power_5_10,sound@power_10_15,sound@power_15_20,sound@power_20_25,sound@power_25_30,sound@power_30_35,sound@power_35_40,sound@power_40_60,sound@power_140_160,sound@power_other,sound@frequency_center,sound@mean_square_frequency,sound@variance_frequency,sound@frequency_entropy,sound@level4d_abs_mean,sound@level4d_energy,sound@level4d_energy_smax,sound@level4d_energy_sstd,sound@level5d_abs_mean,sound@level5d_energy,sound@level5d_energy_smax,sound@level5d_energy_sstd,sound@level6a_abs_mean,sound@level6a_energy,sound@level6a_energy_smax,sound@level6a_energy_sstd,sound@level6d_abs_mean,sound@level6d_energy,sound@level6d_energy_smax,sound@level6d_energy_sstd,sound@mean
113,1678550400,1.8470591599999997e-05,1.84705942e-05,-0.009974546150000001,-0.02118191229,0.0168139052,0.00343272124,0.007059035779999999,0.00552068119,1.22447417e-06,1.0949984400000001e-05,4.8898602,13.1,1.0604638949999998e-06,1.5247729899999998e-06,9.1445345e-07,6.76688877e-07,5.403297280000001e-07,4.2580747700000003e-07,3.65756731e-07,3.18469878e-07,7.21831559e-07,1.7380860399999998e-07,2.5128859400000004e-06,86.12203590000001,48.404648400000006,3.1455665600000003e-10,9.20933145,0.00137596634,0.092037441,2.5298464100000003e-06,4.6381577799999996e-07,0.00135017997,0.08883221090000001,2.5298464100000003e-06,4.6381577799999996e-07,0.0008372094050000001,0.034933206300000005,2.5298464100000003e-06,4.6381577799999996e-07,0.00127534515,0.07830253079999999,2.5298464100000003e-06,4.6381577799999996e-07,2.4462301969528197
113,1678551000,1.8460510399999998e-05,1.84605142e-05,-0.00494024308,0.020756068460000002,0.017397657599999998,0.00342416163,0.00705347882,0.00550437622,1.2571453199999999e-06,1.1352842650000001e-05,5.1241259800000005,14.7,1.043969773e-06,1.5322218299999997e-06,9.307981290000001e-07,6.71823217e-07,5.191734710000001e-07,4.2605820899999995e-07,3.6138333799999996e-07,3.2477644800000006e-07,7.26443605e-07,1.7133917899999998e-07,2.5222270000000003e-06,86.06616059999999,48.5413696,3.1263825700000004e-10,9.2116656,0.00137079211,0.0913448216,2.40889277e-06,4.32903929e-07,0.00135556358,0.0892573039,2.40889277e-06,4.32903929e-07,0.000804926084,0.0326125391,2.40889277e-06,4.32903929e-07,0.00128381222,0.08046321149999999,2.40889277e-06,4.32903929e-07,2.446273922920227
113,1678551600,1.86729069e-05,1.86729118e-05,-0.0031698485469999994,0.004625075770000001,0.017410317200000004,0.0034467374,0.00711245487,0.005541305389999999,1.22414154e-06,1.0973111200000002e-05,5.22377618,14.2,1.08403535e-06,1.5692481900000003e-06,9.322511359999999e-07,6.96678531e-07,5.22297729e-07,4.34034082e-07,3.69221581e-07,3.27035632e-07,7.13475393e-07,1.7096338600000004e-07,2.5171714700000003e-06,86.0265265,48.066878700000004,3.1940762900000003e-10,9.208098500000002,0.00138934884,0.0934774507,2.38899918e-06,4.392600819999999e-07,0.0013698151100000001,0.0907627401,2.38899918e-06,4.392600819999999e-07,0.0008536102069999999,0.035684937699999995,2.38899918e-06,4.392600819999999e-07,0.0012853896999999999,0.08011641359999999,2.38899918e-06,4.392600819999999e-07,2.4462469577789308
113,1678552200,1.8506623699999997e-05,1.8506631599999998e-05,-0.004186248716000001,-0.01111338164,0.017230077599999997,0.00343353639,0.00705595918,0.0055101568,1.2083989299999999e-06,1.13716123e-05,4.9930069900000005,13.9,1.051156984e-06,1.52339603e-06,9.28559588e-07,6.6720365e-07,5.301374740000001e-07,4.4112861200000003e-07,3.68713625e-07,3.3144839199999996e-07,7.220922019999999e-07,1.7137608699999998e-07,2.5180723e-06,86.00068660000001,48.4641424,3.1382589800000004e-10,9.210533049999999,0.0013896097500000002,0.0934856975,2.3007668799999998e-06,4.2727697399999993e-07,0.00136007012,0.08971153059999999,2.3007668799999998e-06,4.2727697399999993e-07,0.000836103155,0.0343357989,2.3007668799999998e-06,4.2727697399999993e-07,0.0012533759500000003,0.077005833,2.3007668799999998e-06,4.2727697399999993e-07,2.4462764739990233
113,1678552800,1.85567359e-05,1.85567409e-05,0.008968636791,-0.00619231887,0.0182854663,0.0034374015299999997,0.007101624699999999,0.0055311623699999994,1.26497617e-06,1.1441379150000002e-05,5.03496495,14.5,1.065665806e-06,1.48713004e-06,9.45592423e-07,6.64535065e-07,5.40822028e-07,4.50117715e-07,3.82805056e-07,3.25629672e-07,7.22598139e-07,1.71601112e-07,2.5218186199999995e-06,86.02970489999998,48.439950499999995,3.15007881e-10,9.210651649999999,0.00140142212,0.095540799,2.7708795899999995e-06,4.79139779e-07,0.0013663422400000001,0.0896804578,2.7708795899999995e-06,4.79139779e-07,0.000830155541,0.0348935129,2.7708795899999995e-06,4.79139779e-07,0.00124680699,0.07554523399999999,2.7708795899999995e-06,4.79139779e-07,2.446372938156128
113,1678553400,1.8793662400000002e-05,1.87936703e-05,0.01088198885,-0.01896633456,0.018322239900000002,0.0034615253299999996,0.0071275327,0.00557271688,1.22136174e-06,1.124661075e-05,5.17307697,14.2,1.0990147699999998e-06,1.5759754799999998e-06,9.410106400000001e-07,6.87115944e-07,5.52071992e-07,4.3663907799999996e-07,3.69219898e-07,3.3003646000000003e-07,7.170567109999999e-07,1.7430319699999997e-07,2.51438272e-06,85.7903054,47.829706900000005,3.22251618e-10,9.207311200000001,0.0013992539,0.09469441469999999,2.95977649e-06,4.98775648e-07,0.0013783950199999998,0.0922277255,2.95977649e-06,4.98775648e-07,0.0008477654799999999,0.03637983800000001,2.95977649e-06,4.98775648e-07,0.00128498608,0.08047830809999999,2.95977649e-06,4.98775648e-07,2.446216082572937
113,1678554000,1.87008042e-05,1.8700808100000002e-05,-0.010574357900000001,0.014330417900000003,0.017793544799999998,0.0034501479599999994,0.0070711480900000016,0.0055354941400000005,1.31568835e-06,1.2005447299999999e-05,5.40034949,15.9,1.13207691e-06,1.51860829e-06,9.338938929999999e-07,6.81829708e-07,5.26911395e-07,4.42981282e-07,3.86315973e-07,3.16126547e-07,7.21074731e-07,1.7312864399999997e-07,2.5174206199999997e-06,85.9051765,48.02891580000001,3.19610133e-10,9.208508299999998,0.0013942490199999999,0.0950057911,2.52636892e-06,4.6716964600000006e-07,0.0013579511499999999,0.08924303649999998,2.52636892e-06,4.6716964600000006e-07,0.0008653430469999999,0.0370376761,2.52636892e-06,4.6716964600000006e-07,0.0012818412600000002,0.079434931,2.52636892e-06,4.6716964600000006e-07,2.446261668205261
113,1678554600,1.8581921899999998e-05,1.8581926300000002e-05,0.015793817789999998,0.00420116743,0.0171655031,0.00343914425,0.00711747338,0.00553443409,1.2673822900000003e-06,1.1801477850000001e-05,5.215035009999999,13.9,1.0672249039999998e-06,1.51171626e-06,9.504211129999999e-07,6.721262870000001e-07,5.237174230000001e-07,4.374014280000001e-07,3.7824853800000003e-07,3.3240212e-07,7.221740819999999e-07,1.68644843e-07,2.52685807e-06,85.9870944,48.32646870000001,3.1638565900000004e-10,9.209909,0.00138832633,0.0937733272,2.48417839e-06,4.2684247199999994e-07,0.00136538675,0.09024377749999998,2.48417839e-06,4.2684247199999994e-07,0.000822260572,0.0339479791,2.48417839e-06,4.2684247199999994e-07,0.00127119054,0.0793678979,2.48417839e-06,4.2684247199999994e-07,2.4462480306625367
113,1678555200,1.86998207e-05,1.86998233e-05,0.017863709269999997,0.02063018232,0.0175481352,0.0034485201600000003,0.007112711960000001,0.00552958927,1.28510526e-06,1.13641761e-05,5.38286705,15.8,1.15109616e-06,1.5075987900000002e-06,9.59524961e-07,6.772231739999999e-07,5.200933560000002e-07,4.3120004699999996e-07,3.6684027900000003e-07,3.36747348e-07,7.168522369999999e-07,1.72291078e-07,2.51038797e-06,85.90770649999999,47.869982300000004,3.2047957099999995e-10,9.20751055,0.00138170347,0.092473628,2.85399307e-06,4.98209128e-07,0.00135334157,0.0891811774,2.85399307e-06,4.98209128e-07,0.0008518852279999999,0.0363164381,2.85399307e-06,4.98209128e-07,0.0012979934500000003,0.0824836971,2.85399307e-06,4.98209128e-07,2.4462319374084474
113,1678555800,1.8489720799999998e-05,1.84897263e-05,0.0026283185959999995,0.0006710256000000012,0.017446725700000002,0.00343144596,0.0070850717600000005,0.00551660055,1.2269947000000001e-06,1.1206776900000001e-05,4.99300699,15.3,1.07523762e-06,1.54486506e-06,9.21663722e-07,6.746151490000001e-07,5.14658411e-07,4.28810354e-07,3.5670196899999995e-07,3.30463314e-07,7.09516939e-07,1.71364238e-07,2.5169218599999997e-06,86.1154201,48.297601,3.1536159600000005e-10,9.2101232,0.00136853859,0.0907368175,2.56267063e-06,4.53857287e-07,0.00135269852,0.08870928260000001,2.56267063e-06,4.53857287e-07,0.000853230319,0.035834844299999995,2.56267063e-06,4.53857287e-07,0.00128387127,0.0802154129,2.56267063e-06,4.53857287e-07,2.4462251901626586
113,1678556400,1.86186989e-05,1.8618701299999996e-05,0.00887004626,0.00975132833,0.018685222499999998,0.00344232966,0.00708177814,0.005521344290000001,1.26107223e-06,1.16316812e-05,5.17307692,14.3,1.11437986e-06,1.51477428e-06,9.342179270000001e-07,6.71502931e-07,5.609570430000001e-07,4.3094234700000006e-07,3.7425559900000004e-07,3.1257235e-07,7.14788222e-07,1.7129046100000003e-07,2.5096406100000002e-06,85.9891265,47.992548299999996,3.18887263e-10,9.2082031,0.0013925967300000002,0.0937392555,2.49503973e-06,4.50584825e-07,0.00134770241,0.0884344411,2.49503973e-06,4.50584825e-07,0.0008371688970000001,0.0346434664,2.49503973e-06,4.50584825e-07,0.0012999265499999998,0.0820821272,2.49503973e-06,4.50584825e-07,2.446262526512146
113,1678557000,1.85598794e-05,1.8559886899999998e-05,-0.013784668449999999,-0.00446277084,0.0172808116,0.0034378204500000002,0.007072470410000001,0.005521969460000001,1.23549818e-06,1.1077556999999998e-05,5.0087413,13.9,1.0663260500000001e-06,1.5278877200000002e-06,9.58457166e-07,6.78612781e-07,5.11899427e-07,4.34732978e-07,3.6270634200000007e-07,3.1893877800000004e-07,7.17688114e-07,1.75151415e-07,2.52750378e-06,86.03160890000001,48.306477,3.1602694e-10,9.20979315,0.0013832550000000001,0.09318085350000001,2.5036292099999995e-06,4.5037166600000004e-07,0.00136330281,0.0897136514,2.5036292099999995e-06,4.5037166600000004e-07,0.00084273096,0.0350740185,2.5036292099999995e-06,4.5037166600000004e-07,0.0012833408099999998,0.0790405666,2.5036292099999995e-06,4.5037166600000004e-07,2.446188950538635
113,1678557600,1.85790915e-05,1.8579092700000002e-05,-0.01052885134,-0.0070726578000000016,0.016723224099999996,0.0034405141,0.00707896984,0.0055248087,1.2631218900000002e-06,1.2182177200000002e-05,5.13986015,14.2,1.13168177e-06,1.50542201e-06,9.404981370000001e-07,6.54005772e-07,5.32177125e-07,4.32807319e-07,3.71711812e-07,3.2277249299999996e-07,7.22319955e-07,1.73575724e-07,2.50255768e-06,86.0320558,48.0774664,3.1769183400000003e-10,9.2085121,0.00138013913,0.0925291904,2.7290979500000002e-06,4.786321559999999e-07,0.00135684625,0.08912052590000001,2.7290979500000002e-06,4.786321559999999e-07,0.000856101849,0.0364678823,2.7290979500000002e-06,4.786321559999999e-07,0.00128437895,0.08070213709999999,2.7290979500000002e-06,4.786321559999999e-07,2.446158695220947
113,1678558200,1.8427895199999996e-05,1.84278986e-05,0.00214126133,0.0036249073000000015,0.017295417799999997,0.0034248174800000004,0.00707785438,0.00549685793,1.1936217800000001e-06,1.1079953849999999e-05,5.013985999999999,14.8,1.05258741e-06,1.5056682900000002e-06,9.494102140000001e-07,6.553232219999999e-07,5.24452107e-07,4.448134109999999e-07,3.71874168e-07,3.17154646e-07,7.12232958e-07,1.70181201e-07,2.5102340999999997e-06,86.1734369,48.4800369,3.1360042200000003e-10,9.2104095,0.00139720667,0.094055891,2.62801404e-06,4.49635005e-07,0.0013577559799999998,0.08931040600000001,2.62801404e-06,4.49635005e-07,0.000828798186,0.0342654609,2.62801404e-06,4.49635005e-07,0.00126337507,0.077269104,2.62801404e-06,4.49635005e-07,2.4462639331817626
113,1678558800,1.86224757e-05,1.8622479299999997e-05,0.0059128808700000006,0.014094469430000001,0.018535243099999998,0.0034427088099999994,0.00709862089,0.005519401239999999,1.21600466e-06,1.1165129199999998e-05,5.059440520000001,14.9,1.08514227e-06,1.4939944400000002e-06,9.55229243e-07,6.98789529e-07,5.126605569999999e-07,4.4924914699999995e-07,3.73635334e-07,3.2932053499999997e-07,7.250653259999998e-07,1.6892328e-07,2.5191903e-06,85.9447724,48.206659,3.17604855e-10,9.209552650000001,0.0013878563,0.09348220250000001,2.4042411999999997e-06,4.4105092199999995e-07,0.0013589942100000001,0.0898627646,2.4042411999999997e-06,4.4105092199999995e-07,0.0008397501910000001,0.0350673285,2.4042411999999997e-06,4.4105092199999995e-07,0.0012869766000000002,0.080397047,2.4042411999999997e-06,4.4105092199999995e-07,2.4461111783981324
113,1678559400,1.85007915e-05,1.85007955e-05,0.006176728730000001,0.019413302499999997,0.0184120016,0.0034286457200000003,0.00709518794,0.00552187519,1.28087599e-06,1.16854238e-05,4.9982517,13.8,1.045689574e-06,1.5315043199999999e-06,9.44140945e-07,6.818482869999999e-07,5.16904497e-07,4.1440818300000004e-07,3.7820082499999996e-07,3.2514953000000007e-07,7.1369127e-07,1.70797263e-07,2.52801453e-06,86.169469,48.4918257,3.14671935e-10,9.210185849999998,0.0013774161200000002,0.0923015571,2.60945226e-06,4.4450037199999996e-07,0.00135343793,0.08937208510000001,2.60945226e-06,4.4450037199999996e-07,0.0008275496159999999,0.033929495999999996,2.60945226e-06,4.4450037199999996e-07,0.0012825158000000002,0.07940071099999998,2.60945226e-06,4.4450037199999996e-07,2.4461671829223635
113,1678560000,1.8620679e-05,1.8620682100000002e-05,0.00067553553,-0.00873873042,0.017128009300000004,0.0034430898,0.00711072549,0.005534344219999999,1.2411218999999999e-06,1.1957666599999999e-05,5.15034949,13.5,1.05990838e-06,1.5257908200000002e-06,9.399525839999999e-07,6.713381040000001e-07,5.44743652e-07,4.3434754899999997e-07,3.75638172e-07,3.21041347e-07,7.223783959999998e-07,1.73632837e-07,2.54150735e-06,86.10002949999999,48.448702100000006,3.16524718e-10,9.210826299999999,0.0013942244399999999,0.0940990359,2.7755257399999997e-06,4.7145381100000006e-07,0.0013628223,0.09036556700000001,2.7755257399999997e-06,4.7145381100000006e-07,0.0008442169159999999,0.0355589912,2.7755257399999997e-06,4.7145381100000006e-07,0.0012606529100000002,0.07773320349999999,2.7755257399999997e-06,4.7145381100000006e-07,2.4461976051330567
113,1678560600,1.86121081e-05,1.8612111999999997e-05,-0.0028939689900000006,0.014609771600000002,0.017243557200000002,0.0034412945400000006,0.00707716286,0.005518808819999999,1.248092e-06,1.1772815000000001e-05,5.10314685,13.5,1.0878977600000001e-06,1.49156543e-06,9.417091480000001e-07,6.95290475e-07,5.36310352e-07,4.4842862899999995e-07,3.75310595e-07,3.15355597e-07,7.178126720000002e-07,1.73985529e-07,2.52232935e-06,86.02399310000001,48.3396435,3.1690827500000006e-10,9.2087894,0.0013953025,0.0946260394,2.55381705e-06,4.4615715899999993e-07,0.0013514031100000001,0.08938213519999999,2.55381705e-06,4.4615715899999993e-07,0.00085322748,0.0357278154,2.55381705e-06,4.4615715899999993e-07,0.00127159601,0.0786016486,2.55381705e-06,4.4615715899999993e-07,2.446129894256592
113,1678561200,1.8440538800000004e-05,1.84405432e-05,-0.00890824357,0.016224668549999998,0.017752165999999996,0.0034248424199999996,0.0070547306200000005,0.00550304695,1.2684891300000002e-06,1.1614418000000001e-05,4.98426581,13.6,1.0544013800000002e-06,1.4844480700000002e-06,9.450136040000001e-07,6.730951e-07,5.34310114e-07,4.24605516e-07,3.7326073900000003e-07,3.2836140900000004e-07,7.174351809999999e-07,1.6895883800000002e-07,2.5163590700000006e-06,86.119901,48.525278899999996,3.13257767e-10,9.21064445,0.0013908194400000001,0.0939556905,2.57243487e-06,4.47439827e-07,0.00135453233,0.0890017225,2.57243487e-06,4.47439827e-07,0.000828223981,0.033978047299999994,2.57243487e-06,4.47439827e-07,0.00125235374,0.07671834879999999,2.57243487e-06,4.47439827e-07,2.4461955070495605
113,1678561800,1.85284569e-05,1.85284609e-05,-0.00480150249,-0.01656222401,0.017779854999999997,0.00343523149,0.00707450489,0.00553155689,1.1846881100000001e-06,1.111511755e-05,5.01748254,14.1,1.0751828500000001e-06,1.50500759e-06,9.518666890000001e-07,6.713707970000001e-07,5.23059342e-07,4.30077787e-07,3.6956042500000004e-07,3.20941239e-07,7.19155595e-07,1.70275693e-07,2.52768598e-06,86.10424760000001,48.422558300000006,3.1495134400000003e-10,9.20991315,0.0013831239900000002,0.09270519340000001,2.29809908e-06,4.4550682900000006e-07,0.0013545817,0.0890355499,2.29809908e-06,4.4550682900000006e-07,0.000835928735,0.034665753699999996,2.29809908e-06,4.4550682900000006e-07,0.0012696587899999998,0.0788239064,2.29809908e-06,4.4550682900000006e-07,2.44623544216156
113,1678562400,1.8448114e-05,1.84481154e-05,0.00439454765,-0.022138424900000002,0.017745143300000002,0.0034320296799999995,0.007070928039999999,0.00551042697,1.1991494e-06,1.0851085099999999e-05,4.788461509999999,14.1,1.0346023229999999e-06,1.5316061400000001e-06,9.62909826e-07,6.368292829999999e-07,5.25694374e-07,4.4709555300000004e-07,3.72183635e-07,3.2188174300000004e-07,7.056972160000001e-07,1.7200801899999998e-07,2.51352162e-06,86.10282459999999,48.3753866,3.14146939e-10,9.20978545,0.00138313004,0.09245860800000001,2.74295481e-06,4.556805279999999e-07,0.00136233969,0.08987474340000001,2.74295481e-06,4.556805279999999e-07,0.000824790456,0.033897128900000004,2.74295481e-06,4.556805279999999e-07,0.00126543407,0.0780028072,2.74295481e-06,4.556805279999999e-07,2.446216893196106
113,1678563000,1.84949556e-05,1.8494960800000005e-05,0.010643291889999998,0.008199276499999998,0.0181948787,0.0034309258100000003,0.007089984669999999,0.00550970403,1.2321847e-06,1.1645736799999999e-05,5.115384649999999,14.0,1.09527882e-06,1.45809074e-06,9.453131550000002e-07,6.591824260000001e-07,5.406317709999999e-07,4.3890935599999994e-07,3.83450505e-07,3.32017135e-07,7.204982800000001e-07,1.7095472799999998e-07,2.5031210400000003e-06,86.0324968,48.3185015,3.14972897e-10,9.210091100000001,0.00138791264,0.09403738019999999,2.67883314e-06,4.44834684e-07,0.0013461747900000002,0.08789777010000001,2.67883314e-06,4.44834684e-07,0.0008354052459999999,0.034522023199999995,2.67883314e-06,4.44834684e-07,0.00126795401,0.0787413129,2.67883314e-06,4.44834684e-07,2.4461684465408324
113,1678563600,1.85269005e-05,1.8526908000000002e-05,0.005572333320000001,-0.00345346136,0.016952474000000002,0.0034344416,0.007088395269999999,0.00551786471,1.25595533e-06,1.120657465e-05,5.19755242,15.0,1.0784871700000002e-06,1.5563248999999997e-06,9.428351930000001e-07,6.412674540000001e-07,5.26787725e-07,4.39326656e-07,3.63771796e-07,3.13264522e-07,7.19119883e-07,1.7146947500000001e-07,2.5107730300000004e-06,86.04625689999999,48.22310420000001,3.1604355800000003e-10,9.2092366,0.00137766499,0.09180344160000001,2.63320165e-06,4.5724507300000007e-07,0.0013675878399999996,0.090349061,2.63320165e-06,4.5724507300000007e-07,0.0008431621470000001,0.0356833408,2.63320165e-06,4.5724507300000007e-07,0.0012816932399999999,0.0794371055,2.63320165e-06,4.5724507300000007e-07,2.4462549924850463
113,1678564200,1.86273341e-05,1.8627340099999998e-05,-0.00713494739,0.0033202792600000005,0.016932265600000003,0.0034422938299999996,0.007112773460000001,0.0055190861400000015,1.2711939399999998e-06,1.1718545899999999e-05,5.222028010000001,13.8,1.0692997800000001e-06,1.5165410200000002e-06,9.64659305e-07,6.84265825e-07,5.292101080000001e-07,4.44482217e-07,3.8362368400000007e-07,3.2162919200000004e-07,7.12415275e-07,1.7366898699999997e-07,2.51383652e-06,86.02433060000001,48.205241900000004,3.1820076899999997e-10,9.2084223,0.0014036224099999999,0.0952598375,2.5816194299999995e-06,4.616042110000001e-07,0.0013553263,0.08983781160000001,2.5816194299999995e-06,4.616042110000001e-07,0.000839570112,0.0351205679,2.5816194299999995e-06,4.616042110000001e-07,0.00126466292,0.0781385456,2.5816194299999995e-06,4.616042110000001e-07,2.4462193965911867
113,1678564800,1.8633466199999997e-05,1.86334683e-05,-0.001455889502,0.0021932365200000004,0.0180662164,0.0034420589000000003,0.0071222447,0.00553399842,1.2757442899999999e-06,1.16554637e-05,5.075174810000001,14.0,1.09034263e-06,1.5723892599999998e-06,9.575607310000001e-07,6.47967807e-07,5.14847533e-07,4.4849457400000004e-07,3.71253919e-07,3.15533794e-07,7.094117059999999e-07,1.71679081e-07,2.51719984e-06,86.039953,48.054635000000005,3.18953929e-10,9.207676750000001,0.00137783585,0.092220832,2.71875386e-06,4.789435990000001e-07,0.00136901878,0.0905579831,2.71875386e-06,4.789435990000001e-07,0.0008491679549999999,0.035659445,2.71875386e-06,4.789435990000001e-07,0.0012867025400000003,0.0808532128,2.71875386e-06,4.789435990000001e-07,2.4462888479232787
113,1678565400,1.8439926500000002e-05,1.84399331e-05,0.013737435619999998,-0.022471459999999995,0.0176968857,0.00342868723,0.00707705082,0.005506993479999999,1.28188569e-06,1.13988326e-05,4.91958027,14.4,1.08270643e-06,1.4681036899999998e-06,9.518966760000001e-07,6.647618349999999e-07,5.377561300000001e-07,4.32004102e-07,3.5995690699999995e-07,3.2821126500000003e-07,7.135607069999999e-07,1.69168958e-07,2.51180846e-06,86.00511559999998,48.376336300000006,3.13557045e-10,9.20983415,0.0013892808799999999,0.093545416,2.3493732699999997e-06,4.1685644599999996e-07,0.00135277749,0.08868945399999999,2.3493732699999997e-06,4.1685644599999996e-07,0.0008414815679999999,0.0345407682,2.3493732699999997e-06,4.1685644599999996e-07,0.00126106128,0.07795822360000002,2.3493732699999997e-06,4.1685644599999996e-07,2.4461750030517577
113,1678566000,1.8561738900000004e-05,1.85617435e-05,0.004303431000000002,0.002378321000000002,0.0173136666,0.0034368491899999997,0.00709694175,0.00552811776,1.26855705e-06,1.16457892e-05,5.16258743,14.3,1.0735645799999998e-06,1.49837029e-06,9.68193984e-07,6.768012800000001e-07,5.314675789999999e-07,4.41077097e-07,3.66112681e-07,3.22155891e-07,7.127900359999999e-07,1.71001876e-07,2.5192578100000002e-06,85.97937809999999,48.2264964,3.16291715e-10,9.209997150000001,0.0013960448800000003,0.09421925989999999,2.74528689e-06,4.5666080800000003e-07,0.0013632537300000002,0.0900744205,2.74528689e-06,4.5666080800000003e-07,0.0008285490349999999,0.0341844547,2.74528689e-06,4.5666080800000003e-07,0.00127542166,0.07859346199999999,2.74528689e-06,4.5666080800000003e-07,2.446198081970215
113,1678566600,1.85102249e-05,1.8510231600000002e-05,-0.00400587973,-0.0088553711,0.016960372699999997,0.00343547191,0.007080667779999999,0.00551065629,1.1959498899999998e-06,1.1068105150000001e-05,5.015734220000001,13.6,1.03330743e-06,1.51384866e-06,9.532337e-07,6.8314029e-07,5.219133699999999e-07,4.2183368999999995e-07,3.71029336e-07,3.3201083899999994e-07,7.04741124e-07,1.72849041e-07,2.5471490999999995e-06,86.0938889,48.6520521,3.1297931300000005e-10,9.2121447,0.00139081073,0.093339474,2.7412860899999996e-06,4.38793036e-07,0.0013727708700000001,0.09100950199999999,2.7412860899999996e-06,4.38793036e-07,0.0008223478999999998,0.033292498499999996,2.7412860899999996e-06,4.38793036e-07,0.00125709157,0.0764862025,2.7412860899999996e-06,4.38793036e-07,2.4462103605270387
113,1678567200,1.8489502999999998e-05,1.8489509000000004e-05,0.0072006332499999996,-0.014359081180000002,0.017378403999999997,0.00343236034,0.00707725555,0.005512433949999999,1.25963794e-06,1.1431766099999998e-05,5.068181839999999,14.6,1.12173336e-06,1.4635317699999999e-06,9.52407136e-07,6.753659799999999e-07,5.20084859e-07,4.1819874199999996e-07,3.7567402e-07,3.16555972e-07,7.16235885e-07,1.70017057e-07,2.51493134e-06,86.0774591,48.3124071,3.1474922299999994e-10,9.20989195,0.00137550588,0.0918391015,2.5631407e-06,4.74230408e-07,0.00136387611,0.0901386593,2.5631407e-06,4.74230408e-07,0.000862676448,0.036980167800000005,2.5631407e-06,4.74230408e-07,0.0012585825,0.0768731273,2.5631407e-06,4.74230408e-07,2.446262001991272
113,1678567800,1.8509075100000002e-05,1.85090815e-05,0.001005543715,0.01018189538,0.0179395063,0.00343349197,0.00706027576,0.00551194789,1.27174386e-06,1.1166278500000001e-05,5.09615384,13.4,1.116845e-06,1.46412896e-06,9.48271014e-07,6.70075489e-07,5.052421419999999e-07,4.2975232399999995e-07,3.8489825999999995e-07,3.21778513e-07,7.18540893e-07,1.7423294499999998e-07,2.52074208e-06,86.0384589,48.3988612,3.14605977e-10,9.21060465,0.00138235445,0.092375737,2.90713653e-06,5.033119169999999e-07,0.00133049663,0.08632604499999999,2.90713653e-06,5.033119169999999e-07,0.000877499101,0.038112909599999995,2.90713653e-06,5.033119169999999e-07,0.00125795285,0.07740142759999999,2.90713653e-06,5.033119169999999e-07,2.4462183475494386
113,1678568400,1.84235631e-05,1.84235667e-05,0.00499568066,-0.008325131070000002,0.017255966200000004,0.00342605354,0.007081388230000001,0.0055099522,1.2293172999999999e-06,1.142140615e-05,4.85839171,13.4,1.11770693e-06,1.4675680000000003e-06,9.138878789999999e-07,6.679870659999999e-07,5.20764076e-07,4.29976123e-07,3.7282312400000003e-07,3.18358675e-07,6.96474427e-07,1.70625317e-07,2.5355033700000003e-06,86.31903980000001,48.6060545,3.1330136499999997e-10,9.210938500000001,0.00137271803,0.0916392359,2.3919570800000003e-06,4.4619005300000003e-07,0.0013382232799999997,0.08695664210000001,2.3919570800000003e-06,4.4619005300000003e-07,0.000871914503,0.0368608794,2.3919570800000003e-06,4.4619005300000003e-07,0.00126183182,0.07731319639999999,2.3919570800000003e-06,4.4619005300000003e-07,2.4461755752563477
113,1678569000,1.8715106800000002e-05,1.8715110300000002e-05,0.007036494770000001,-0.0082585403,0.0175946748,0.00345225694,0.007132150649999999,0.00555643253,1.22578099e-06,1.16818504e-05,5.11538462,13.6,1.0820816099999998e-06,1.5098261199999998e-06,9.71273224e-07,6.91201879e-07,5.450142760000001e-07,4.4752097699999997e-07,3.70722973e-07,3.20338753e-07,7.243384249999999e-07,1.72468229e-07,2.52274479e-06,85.92024090000001,48.1263054,3.1943613999999995e-10,9.2082174,0.0013958881000000001,0.094402134,2.49639698e-06,4.56529035e-07,0.00137519043,0.092228625,2.49639698e-06,4.56529035e-07,0.000839690738,0.0351806379,2.49639698e-06,4.56529035e-07,0.00127220621,0.0783570554,2.49639698e-06,4.56529035e-07,2.446134614944458
113,1678569600,1.85019085e-05,1.8501913e-05,0.0017273056700000005,0.023257769480000003,0.0173412489,0.0034279728299999998,0.00708734492,0.005508154910000001,1.2542731e-06,1.203168795e-05,5.09965038,14.1,1.0921900030000002e-06,1.51826587e-06,9.26519135e-07,6.80210604e-07,5.18388773e-07,4.29287784e-07,3.78610336e-07,3.22416524e-07,7.021503040000001e-07,1.74563702e-07,2.50829156e-06,86.0723604,48.247510899999995,3.1572173099999997e-10,9.20845965,0.00138149372,0.0927849434,2.5341687400000003e-06,4.338757559999999e-07,0.0013445806000000002,0.0881570075,2.5341687400000003e-06,4.338757559999999e-07,0.0008507022700000001,0.0353582753,2.5341687400000003e-06,4.338757559999999e-07,0.0012797362400000002,0.07985310809999999,2.5341687400000003e-06,4.338757559999999e-07,2.446230912208557
113,1678570200,1.87252285e-05,1.8725230599999997e-05,-0.0008585806530000012,-0.004722981700000001,0.0177323728,0.0034510122,0.007127990310000001,0.005543555319999999,1.33712321e-06,1.26016225e-05,5.270978919999999,15.4,1.16638555e-06,1.49797724e-06,9.437676319999999e-07,6.832429229999999e-07,5.075410040000001e-07,4.4419413700000003e-07,3.7523716100000004e-07,3.31320748e-07,7.180162289999999e-07,1.67009499e-07,2.5278854e-06,85.82330950000001,47.8996395,3.20810482e-10,9.2066602,0.0013814562699999999,0.0922291411,2.68996972e-06,4.775648689999999e-07,0.0013577168,0.0897064211,2.68996972e-06,4.775648689999999e-07,0.000860707498,0.0363451468,2.68996972e-06,4.775648689999999e-07,0.00129882369,0.0830266414,2.68996972e-06,4.775648689999999e-07,2.4462485551834106
113,1678570800,1.8708908199999998e-05,1.87089122e-05,0.0032617400000000017,0.0249892856,0.017828407499999997,0.0034480483000000005,0.007108075730000001,0.0055430605,1.26202333e-06,1.176066855e-05,5.155594370000001,14.4,1.1122837e-06,1.5634144900000002e-06,9.271933940000001e-07,6.71391775e-07,5.473371869999999e-07,4.4088753299999997e-07,3.7398808800000003e-07,3.19003489e-07,7.131832310000001e-07,1.7148532100000003e-07,2.5142670899999996e-06,85.874966,47.8840284,3.2097890899999997e-10,9.20712735,0.0013918798399999998,0.0938295411,2.7908708799999992e-06,4.96003773e-07,0.00136249906,0.09040048889999999,2.7908708799999992e-06,4.96003773e-07,0.000864617567,0.0373264963,2.7908708799999992e-06,4.96003773e-07,0.0012842193600000002,0.07981890859999999,2.7908708799999992e-06,4.96003773e-07,2.4463150262832642
113,1678571400,1.85299139e-05,1.85299173e-05,-0.008313061750000001,-0.0022071579,0.0173255309,0.0034332603,0.00707955886,0.005508436120000001,1.25404405e-06,1.1389092550000001e-05,5.1695804899999995,14.1,1.1349999699999998e-06,1.49889424e-06,9.275753989999999e-07,6.64947217e-07,5.19808742e-07,4.2973249099999995e-07,3.7496821699999997e-07,3.16210945e-07,7.105350420000001e-07,1.70255538e-07,2.51702079e-06,86.07253890000001,48.1867083,3.16902165e-10,9.208168699999998,0.0013711546499999999,0.0912920824,2.51475671e-06,4.46477816e-07,0.0013649626699999999,0.0909578701,2.51475671e-06,4.46477816e-07,0.000848778535,0.0354541959,2.51475671e-06,4.46477816e-07,0.00128334481,0.0800825824,2.51475671e-06,4.46477816e-07,2.4461992740631104
113,1678572000,1.8488945999999998e-05,1.8488956100000003e-05,-0.007133098510000001,0.004527127780000003,0.017531512000000003,0.00342877183,0.007081483309999999,0.00551399986,1.25771198e-06,1.1752738350000001e-05,4.9545454499999995,15.4,1.034598803e-06,1.5107129e-06,9.438052369999999e-07,6.90049901e-07,5.376610920000001e-07,4.32779204e-07,3.71710279e-07,3.1813354600000006e-07,7.09215943e-07,1.66179125e-07,2.52960545e-06,86.0780895,48.436220399999996,3.1454873399999997e-10,9.210284549999999,0.0013955828,0.09459755449999999,2.39520354e-06,4.10809322e-07,0.0013573095200000002,0.089619129,2.39520354e-06,4.10809322e-07,0.0008013663270000001,0.0317861615,2.39520354e-06,4.10809322e-07,0.0012759706500000002,0.07819824919999999,2.39520354e-06,4.10809322e-07,2.446342658996582
113,1678572600,1.86992504e-05,1.8699253399999997e-05,0.0007559834800000005,-0.00235579714,0.017766533299999998,0.00345111549,0.007106304340000001,0.00552978354,1.29511698e-06,1.179856575e-05,5.293706360000001,15.3,1.0964607700000002e-06,1.52035945e-06,9.57395038e-07,6.721351e-07,5.386971890000001e-07,4.5004738300000007e-07,3.69700444e-07,3.23086926e-07,7.313457340000001e-07,1.6747046e-07,2.52289076e-06,85.84311420000002,48.0605497,3.19707989e-10,9.2077213,0.00139891647,0.094946291,2.5445826100000004e-06,4.5505774900000004e-07,0.0013651331399999998,0.090324863,2.5445826100000004e-06,4.5505774900000004e-07,0.0008395801290000001,0.0354210845,2.5445826100000004e-06,4.5505774900000004e-07,0.00127625488,0.0789799405,2.5445826100000004e-06,4.5505774900000004e-07,2.446209263801575
113,1678573200,1.8505164600000005e-05,1.85051671e-05,-0.00243254447,2.036757000000097e-05,0.0177889287,0.0034319593099999997,0.007065554079999999,0.00550851693,1.23872392e-06,1.142821615e-05,4.87587413,14.1,1.06177842e-06,1.5079465900000002e-06,9.35096095e-07,6.76159722e-07,5.35344622e-07,4.4447772699999993e-07,3.6799280699999997e-07,3.17262045e-07,7.12899781e-07,1.7288339100000002e-07,2.52067855e-06,86.017122,48.39431689999999,3.1440806e-10,9.2099024,0.00138924109,0.0937201977,2.50510191e-06,4.2900711000000005e-07,0.0013638307699999999,0.0897687987,2.50510191e-06,4.2900711000000005e-07,0.000818246163,0.03313754,2.50510191e-06,4.2900711000000005e-07,0.001271252,0.0786465055,2.50510191e-06,4.2900711000000005e-07,2.4461469650268555
113,1678573800,1.86029338e-05,1.86029415e-05,-0.003691782600000001,0.011854144559999998,0.017627415299999998,0.0034409214600000003,0.00708678643,0.00552196872,1.35037991e-06,1.26290412e-05,5.0979021300000005,13.9,1.0679156159999999e-06,1.50794895e-06,9.431023570000001e-07,6.783059480000001e-07,5.323333700000001e-07,4.28738871e-07,3.84888515e-07,3.2588714700000004e-07,7.236050620000001e-07,1.71377329e-07,2.53732375e-06,85.96965909999999,48.387373999999994,3.1656665000000004e-10,9.209469399999998,0.0013921864999999999,0.09415667850000001,2.69732853e-06,4.6479893400000003e-07,0.0013626494799999999,0.0896899307,2.69732853e-06,4.6479893400000003e-07,0.0008447101000000001,0.0353135005,2.69732853e-06,4.6479893400000003e-07,0.0012596702099999999,0.07723768539999999,2.69732853e-06,4.6479893400000003e-07,2.4462390899658204
113,1678574400,1.86628259e-05,1.8662828200000003e-05,0.0030163209299999996,0.00728715546,0.018558514899999996,0.00344735136,0.0070972911,0.0055360433399999995,1.21996458e-06,1.116734485e-05,5.120629339999999,14.1,1.07248855e-06,1.53614154e-06,9.59645787e-07,6.742000200000001e-07,5.524808919999999e-07,4.3175606699999997e-07,3.68902848e-07,3.3036017e-07,7.13401766e-07,1.70100497e-07,2.52191593e-06,85.99601949999999,48.1169678,3.19518169e-10,9.2084433,0.0013980084700000001,0.09441891040000001,2.5406830399999995e-06,4.3689057199999995e-07,0.00137004518,0.09117850460000002,2.5406830399999995e-06,4.3689057199999995e-07,0.00082807119,0.0340589719,2.5406830399999995e-06,4.3689057199999995e-07,0.00128743798,0.0796757516,2.5406830399999995e-06,4.3689057199999995e-07,2.446302080154419
113,1678575000,1.91739446e-05,1.9173949499999998e-05,-0.006166721499999999,0.24602798265999995,0.019315376699999994,0.00346923638,0.0071319313999999995,0.00556447076,2.0437165599999995e-06,1.73765656e-05,5.655594380000001,23.5,1.0772122e-06,1.51009981e-06,1.04885294e-06,7.81813004e-07,5.40129745e-07,4.6351143500000007e-07,3.9226604300000005e-07,3.3869825e-07,7.4796037e-07,1.72609312e-07,2.5138049800000002e-06,85.435339,47.578101600000004,3.3108812200000003e-10,9.2040023,0.0014010043499999999,0.1009056495,2.89405712e-06,4.7617170099999993e-07,0.00138838455,0.09502501119999998,2.89405712e-06,4.7617170099999993e-07,0.000852337133,0.0357868244,2.89405712e-06,4.7617170099999993e-07,0.0012620132399999999,0.077986336,2.89405712e-06,4.7617170099999993e-07,2.4462223052978516
113,1678575600,1.8683983899999997e-05,1.8683988099999998e-05,-0.00939507862,-0.0191443941,0.0171730783,0.00345119829,0.00707823984,0.00552853092,1.2865247600000001e-06,1.147149805e-05,5.155594389999999,14.6,1.11813299e-06,1.5648194e-06,9.622902940000002e-07,6.70532616e-07,5.20682082e-07,4.23073874e-07,3.6792420099999997e-07,3.18771646e-07,7.04118147e-07,1.6942311699999997e-07,2.52221695e-06,85.9270224,47.867946,3.20527918e-10,9.20702845,0.0013780922500000001,0.0919772881,2.55070115e-06,4.37313662e-07,0.0013798579200000002,0.0925731934,2.55070115e-06,4.37313662e-07,0.000842473752,0.0351529494,2.55070115e-06,4.37313662e-07,0.0012978846900000003,0.08180708639999998,2.55070115e-06,4.37313662e-07,2.4462559461593627
113,1678576200,1.86765795e-05,1.86765816e-05,-0.0021838731300000006,0.0127379942,0.017669286399999998,0.00344725594,0.00708124453,0.00552764951,1.26882667e-06,1.1687202499999999e-05,5.260489440000001,14.1,1.074170395e-06,1.5168561199999999e-06,9.57863818e-07,6.981198840000001e-07,5.391722700000001e-07,4.4292422600000003e-07,3.81437301e-07,3.19450412e-07,7.228263719999999e-07,1.71703524e-07,2.51371452e-06,85.8283046,48.041341700000004,3.19581642e-10,9.206941500000001,0.00139912626,0.0952572737,2.86328598e-06,4.89044434e-07,0.0013676483499999999,0.0902870837,2.86328598e-06,4.89044434e-07,0.000837322687,0.0354638784,2.86328598e-06,4.89044434e-07,0.0012798671500000001,0.07919023770000001,2.86328598e-06,4.89044434e-07,2.4461859703063964
113,1678576800,1.8855378200000002e-05,1.88553806e-05,0.00823039054,-0.011724993620000002,0.018250768700000003,0.0034650686999999998,0.007164920480000001,0.0055890605,1.29250122e-06,1.1873874e-05,5.2657342400000005,14.0,1.0863242299999999e-06,1.63286761e-06,9.471530830000002e-07,6.922312059999999e-07,5.505089880000001e-07,4.44374274e-07,3.81862477e-07,3.2924893900000003e-07,6.955440280000001e-07,1.7069374599999998e-07,2.4968456600000004e-06,85.70089549999999,47.474955800000004,3.2440053500000004e-10,9.206050600000001,0.00141636139,0.09731940940000001,2.5290334000000003e-06,4.492966209999999e-07,0.00138367106,0.0928193288,2.5290334000000003e-06,4.492966209999999e-07,0.000849847722,0.03577338880000001,2.5290334000000003e-06,4.492966209999999e-07,0.0012940914600000001,0.0814487731,2.5290334000000003e-06,4.492966209999999e-07,2.4462544679641725
113,1678577400,1.89192341e-05,1.89192397e-05,0.0023380784999999992,0.010498992459999999,0.0174665673,0.0034678774700000006,0.007166160159999999,0.0055735733400000004,1.36226289e-06,1.286057805e-05,5.41783214,15.6,1.1094611499999998e-06,1.5408668199999996e-06,9.748466890000002e-07,6.941484659999999e-07,5.39601243e-07,4.56624945e-07,3.82486792e-07,3.23610711e-07,7.359179520000001e-07,1.7153924799999998e-07,2.5304685600000005e-06,85.6198185,47.809792300000005,3.2452699999999994e-10,9.205999100000001,0.0014106893300000001,0.09672954210000001,2.92793036e-06,4.82242047e-07,0.00137861933,0.0920361436,2.92793036e-06,4.82242047e-07,0.0008421799929999999,0.035786804199999994,2.92793036e-06,4.82242047e-07,0.00127470624,0.07950282050000002,2.92793036e-06,4.82242047e-07,2.446237015724182
113,1678578000,1.8716609999999997e-05,1.87166148e-05,0.01069528274,-0.016626841,0.0174745894,0.00345196918,0.00714509392,0.005557046479999999,1.27356228e-06,1.14296386e-05,5.00699305,14.1,1.09360422e-06,1.50746122e-06,9.905386469999998e-07,6.829360119999999e-07,5.22289358e-07,4.38673441e-07,3.73442813e-07,3.24296241e-07,7.19412543e-07,1.71376519e-07,2.53425137e-06,85.9663515,48.1748032,3.19855199e-10,9.2072003,0.00139631688,0.094569371,2.8253151e-06,4.91594657e-07,0.00138522959,0.09307160490000001,2.8253151e-06,4.91594657e-07,0.0008545764899999999,0.0363623136,2.8253151e-06,4.91594657e-07,0.00125218767,0.0759422055,2.8253151e-06,4.91594657e-07,2.446248245239258
113,1678578600,1.98675713e-05,1.9867580799999997e-05,-0.005320395300000001,0.9166712610000001,0.021849527799999997,0.00350180129,0.00719835647,0.0055766324999999995,2.79542942e-06,2.405271415e-05,5.8618879999999995,22.5,1.0895756200000002e-06,1.5259846399999998e-06,1.014050737e-06,8.825978039999999e-07,6.87990544e-07,4.999789149999999e-07,4.08391098e-07,3.3196788899999994e-07,7.948627949999999e-07,1.7213961700000002e-07,2.52619269e-06,84.90622619999999,47.099591700000005,3.48625826e-10,9.197814,0.0014361320599999999,0.11459419050000001,2.3781922300000003e-06,4.47705031e-07,0.0013981667700000001,0.0965581831,2.3781922300000003e-06,4.47705031e-07,0.0008389323959999999,0.035135092,2.3781922300000003e-06,4.47705031e-07,0.0012719360600000002,0.07941475560000001,2.3781922300000003e-06,4.47705031e-07,2.446273159980774
113,1678579200,1.96012792e-05,1.9601282000000002e-05,0.0039548478,0.38953515573999997,0.0207623316,0.0035044747099999994,0.007196988329999999,0.00558781214,2.44080182e-06,2.1412866699999998e-05,5.8653846000000005,22.7,1.09878883e-06,1.55664195e-06,9.91459346e-07,8.387768679999999e-07,5.98016947e-07,4.779088410000001e-07,4.0542139100000006e-07,3.53541876e-07,7.701053740000001e-07,1.6988813499999998e-07,2.54005699e-06,85.30215760000002,47.38827959999999,3.39887632e-10,9.201733299999997,0.00143067711,0.10657204149999999,2.8344170200000002e-06,4.6824335799999997e-07,0.00138666109,0.09450820559999999,2.8344170200000002e-06,4.6824335799999997e-07,0.0008451468179999999,0.035423781700000004,2.8344170200000002e-06,4.6824335799999997e-07,0.00128503548,0.0810589031,2.8344170200000002e-06,4.6824335799999997e-07,2.4462588310241697
113,1678579800,1.86685555e-05,1.86685577e-05,0.00661775653,0.004660714250000001,0.0179260527,0.0034469303299999995,0.00713662566,0.00554226123,1.2974918700000002e-06,1.18352824e-05,5.01573428,14.0,1.12838574e-06,1.50773494e-06,9.54253493e-07,6.931081739999999e-07,5.40659695e-07,4.2834354800000004e-07,3.7059605600000004e-07,3.1797371e-07,7.041922310000001e-07,1.68757468e-07,2.52021069e-06,85.92526539999999,47.9498108,3.1984680300000003e-10,9.20734845,0.00139201776,0.09411894800000001,2.5840474e-06,4.6177559600000006e-07,0.00136821107,0.0911219286,2.5840474e-06,4.6177559600000006e-07,0.0008561718590000001,0.0360670372,2.5840474e-06,4.6177559600000006e-07,0.0012733163000000001,0.0796753745,2.5840474e-06,4.6177559600000006e-07,2.4462918996810914
113,1678580400,1.98252979e-05,1.9825303400000003e-05,4.039349999999946e-05,0.10295009660000001,0.020847009500000003,0.00354373064,0.00729574048,0.0056887751499999995,1.9194334000000002e-06,1.853470575e-05,6.1328670899999995,26.1,1.1554750700000002e-06,1.5664227199999998e-06,9.74773518e-07,8.889877230000001e-07,6.4102038e-07,4.96648012e-07,3.92795523e-07,3.55388848e-07,7.378544770000001e-07,1.71369086e-07,2.5318877299999996e-06,84.8100686,46.552233400000006,3.46199015e-10,9.1962998,0.0014866009400000002,0.1106723945,2.84205672e-06,4.68550788e-07,0.0014075777,0.09607039580000001,2.84205672e-06,4.68550788e-07,0.000864806102,0.0372451793,2.84205672e-06,4.68550788e-07,0.00130960731,0.0829179345,2.84205672e-06,4.68550788e-07,2.4461630821228026
113,1678581000,1.95264527e-05,1.9526457299999997e-05,0.0068720462799999995,0.17555461601000005,0.0195401822,0.0035087156600000003,0.007239182050000001,0.0056295558999999995,1.7853384899999997e-06,1.53925849e-05,5.91783209,21.6,1.07402659e-06,1.5928154199999998e-06,1.038758723e-06,7.709611940000001e-07,6.09720886e-07,4.80288082e-07,3.87417559e-07,3.34244955e-07,7.49480039e-07,1.75493413e-07,2.5499784400000003e-06,85.1414804,47.2421649,3.37909423e-10,9.20177685,0.00144860708,0.1035831964,2.62938616e-06,4.459318830000001e-07,0.00139414263,0.096986239,2.62938616e-06,4.459318830000001e-07,0.00085019567,0.035574569800000004,2.62938616e-06,4.459318830000001e-07,0.0012986318800000001,0.08182023320000001,2.62938616e-06,4.459318830000001e-07,2.4462422370910644
113,1678581600,2.1187193800000003e-05,2.1187197e-05,-0.01483702668,1.4944179732000002,0.025388790099999996,0.0035831439800000004,0.00737560795,0.00569358404,4.68045368e-06,4.3816209299999995e-05,7.041957859999999,46.0,1.06497732e-06,1.5347897400000002e-06,1.1133978959999998e-06,1.2634959879999997e-06,6.88502168e-07,5.04209383e-07,4.16313625e-07,3.8333418900000003e-07,8.45965024e-07,1.72355396e-07,2.6062393e-06,83.99846899999999,46.0618167,3.78180128e-10,9.1877022,0.00150461461,0.1330669069,2.5976554299999996e-06,4.65081823e-07,0.00142950326,0.10625213050000001,2.5976554299999996e-06,4.65081823e-07,0.0008304380800000001,0.0342552275,2.5976554299999996e-06,4.65081823e-07,0.00127992613,0.0802948921,2.5976554299999996e-06,4.65081823e-07,2.4462809324264527
113,1678582200,1.91729149e-05,1.91729172e-05,-0.0020429819099999995,0.016058704034,0.0184328794,0.00349395657,0.0071969212,0.00560101258,1.39536877e-06,1.25505524e-05,5.569929999999999,15.9,1.10054998e-06,1.5792570100000002e-06,9.958383399999998e-07,7.32780077e-07,5.715945310000001e-07,4.73348404e-07,3.83572556e-07,3.33933333e-07,7.22639445e-07,1.71686812e-07,2.52123731e-06,85.4315069,47.3185284,3.31043429e-10,9.2026072,0.00143499251,0.10024918949999999,3.0770863999999995e-06,4.88977494e-07,0.00139669053,0.0954288371,3.0770863999999995e-06,4.88977494e-07,0.000846088674,0.035723022800000004,3.0770863999999995e-06,4.88977494e-07,0.00129501127,0.0809826625,3.0770863999999995e-06,4.88977494e-07,2.4461918830871583
113,1678582800,2.0019542599999998e-05,2.0019545399999996e-05,0.015966432422,0.33204832415999996,0.0200386796,0.0035361464099999997,0.00726302107,0.0056577819299999995,2.447839e-06,2.1872329499999998e-05,6.30594394,28.1,1.13069123e-06,1.5102609799999999e-06,1.04787798e-06,9.81875391e-07,6.06869061e-07,4.92338769e-07,4.08871026e-07,3.46708078e-07,7.784029320000001e-07,1.68849973e-07,2.5369974899999996e-06,84.973798,46.876087399999996,3.5200138199999996e-10,9.1964253,0.00146568516,0.11375072359999998,2.85350178e-06,4.70166175e-07,0.00141236978,0.09977206340000001,2.85350178e-06,4.70166175e-07,0.00085243132,0.0358338316,2.85350178e-06,4.70166175e-07,0.00128081357,0.0797102975,2.85350178e-06,4.70166175e-07,2.4462461948394774
113,1678583400,2.01038317e-05,2.0103840500000003e-05,-0.0008322893299999995,0.641697680244,0.021375500700000005,0.00353782346,0.00727879691,0.00564870222,2.9905568099999996e-06,2.6576749450000002e-05,6.37237755,29.9,1.08812446e-06,1.5750044e-06,1.0480564e-06,1.0085339220000002e-06,6.26131689e-07,4.92007021e-07,4.03965715e-07,3.31439924e-07,7.61018932e-07,1.7117135199999997e-07,2.54644191e-06,84.628292,46.4756146,3.53507319e-10,9.195698250000001,0.00146691635,0.1168062899,2.83361585e-06,4.734416650000001e-07,0.0014175032899999998,0.09962514289999999,2.83361585e-06,4.734416650000001e-07,0.000841584188,0.0354228658,2.83361585e-06,4.734416650000001e-07,0.00129708107,0.08210633040000001,2.83361585e-06,4.734416650000001e-07,2.446252131462097
113,1678584000,1.88722657e-05,1.8872268999999997e-05,-0.010986683994000001,-0.008096204799999998,0.017419228499999998,0.00346703685,0.0071141741299999995,0.00556410946,1.33529465e-06,1.18692982e-05,5.2534965,15.0,1.043144458e-06,1.55819496e-06,9.953384839999999e-07,6.746567009999999e-07,5.53784501e-07,4.5624539799999995e-07,3.8886471000000004e-07,3.3911157e-07,7.21159504e-07,1.7289876e-07,2.53267986e-06,85.762715,48.0056108,3.22692768e-10,9.2069108,0.00141083337,0.0966816384,2.95253186e-06,4.5611199e-07,0.00138174626,0.0924030027,2.95253186e-06,4.5611199e-07,0.000816196745,0.0330853807,2.95253186e-06,4.5611199e-07,0.0012838339699999999,0.08086621050000001,2.95253186e-06,4.5611199e-07,2.446251726150513
113,1678584600,1.88037329e-05,1.88037374e-05,-0.00222630791,-0.0108630717,0.0178540578,0.00346070354,0.00713106688,0.0055510191099999995,1.2914734700000002e-06,1.19153371e-05,5.15559428,15.5,1.1366321730000002e-06,1.5414819199999998e-06,9.420187629999998e-07,6.82928821e-07,5.58933203e-07,4.4664771499999996e-07,3.8232222300000007e-07,3.1805659399999996e-07,7.14004611e-07,1.70219458e-07,2.5085781200000003e-06,85.767052,47.7196166,3.23112565e-10,9.205478150000001,0.00140204937,0.095620843,2.82883002e-06,4.73515897e-07,0.0013549199800000002,0.0892085206,2.82883002e-06,4.73515897e-07,0.000863033403,0.036615985499999996,2.82883002e-06,4.73515897e-07,0.00130086999,0.0826074795,2.82883002e-06,4.73515897e-07,2.4462223768234255
113,1678585200,2.0348132299999998e-05,2.03481358e-05,0.004038221900000001,0.60864038555,0.0243875383,0.00354631225,0.00729950056,0.0056532842799999995,3.2683889299999998e-06,2.69740516e-05,6.4405594,38.9,1.0141834060000001e-06,1.5347766999999999e-06,1.1217806700000002e-06,1.085249901e-06,6.525689980000001e-07,4.856223789999999e-07,4.154699640000001e-07,3.5415859700000004e-07,7.930964610000001e-07,1.69999897e-07,2.5471358e-06,84.3748789,46.5200811,3.5884668400000003e-10,9.192396299999999,0.0014956045600000001,0.12152981539999999,2.51172285e-06,4.25608961e-07,0.00142520267,0.10384796250000002,2.51172285e-06,4.25608961e-07,0.000818009148,0.0331542929,2.51172285e-06,4.25608961e-07,0.00126711043,0.078538094,2.51172285e-06,4.25608961e-07,2.4462358713150025
113,1678585800,1.9722265899999998e-05,1.97222688e-05,0.006807078400000001,0.23276956810000002,0.020634100500000002,0.00352266552,0.00727662647,0.005631956540000001,2.13276494e-06,1.8765758749999998e-05,6.166083960000001,26.3,1.10656927e-06,1.5366428100000001e-06,1.0465165480000002e-06,8.749628810000001e-07,5.99752585e-07,4.778349219999999e-07,4.1047666799999994e-07,3.34440105e-07,7.682762899999999e-07,1.6963366799999998e-07,2.5359848699999995e-06,84.89444209999999,46.841612399999995,3.4343484700000004e-10,9.198199500000001,0.00146163058,0.10791962349999999,2.7890823e-06,4.753802270000001e-07,0.00141015244,0.0987864914,2.7890823e-06,4.753802270000001e-07,0.0008472908139999999,0.0362290735,2.7890823e-06,4.753802270000001e-07,0.0012890304299999998,0.0804837695,2.7890823e-06,4.753802270000001e-07,2.4462554693222045
113,1678586400,2.0228276900000003e-05,2.02282821e-05,-0.00839311888,0.6959050749,0.023542919899999997,0.0035449956500000004,0.007285597100000001,0.00566494878,3.1803899e-06,3.2234794949999996e-05,6.279720210000001,33.7,1.071414787e-06,1.54089873e-06,1.050805189e-06,1.001029535e-06,6.67193132e-07,4.94184427e-07,4.14987701e-07,3.5743572099999994e-07,7.80784521e-07,1.7361487599999998e-07,2.56174232e-06,84.5314894,46.636769199999996,3.5401669600000004e-10,9.19447345,0.0014967164300000002,0.12051886399999998,2.79389852e-06,4.879671369999999e-07,0.00141156474,0.09948765559999999,2.79389852e-06,4.879671369999999e-07,0.000854387342,0.036229987899999996,2.79389852e-06,4.879671369999999e-07,0.0012643904400000002,0.0773110977,2.79389852e-06,4.879671369999999e-07,2.446174955368042
113,1678587000,1.9335723599999998e-05,1.93357337e-05,-0.01591367338,0.05010310185000001,0.0180633192,0.0034993177300000006,0.007203177870000001,0.00560277767,1.64422885e-06,1.4489168650000001e-05,5.847902029999999,19.7,1.08917732e-06,1.51456833e-06,1.031734946e-06,7.85052736e-07,6.035047210000001e-07,4.69194543e-07,3.9450626300000005e-07,3.4064947e-07,7.31988834e-07,1.70997452e-07,2.5364526499999997e-06,85.24559689999998,47.392730400000005,3.339651999999999e-10,9.2024032,0.00144350517,0.10479721630000001,2.8284291300000003e-06,4.63718005e-07,0.0013832775599999997,0.09323368200000001,2.8284291300000003e-06,4.63718005e-07,0.0008532990979999999,0.036004854399999994,2.8284291300000003e-06,4.63718005e-07,0.00127835386,0.07964594859999999,2.8284291300000003e-06,4.63718005e-07,2.4462054491043093
113,1678587600,1.92848161e-05,1.92848222e-05,0.0027362217599999996,0.024932874919999997,0.0181590123,0.00350002502,0.007223345460000001,0.0056201935000000005,1.44327422e-06,1.277040545e-05,5.690559430000001,17.5,1.08133182e-06,1.51731153e-06,1.0200109029999998e-06,7.588796379999999e-07,5.88545641e-07,4.63961165e-07,4.41220751e-07,3.3890435199999996e-07,7.226036349999999e-07,1.68251085e-07,2.54135958e-06,85.28946450000001,47.4321786,3.32524158e-10,9.2030135,0.00144892084,0.1028379227,2.9129356e-06,4.75216777e-07,0.0013849057900000002,0.0934228355,2.9129356e-06,4.75216777e-07,0.00085200578,0.0363611696,2.9129356e-06,4.75216777e-07,0.0012889065700000001,0.08065009299999999,2.9129356e-06,4.75216777e-07,2.446181392669678
113,1678588200,1.8733689100000005e-05,1.8733692500000003e-05,0.0009781192950000003,0.00529263824,0.0181326323,0.00345496689,0.00710402179,0.005536844220000001,1.3739156200000002e-06,1.280317375e-05,5.20629364,16.7,1.0461693450000001e-06,1.55049223e-06,9.369193239999999e-07,7.096060549999999e-07,5.490769669999999e-07,4.60625802e-07,3.6382569000000003e-07,3.20278141e-07,7.29499419e-07,1.71070048e-07,2.52926231e-06,85.832246,48.17896150000001,3.19345391e-10,9.20829175,0.00140635897,0.09645549150000002,3.01604143e-06,4.61681513e-07,0.0013611468399999998,0.090396102,3.01604143e-06,4.61681513e-07,0.000819213724,0.033910645,3.01604143e-06,4.61681513e-07,0.00128656777,0.0808673604,3.01604143e-06,4.61681513e-07,2.4461877822875975
113,1678588800,1.99945972e-05,1.9994599900000002e-05,-0.0011430316499999986,0.39491893881999995,0.0214210532,0.0035327652700000004,0.007246218170000001,0.00562963309,2.4373713299999997e-06,1.972068255e-05,6.30944056,24.4,1.10922715e-06,1.5197901199999998e-06,1.074471718e-06,9.5622055e-07,6.13260764e-07,4.9646787e-07,4.160794019999999e-07,3.4469401599999995e-07,7.61260016e-07,1.6950716500000003e-07,2.5362736200000006e-06,84.7621316,46.766656499999996,3.5068248899999995e-10,9.1965024,0.0014812771000000003,0.11610171890000001,2.59859492e-06,4.5451010300000007e-07,0.0014074534499999999,0.099268898,2.59859492e-06,4.5451010300000007e-07,0.000852805363,0.0360776492,2.59859492e-06,4.5451010300000007e-07,0.0012748040499999998,0.0788792664,2.59859492e-06,4.5451010300000007e-07,2.4462042331695555
113,1678589400,1.9414335100000002e-05,1.9414337699999997e-05,0.01165835803,0.10539296570000001,0.0183324395,0.0034997348900000004,0.00725130536,0.0056246115,1.75210852e-06,1.4523490349999999e-05,5.72552449,20.7,1.07624801e-06,1.5509092799999998e-06,1.0233116370000002e-06,8.1241867e-07,5.93591289e-07,4.646993470000001e-07,3.9016487699999995e-07,3.46590168e-07,7.306629120000001e-07,1.68280945e-07,2.55019231e-06,85.1721255,47.352166,3.35951057e-10,9.20087815,0.0014373244199999999,0.1043086455,2.1728710900000004e-06,4.2307052500000004e-07,0.00139859165,0.0966071157,2.1728710900000004e-06,4.2307052500000004e-07,0.000825541414,0.0336849074,2.1728710900000004e-06,4.2307052500000004e-07,0.00128158952,0.080227974,2.1728710900000004e-06,4.2307052500000004e-07,2.446195912361145
113,1678590000,1.89882993e-05,1.8988302000000005e-05,-0.0014607895599999996,0.04520561393999999,0.0183412996,0.00347357347,0.00714351008,0.0055670274300000004,1.5565071500000004e-06,1.484704035e-05,5.68706287,23.6,1.061574587e-06,1.55522591e-06,9.937653980000002e-07,7.50572714e-07,5.523372710000002e-07,4.49605672e-07,3.7659305900000004e-07,3.3334851e-07,7.25036325e-07,1.6964185100000002e-07,2.52643062e-06,85.41023630000001,47.6440831,3.2583292200000007e-10,9.203985,0.00140622603,0.09812287,2.68924968e-06,4.6478954000000005e-07,0.00138347686,0.09390976980000001,2.68924968e-06,4.6478954000000005e-07,0.000833071242,0.034605923600000005,2.68924968e-06,4.6478954000000005e-07,0.00128669574,0.08046202089999999,2.68924968e-06,4.6478954000000005e-07,2.4461505889892576
113,1678590600,1.86297045e-05,1.8629710600000006e-05,0.00051176934,0.017629325799999998,0.0176561708,0.00344137084,0.007112093439999999,0.0055484374,1.24279667e-06,1.1177270050000001e-05,5.2045454300000005,14.0,1.0579347500000001e-06,1.5453858099999998e-06,9.567651970000002e-07,6.9282956e-07,5.37147024e-07,4.3639579799999997e-07,3.77565652e-07,3.225352420000001e-07,7.04347725e-07,1.6849203400000002e-07,2.51542479e-06,85.8655785,48.020020599999995,3.1862426199999997e-10,9.2082516,0.00139900252,0.09494476100000002,2.70071073e-06,4.36928009e-07,0.00138335882,0.0927347849,2.70071073e-06,4.36928009e-07,0.000823138866,0.0335370371,2.70071073e-06,4.36928009e-07,0.0012727598,0.0787584516,2.70071073e-06,4.36928009e-07,2.4461546421051024
113,1678591200,1.8818384699999997e-05,1.8818389499999997e-05,-0.00815894375,-0.0014680390599999995,0.0184344224,0.0034614343099999994,0.0071243667400000005,0.005548706490000001,1.21809086e-06,1.1440527e-05,5.4685314300000005,14.9,1.09538823e-06,1.55558277e-06,9.57148089e-07,6.969445519999999e-07,5.49395275e-07,4.4000911300000005e-07,3.7413493600000004e-07,3.2724173000000004e-07,7.29774462e-07,1.68568025e-07,2.5149703e-06,85.64481810000001,47.7703961,3.2262354700000003e-10,9.20600255,0.0014059508999999999,0.09598260950000001,2.7471609099999996e-06,4.5832470599999996e-07,0.0013669028299999999,0.09050891940000001,2.7471609099999996e-06,4.5832470599999996e-07,0.0008423912759999999,0.035220007100000006,2.7471609099999996e-06,4.5832470599999996e-07,0.00129833207,0.0817948804,2.7471609099999996e-06,4.5832470599999996e-07,2.446137022972107
113,1678591800,1.87327107e-05,1.87327163e-05,-0.0025543202400000005,0.003022753938000001,0.0172283254,0.00345219495,0.007132401189999998,0.00553574176,1.2401484200000003e-06,1.1503633999999999e-05,5.12587414,15.4,1.096188884e-06,1.5560157900000001e-06,9.40216792e-07,6.755053439999999e-07,5.44428165e-07,4.317553799999999e-07,3.74544747e-07,3.26407718e-07,7.30960618e-07,1.68208758e-07,2.52210459e-06,85.96105809999999,48.0540666,3.21130272e-10,9.2064768,0.00138828478,0.09363739239999999,2.72425345e-06,4.55046827e-07,0.00137011922,0.09051454410000001,2.72425345e-06,4.55046827e-07,0.000846121537,0.0352221459,2.72425345e-06,4.55046827e-07,0.00128891209,0.081086603,2.72425345e-06,4.55046827e-07,2.446181631088257
113,1678592400,2.1850065800000003e-05,2.18500712e-05,0.016486837950000003,0.7462901399999999,0.026327816000000004,0.0036733261999999994,0.00757159978,0.00586408134,4.0188868399999995e-06,3.61119416e-05,8.18531457,44.2,1.15997125e-06,1.65965166e-06,1.22879665e-06,1.3524867619999998e-06,7.44953768e-07,5.11950827e-07,4.3579374100000003e-07,3.56966566e-07,7.624298429999999e-07,1.7416756000000002e-07,2.53779449e-06,83.2472751,44.2689046,3.979656e-10,9.1779023,0.0015835005399999998,0.1394985057,2.9204083800000004e-06,4.85000287e-07,0.00150702538,0.1157074145,2.9204083800000004e-06,4.85000287e-07,0.0008779478949999999,0.038048013900000004,2.9204083800000004e-06,4.85000287e-07,0.00133481326,0.08735885930000001,2.9204083800000004e-06,4.85000287e-07,2.446149444580078
113,1678593000,2.0018066499999996e-05,2.0018070599999998e-05,-0.005923697510000001,0.33286044919999996,0.021304647900000005,0.0035510442999999994,0.007330652249999998,0.00570177119,2.0158053400000006e-06,1.81026767e-05,6.41083928,28.9,1.230901716e-06,1.58911514e-06,1.042777323e-06,8.6515914e-07,6.38843665e-07,4.82727478e-07,3.9791639200000005e-07,3.34698142e-07,7.329306199999999e-07,1.7162347599999998e-07,2.5223207599999995e-06,84.6187116,46.04912950000001,3.5234173e-10,9.1943041,0.00146541504,0.1086348248,2.6850486700000003e-06,4.92299672e-07,0.00142663822,0.1004472775,2.6850486700000003e-06,4.92299672e-07,0.000902311747,0.040059162999999995,2.6850486700000003e-06,4.92299672e-07,0.00130778643,0.0846137143,2.6850486700000003e-06,4.92299672e-07,2.4462031602859495
113,1678593600,2.04827936e-05,2.04827964e-05,0.00308503558,0.7924765387500001,0.021855249900000002,0.0035612132199999993,0.0073113484500000004,0.00568373407,3.77891973e-06,3.4549417400000005e-05,6.6206294,38.9,1.094599093e-06,1.49313989e-06,1.101859184e-06,1.2259739629999999e-06,6.71168246e-07,4.81116719e-07,4.0979841e-07,3.42523377e-07,7.261637900000001e-07,1.71649619e-07,2.5233729999999997e-06,84.49114669999999,46.0438894,3.64859365e-10,9.1901172,0.0015254778499999998,0.12562203749999998,2.37202658e-06,4.2721613400000004e-07,0.00143955521,0.10861704700000001,2.37202658e-06,4.2721613400000004e-07,0.0008290953680000001,0.03410947860000001,2.37202658e-06,4.2721613400000004e-07,0.00127474079,0.0788028105,2.37202658e-06,4.2721613400000004e-07,2.446232008934021
113,1678594200,2.1541712499999998e-05,2.1541718899999998e-05,-0.0046734367,0.7020413696000001,0.0239084326,0.00364261138,0.00750017486,0.0058132563500000005,3.92941068e-06,3.759450155e-05,8.055944,44.0,1.04725259e-06,1.5477235000000001e-06,1.147329484e-06,1.202094138e-06,7.788655789999998e-07,6.76521944e-07,5.06749048e-07,3.84908889e-07,7.9351153e-07,1.71564149e-07,2.51428339e-06,83.26886999999999,45.1671045,3.876219029999999e-10,9.18021105,0.0016103788399999999,0.1428057596,2.29454392e-06,4.1708377e-07,0.0014674087799999998,0.1090450721,2.29454392e-06,4.1708377e-07,0.000829029601,0.0333497861,2.29454392e-06,4.1708377e-07,0.0012769677500000002,0.0791252198,2.29454392e-06,4.1708377e-07,2.4461987972259522
113,1678594800,2.19890014e-05,2.1989005200000003e-05,0.017649132220000002,1.3226293451000002,0.0263547208,0.00365851219,0.00755056506,0.0058527794800000005,4.727559309999999e-06,4.2524077000000005e-05,7.849650250000002,47.3,1.14269605e-06,1.55646315e-06,1.3361324300000001e-06,1.4382910260000001e-06,7.534774420000001e-07,5.2061374e-07,4.3006559699999995e-07,3.5268649299999995e-07,7.64497436e-07,1.7388484400000001e-07,2.5256478200000003e-06,83.2632462,44.5196976,4.02390777e-10,9.17795135,0.0015924023200000002,0.149177265,2.71280564e-06,4.82896118e-07,0.0015019454099999999,0.11694251650000001,2.71280564e-06,4.82896118e-07,0.000879478339,0.038340053400000004,2.71280564e-06,4.82896118e-07,0.00128404219,0.0802888301,2.71280564e-06,4.82896118e-07,2.446183466911316
113,1678595400,2.12331702e-05,2.1233174900000002e-05,0.008060445920000001,0.7782388837,0.024288710499999998,0.00361372125,0.00742925058,0.00573729867,3.9463464999999995e-06,3.691298655e-05,7.48426566,39.4,1.0337120999999998e-06,1.5556280600000001e-06,1.356307468e-06,1.234237762e-06,7.22286619e-07,5.214332699999999e-07,3.9279120400000004e-07,3.4357889399999997e-07,7.57870491e-07,1.69371946e-07,2.52933623e-06,83.7273919,45.2575601,3.8328667799999993e-10,9.1832206,0.00156979407,0.1374860334,2.4747652800000003e-06,4.41055308e-07,0.0014901910900000002,0.11569637449999999,2.4747652800000003e-06,4.41055308e-07,0.000822658232,0.0336673814,2.4747652800000003e-06,4.41055308e-07,0.001268915,0.07841340859999998,2.4747652800000003e-06,4.41055308e-07,2.446210169792175
113,1678596000,2.10403291e-05,2.1040335e-05,-0.0032503712200000015,0.59123428356,0.023267072299999997,0.0036103049800000004,0.00740182016,0.00574832944,3.8115209700000003e-06,3.599616415e-05,7.2045454399999995,45.4,1.059845747e-06,1.5439189999999998e-06,1.1768124960000001e-06,1.265264089e-06,7.56894769e-07,5.025124269999999e-07,4.2611225499999997e-07,3.4897092100000004e-07,7.51867911e-07,1.72288907e-07,2.5156689e-06,83.69893200000001,45.2706189,3.77614362e-10,9.183869999999999,0.00155272384,0.1352453639,2.62885513e-06,4.5492432499999997e-07,0.00145825924,0.10841254200000001,2.62885513e-06,4.5492432499999997e-07,0.0008256206780000001,0.033880389100000005,2.62885513e-06,4.5492432499999997e-07,0.00128755696,0.0804028104,2.62885513e-06,4.5492432499999997e-07,2.446211743354797
113,1678596600,2.18201724e-05,2.1820175600000003e-05,0.008853636799999998,0.9083021712999999,0.0251883973,0.00365961428,0.00752442554,0.0058215270999999996,4.574830989999999e-06,4.0528293950000004e-05,7.81293709,53.4,1.064931647e-06,1.57893752e-06,1.243762613e-06,1.51052128e-06,7.49788825e-07,5.17242922e-07,4.3415461099999995e-07,3.5740912700000003e-07,7.6143702e-07,1.71016886e-07,2.5208412800000003e-06,83.190172,44.411396399999994,3.9753136800000004e-10,9.176263299999999,0.0016000679100000002,0.1435553705,2.3986404700000003e-06,4.13415541e-07,0.00151410078,0.1214261421,2.3986404700000003e-06,4.13415541e-07,0.000834098312,0.033942006000000004,2.3986404700000003e-06,4.13415541e-07,0.0012850261799999998,0.0802330195,2.3986404700000003e-06,4.13415541e-07,2.4462815523147583
113,1678597200,1.9558321600000003e-05,1.95583293e-05,0.0015285059199999988,0.080667148207,0.0185407934,0.00351441629,0.007253658040000001,0.00564270802,1.8369475100000001e-06,1.56830991e-05,6.08916093,24.5,1.1027654000000001e-06,1.5019154100000002e-06,1.087194365e-06,8.77413501e-07,6.204754050000001e-07,4.49071173e-07,3.8461878100000004e-07,3.27111909e-07,7.268658140000001e-07,1.72439795e-07,2.5292225699999998e-06,85.1032587,47.072540100000005,3.40369089e-10,9.2005996,0.00146773419,0.10953786759999999,2.88294048e-06,4.98182549e-07,0.0014038139,0.0978080196,2.88294048e-06,4.98182549e-07,0.0008474015059999999,0.0361359294,2.88294048e-06,4.98182549e-07,0.0012616202100000002,0.07822743499999998,2.88294048e-06,4.98182549e-07,2.4462033987045286
113,1678597800,1.93492706e-05,1.93492747e-05,-0.0014941703500000003,0.11580958633000002,0.018990962999999996,0.003496159770000001,0.00722094543,0.00562113033,1.7169593e-06,1.5647764e-05,5.958041880000001,22.7,1.10494071e-06,1.5104772400000002e-06,1.005083204e-06,8.31948275e-07,5.985837990000001e-07,4.6831092400000006e-07,3.9717962099999996e-07,3.33513247e-07,7.418305829999999e-07,1.7402874499999998e-07,2.5086603500000006e-06,85.06041580000002,47.134773900000006,3.35581888e-10,9.1996681,0.0014521935999999998,0.10645579840000001,2.60096246e-06,4.6832764499999994e-07,0.0013981271399999998,0.09540022550000002,2.60096246e-06,4.6832764499999994e-07,0.000844543375,0.035394432299999994,2.60096246e-06,4.6832764499999994e-07,0.00127282022,0.0784653156,2.60096246e-06,4.6832764499999994e-07,2.446170425415039
113,1678598400,2.04129607e-05,2.04129637e-05,-0.01266530729,0.4608162192,0.021380062099999996,0.00356711714,0.007347347750000001,0.00570257735,2.9987790300000004e-06,2.61907278e-05,6.81293706,33.5,1.08624328e-06,1.56994009e-06,1.0721093429999998e-06,1.141486784e-06,6.8984208e-07,4.80361942e-07,4.11943545e-07,3.38492837e-07,7.2537444e-07,1.7247514199999997e-07,2.51817915e-06,84.37944999999999,45.9400871,3.61876619e-10,9.19132015,0.0015198045799999999,0.121672483,2.62951459e-06,4.5425519800000004e-07,0.0014447559099999999,0.1083104664,2.62951459e-06,4.5425519800000004e-07,0.000843603331,0.0350400199,2.62951459e-06,4.5425519800000004e-07,0.0012871614,0.0805151877,2.62951459e-06,4.5425519800000004e-07,2.446259784698486
113,1678599000,2.11612415e-05,2.1161243500000002e-05,0.0018564336000000015,1.2224434260000003,0.0268428358,0.00359653901,0.00740372777,0.005715672339999999,5.1596219699999996e-06,4.7917744e-05,7.2115386,48.3,1.03118735e-06,1.56112358e-06,1.2787402829999998e-06,1.34427543e-06,6.643070760000001e-07,5.197945060000001e-07,3.99153599e-07,3.4005852300000003e-07,7.484707059999999e-07,1.72138951e-07,2.5213041300000003e-06,83.8175724,45.1485391,3.8216072400000003e-10,9.182676699999998,0.00154324407,0.136450452,2.2489193000000003e-06,4.1498513599999997e-07,0.00145271311,0.1141090986,2.2489193000000003e-06,4.1498513599999997e-07,0.0008222893460000001,0.0332010753,2.2489193000000003e-06,4.1498513599999997e-07,0.00127604539,0.0791376656,2.2489193000000003e-06,4.1498513599999997e-07,2.4462509155273438
113,1678599600,2.1478411300000003e-05,2.14784141e-05,-0.005612657279999997,0.7691203411,0.025534595,0.00363879367,0.007474925769999999,0.00580924731,4.25196075e-06,3.88019586e-05,7.596153900000002,50.1,1.1146608500000002e-06,1.59948568e-06,1.326473325e-06,1.298528997e-06,6.98295897e-07,5.23650341e-07,4.07131826e-07,3.48066146e-07,7.4128909e-07,1.7115034300000002e-07,2.5104383900000003e-06,83.43691609999999,44.395300500000005,3.9111268699999996e-10,9.1774194,0.00157443042,0.13756180810000002,2.56960258e-06,4.4731084999999996e-07,0.00148241725,0.1156219634,2.56960258e-06,4.4731084999999996e-07,0.000844196644,0.0351558396,2.56960258e-06,4.4731084999999996e-07,0.0013172917000000002,0.0848971919,2.56960258e-06,4.4731084999999996e-07,2.44622688293457
113,1678600200,2.20379064e-05,2.2037908399999996e-05,0.00447263758,0.8943765067999999,0.0263037953,0.0036693002400000002,0.007548126800000001,0.005831474519999999,4.5727080000000005e-06,4.0258454299999996e-05,8.07517501,48.6,1.1388276600000002e-06,1.57228663e-06,1.3098085199999997e-06,1.4764917290000001e-06,7.57469439e-07,5.21155079e-07,4.27734067e-07,3.51469016e-07,7.53277161e-07,1.68266619e-07,2.54211512e-06,83.2351416,44.2588336,4.02859649e-10,9.1755679,0.0015950333099999999,0.142581024,2.52212928e-06,4.7187899700000003e-07,0.00152482724,0.1262656789,2.52212928e-06,4.7187899700000003e-07,0.0008701440769999999,0.0375360654,2.52212928e-06,4.7187899700000003e-07,0.0012893706100000001,0.08068095909999999,2.52212928e-06,4.7187899700000003e-07,2.446133756637573
113,1678600800,2.0919040300000002e-05,2.0919045799999997e-05,0.00802681458,0.5453455726316999,0.023046778,0.0036015133200000002,0.00741702739,0.005752618060000001,3.6375077599999997e-06,3.3574938100000005e-05,7.159090909999999,40.1,1.1121610700000002e-06,1.5669391200000002e-06,1.1836112799999998e-06,1.2341372139999999e-06,7.08051049e-07,5.025579990000001e-07,4.06729297e-07,3.5247424e-07,7.3638832e-07,1.68170727e-07,2.4882577500000002e-06,83.76869789999999,45.0416229,3.7691170100000006e-10,9.18477085,0.00155324639,0.130008072,2.67468711e-06,4.79164703e-07,0.00147726026,0.11310363100000001,2.67468711e-06,4.79164703e-07,0.000856105104,0.036597241600000004,2.67468711e-06,4.79164703e-07,0.0012829378599999999,0.0799789131,2.67468711e-06,4.79164703e-07,2.4462706804275514
113,1678601400,2.29245709e-05,2.29245745e-05,0.019886622969999997,0.49010287829999993,0.0232837543,0.0037303453900000005,0.007726339740000002,0.00596049689,3.7466452900000004e-06,2.78441672e-05,9.097902190000001,35.4,1.1502078899999998e-06,1.71663692e-06,1.351011426e-06,1.3697510529999998e-06,8.823750030000001e-07,6.953077690000001e-07,4.79749604e-07,3.6896723899999994e-07,7.606254280000001e-07,1.71677915e-07,2.5159408900000002e-06,82.8260508,44.1624746,4.28283295e-10,9.1699505,0.0016376759299999999,0.15262289489999997,2.78460136e-06,4.742815180000001e-07,0.0015248981,0.1269125205,2.78460136e-06,4.742815180000001e-07,0.0008494891850000001,0.0361152635,2.78460136e-06,4.742815180000001e-07,0.00133905427,0.08782437530000001,2.78460136e-06,4.742815180000001e-07,2.4462116718292237
113,1678602000,2.00435793e-05,2.0043584699999996e-05,-0.005748602550000001,0.174766973,0.0195461788,0.00355265269,0.00729264124,0.00569011291,2.1344045199999997e-06,1.864521455e-05,6.526223679999999,27.3,1.12373035e-06,1.5928651e-06,1.081286722e-06,9.36956221e-07,6.465039799999999e-07,4.6925453199999997e-07,3.9721005800000005e-07,3.40648226e-07,7.363360889999999e-07,1.71823904e-07,2.52515862e-06,84.6495384,46.3293631,3.53195656e-10,9.1938681,0.00148343505,0.11196860900000001,2.39714009e-06,4.35825513e-07,0.00141829962,0.10131743850000001,2.39714009e-06,4.35825513e-07,0.0008583853379999999,0.0363085667,2.39714009e-06,4.35825513e-07,0.0013239367700000001,0.084723757,2.39714009e-06,4.35825513e-07,2.446216607093811
113,1678602600,1.98404298e-05,1.9840435e-05,-0.02582770042,0.46463970219999995,0.0215205372,0.0035267077100000002,0.007253878760000001,0.0056484612299999995,2.72663345e-06,2.553192755e-05,5.99999988,36.9,1.1343532399999999e-06,1.59055918e-06,1.1011746609999998e-06,8.57770247e-07,6.39777998e-07,4.6764496500000003e-07,3.95232081e-07,3.3509508500000004e-07,7.21374291e-07,1.71703391e-07,2.50546282e-06,84.73111889999998,46.2574044,3.48878306e-10,9.1951171,0.0014556438800000001,0.11075342989999999,3.0060722700000003e-06,5.05815361e-07,0.00141809668,0.1011211385,3.0060722700000003e-06,5.05815361e-07,0.0008643165430000001,0.0373779297,3.0060722700000003e-06,5.05815361e-07,0.00130248364,0.08193471760000001,3.0060722700000003e-06,5.05815361e-07,2.4462805509567263
113,1678603200,2.0334830499999997e-05,2.0334835800000002e-05,0.0154372873,0.47796385723999996,0.0214645278,0.00356816784,0.0073691780200000005,0.00572593609,2.69776053e-06,2.49524432e-05,6.4842657,31.3,1.1402941700000001e-06,1.59333314e-06,1.116418404e-06,1.008344822e-06,6.54585962e-07,4.87105646e-07,3.98780678e-07,3.4239399499999997e-07,7.304569910000001e-07,1.73484969e-07,2.52221217e-06,84.392197,45.918276500000005,3.59781041e-10,9.191331799999999,0.00149213329,0.1180327391,2.68333879e-06,4.85588447e-07,0.00144613328,0.10465403440000001,2.68333879e-06,4.85588447e-07,0.000870617385,0.0375497348,2.68333879e-06,4.85588447e-07,0.0013082764400000001,0.0822660766,2.68333879e-06,4.85588447e-07,2.4462924003601074
113,1678603800,1.88263677e-05,1.8826373699999997e-05,-0.0039087954500000004,0.0139313358,0.018434196,0.00346007687,0.0071297748199999995,0.0055543862200000006,1.2725006199999998e-06,1.2205289900000001e-05,5.120629360000001,16.2,1.0661382170000003e-06,1.5881149699999998e-06,9.44232428e-07,6.99190099e-07,5.34952244e-07,4.65616918e-07,3.86481566e-07,3.3392086000000006e-07,7.0949207e-07,1.7138959700000002e-07,2.5136376300000003e-06,85.824846,47.811323099999996,3.23527879e-10,9.2064831,0.001403857,0.09622550780000001,2.2192710300000002e-06,4.1497762999999995e-07,0.0013718130199999999,0.09143096040000001,2.2192710300000002e-06,4.1497762999999995e-07,0.000819926901,0.033106225,2.2192710300000002e-06,4.1497762999999995e-07,0.00130596548,0.08288113090000002,2.2192710300000002e-06,4.1497762999999995e-07,2.4462167739868166
113,1678604400,2.0696828199999998e-05,2.0696833199999998e-05,-0.007541879399999998,0.5862545989,0.022133710600000002,0.0035916925600000004,0.007387926540000001,0.00572825141,3.42509753e-06,3.2750207399999996e-05,6.86713278,35.6,1.11065661e-06,1.58275695e-06,1.13960104e-06,1.062870038e-06,6.687648560000001e-07,4.85877959e-07,4.4207909499999995e-07,4.0241446300000006e-07,7.50080702e-07,1.72996608e-07,2.5302797400000004e-06,84.14773319999999,45.6848169,3.6926475099999993e-10,9.18793045,0.0015127424800000001,0.12201587710000002,2.6099282399999997e-06,4.84279481e-07,0.00145120361,0.1080322625,2.6099282399999997e-06,4.84279481e-07,0.0008537489879999998,0.036446121,2.6099282399999997e-06,4.84279481e-07,0.00128837108,0.0807694971,2.6099282399999997e-06,4.84279481e-07,2.4462647914886473
113,1678605000,1.98648104e-05,1.98648169e-05,-0.004721344978,0.07214707927,0.01951438,0.00354677355,0.00731404536,0.00569605792,1.75888902e-06,1.6338268350000002e-05,6.27622364,21.9,1.2021879500000002e-06,1.6570421500000002e-06,1.0293968200000002e-06,7.751985799999999e-07,6.25936768e-07,4.6523954799999995e-07,4.1760187599999996e-07,3.5013520799999997e-07,7.2400553e-07,1.7042709199999998e-07,2.5151696e-06,84.76414439999999,46.1548239,3.4967517300000005e-10,9.1943322,0.00145882771,0.1063676705,2.8423063299999998e-06,4.954617680000001e-07,0.0014119136600000003,0.09695149449999999,2.8423063299999998e-06,4.954617680000001e-07,0.000872086578,0.037890865600000004,2.8423063299999998e-06,4.954617680000001e-07,0.0013444499999999999,0.088363439,2.8423063299999998e-06,4.954617680000001e-07,2.446192479133606
113,1678605600,2.1352648199999997e-05,2.1352654299999995e-05,-0.00951382554,0.5059752471000001,0.021409011300000003,0.003642076660000001,0.00753412975,0.00583424385,3.1047943599999993e-06,2.59024258e-05,7.66783212,33.5,1.2516115399999997e-06,1.7496049000000001e-06,1.245785756e-06,1.087751212e-06,6.715305790000001e-07,4.890841199999999e-07,4.10195863e-07,3.3824392700000005e-07,7.506392209999999e-07,1.7199177099999999e-07,2.50987218e-06,83.648505,44.520615199999995,3.8895040799999996e-10,9.180814499999999,0.0015229772499999999,0.12350787399999999,2.9739956200000004e-06,5.010172039999999e-07,0.00149106612,0.1164224111,2.9739956200000004e-06,5.010172039999999e-07,0.000901588459,0.0398659099,2.9739956200000004e-06,5.010172039999999e-07,0.00137387233,0.0917766495,2.9739956200000004e-06,5.010172039999999e-07,2.4462411642074584
113,1678606200,2.2196640999999996e-05,2.21966473e-05,-0.007718985509000004,1.2275027550000002,0.0251721711,0.0036865639900000003,0.0075971158700000015,0.00589224697,4.2665584e-06,3.75571894e-05,8.192307540000002,41.5,1.2329680800000001e-06,1.93719633e-06,1.1682871749999999e-06,1.241082391e-06,8.043007420000001e-07,5.1971163e-07,4.16129944e-07,3.49891122e-07,7.51525474e-07,1.7222323099999998e-07,2.5049893400000005e-06,82.99604910000001,43.4405815,4.1066135300000006e-10,9.172501650000001,0.0015437227899999999,0.134239555,2.78515408e-06,4.97631411e-07,0.0015230707,0.1206361471,2.78515408e-06,4.97631411e-07,0.0008754722189999997,0.038141796299999996,2.78515408e-06,4.97631411e-07,0.00142130011,0.09889627299999999,2.78515408e-06,4.97631411e-07,2.446194863319397
113,1678606800,1.9572217799999998e-05,1.95722213e-05,-0.0003123504999999999,0.006292414170000002,0.0181062799,0.00352796996,0.00727511764,0.00565943338,1.3903664200000002e-06,1.2752268199999999e-05,6.047202800000001,17.6,1.2198481600000002e-06,1.7413514699999999e-06,9.9109145e-07,7.104133489999999e-07,5.582649960000001e-07,4.3503550699999996e-07,3.70331749e-07,3.2381849699999994e-07,7.35206295e-07,1.70804416e-07,2.52987391e-06,85.1330486,46.3744566,3.4324661699999993e-10,9.1978557,0.00140616674,0.09639313350000002,2.75620907e-06,4.827347029999999e-07,0.00142447921,0.098476108,2.75620907e-06,4.827347029999999e-07,0.000868380744,0.0376026725,2.75620907e-06,4.827347029999999e-07,0.00137737971,0.09135006500000001,2.75620907e-06,4.827347029999999e-07,2.4462340831756593
113,1678607400,2.08321983e-05,2.0832202000000002e-05,0.0024078845500000003,0.05148858430000001,0.019095517099999997,0.00362951386,0.007486279339999999,0.0058387653599999995,1.8635663e-06,1.54194452e-05,7.180069979999999,22.4,1.2552286499999998e-06,2.04341491e-06,1.153199835e-06,7.808822019999998e-07,5.65562894e-07,4.88079764e-07,3.90469969e-07,3.36323117e-07,7.20046422e-07,1.70521438e-07,2.5123338299999998e-06,84.039186,44.3588939,3.769324390000001e-10,9.1843582,0.0014570851500000002,0.1034921414,2.9968291400000005e-06,5.099750520000001e-07,0.0015183554600000002,0.11426692790000001,2.9968291400000005e-06,5.099750520000001e-07,0.0008778825220000002,0.038525863099999995,2.9968291400000005e-06,5.099750520000001e-07,0.0014424314300000001,0.10384095950000001,2.9968291400000005e-06,5.099750520000001e-07,2.446295142173767
113,1678608000,2.0163688e-05,2.01636924e-05,-0.0024819352000000003,0.06910207105,0.019341673900000002,0.00357767564,0.007369695769999999,0.00573732732,1.7703299099999999e-06,1.53971371e-05,6.4388112699999995,22.9,1.2170962399999999e-06,1.85791276e-06,1.0548255159999999e-06,7.925364660000001e-07,5.71698824e-07,4.7636951399999995e-07,3.79699211e-07,3.22815957e-07,7.2312304e-07,1.70012514e-07,2.5157252200000008e-06,84.5246405,45.287406999999995,3.59266605e-10,9.189898,0.0014419056899999997,0.10287569919999999,2.63828258e-06,4.92960379e-07,0.0014557928400000001,0.1038379434,2.63828258e-06,4.92960379e-07,0.000890648543,0.039117218,2.63828258e-06,4.92960379e-07,0.0013958063700000001,0.0956156524,2.63828258e-06,4.92960379e-07,2.446179509162903
113,1678608600,1.99720462e-05,1.99720489e-05,0.009742166053,0.14444624979000004,0.0210455203,0.0035572945100000005,0.007323208160000001,0.00570319164,1.95708559e-06,1.735072365e-05,6.3601396999999995,21.9,1.0965640439999998e-06,1.80295597e-06,1.06240188e-06,8.62474616e-07,5.83745751e-07,4.50893877e-07,3.77891701e-07,3.29945351e-07,7.27515846e-07,1.7048983400000002e-07,2.5210973799999997e-06,84.73785380000001,45.8994576,3.52840729e-10,9.193526850000001,0.00145163481,0.10627252979999999,3.05544012e-06,4.84860866e-07,0.0014579973200000002,0.10434650949999999,3.05544012e-06,4.84860866e-07,0.000825167605,0.0343420319,3.05544012e-06,4.84860866e-07,0.00135439043,0.08940195939999998,3.05544012e-06,4.84860866e-07,2.446286106109619
113,1678609200,2.16996625e-05,2.16996657e-05,0.004034383670000001,0.42461034818,0.0230888525,0.0036784100200000004,0.00757343907,0.00588244315,3.29614587e-06,2.87581516e-05,7.821678349999999,37.5,1.3226977299999999e-06,1.84467114e-06,1.1873348e-06,9.96009014e-07,6.99202364e-07,4.885288e-07,4.3060398499999995e-07,4.3703785699999996e-07,7.48020972e-07,1.70644861e-07,2.52503338e-06,83.426684,43.91557999999999,3.98297545e-10,9.176186399999999,0.00150867082,0.11958348950000001,2.8839874099999997e-06,4.97240374e-07,0.00151224961,0.11594056400000001,2.8839874099999997e-06,4.97240374e-07,0.000904460858,0.0400422239,2.8839874099999997e-06,4.97240374e-07,0.00141455297,0.0988052448,2.8839874099999997e-06,4.97240374e-07,2.446237015724182
113,1678609800,2.0907703799999997e-05,2.0907712099999997e-05,0.009773284757000001,0.2748829608,0.020768379599999998,0.0036235852699999993,0.00747734675,0.0057983546499999995,2.47813955e-06,2.3150767799999998e-05,7.11538464,29.9,1.1844581300000002e-06,1.94567598e-06,1.13582399e-06,9.28244902e-07,6.292959780000001e-07,4.79865243e-07,3.8781858599999994e-07,3.3492524799999996e-07,7.351256e-07,1.7157957300000002e-07,2.52103908e-06,83.8363125,44.544390799999995,3.7773207e-10,9.182448400000002,0.00147535796,0.111687045,2.98280894e-06,4.92461976e-07,0.0015128283999999998,0.1156098222,2.98280894e-06,4.92461976e-07,0.0008583030549999999,0.0367816715,2.98280894e-06,4.92461976e-07,0.0014017172400000001,0.09558237750000001,2.98280894e-06,4.92461976e-07,2.4462422847747805
113,1678610400,2.2336292e-05,2.23362953e-05,-0.00513730573,0.7038903569,0.0225016247,0.0036967371399999997,0.00764636959,0.00588930165,4.019759539999999e-06,3.237677435e-05,8.42307701,41.0,1.1449208299999998e-06,1.7470617199999998e-06,1.28961969e-06,1.312451383e-06,8.28294902e-07,5.99803534e-07,4.373047860000001e-07,3.38864212e-07,7.50961605e-07,1.75988052e-07,2.54283694e-06,83.114725,44.124652,4.11019686e-10,9.1751057,0.001600478,0.1446379876,3.3657947299999998e-06,5.33230443e-07,0.00152928559,0.1232482914,3.3657947299999998e-06,5.33230443e-07,0.0008585047339999998,0.0372218667,3.3657947299999998e-06,5.33230443e-07,0.00133287615,0.08757975659999999,3.3657947299999998e-06,5.33230443e-07,2.4462618589401246
113,1678611000,2.11515489e-05,2.11515509e-05,0.004252537489999999,0.6464958825600001,0.0230427002,0.00361688685,0.007458273810000001,0.00578191649,3.7578006300000002e-06,3.380397985e-05,7.34265726,39.9,1.08432016e-06,1.6437423400000003e-06,1.1988804899999998e-06,1.2637326760000002e-06,6.85926556e-07,4.87944892e-07,4.185945910000001e-07,3.41825305e-07,7.453156660000001e-07,1.7081903000000002e-07,2.53462067e-06,83.8689436,45.1755753,3.8163734100000007e-10,9.182715300000002,0.0015441871400000001,0.1314190371,2.7492486399999997e-06,4.652478800000001e-07,0.00147585921,0.1122065168,2.7492486399999997e-06,4.652478800000001e-07,0.0008453142510000001,0.035512104800000006,2.7492486399999997e-06,4.652478800000001e-07,0.00131597341,0.08409500810000001,2.7492486399999997e-06,4.652478800000001e-07,2.4462570190429687
113,1678611600,2.10667115e-05,2.10667188e-05,-0.009095210642000001,0.8247362877000001,0.021125180400000002,0.00357312386,0.007325186429999998,0.00569077116,4.1573102e-06,3.27230199e-05,6.763985959999999,30.2,1.087731787e-06,1.60176284e-06,1.173997692e-06,1.306409738e-06,6.85544673e-07,4.90090372e-07,4.14229096e-07,3.3813573e-07,7.262412139999999e-07,1.7302853999999998e-07,2.53616526e-06,84.4211695,46.010301600000005,3.8255490799999995e-10,9.188896600000001,0.0014940448399999998,0.134489433,2.43340181e-06,4.39103631e-07,0.00143909956,0.1085332585,2.43340181e-06,4.39103631e-07,0.000831611695,0.03438776440000001,2.43340181e-06,4.39103631e-07,0.0013137771199999999,0.08381984649999999,2.43340181e-06,4.39103631e-07,2.4462250471115112
113,1678612200,2.0938147700000002e-05,2.09381509e-05,0.01386638356,0.4393439964,0.0234828079,0.00361489432,0.0074340071600000005,0.005786120309999999,3.3294547999999996e-06,3.15729342e-05,7.150349709999999,40.8,1.04797671e-06,1.58506843e-06,1.213353194e-06,1.1347988900000001e-06,7.213759410000001e-07,5.224320140000001e-07,4.27755562e-07,3.39058631e-07,7.709499730000001e-07,1.71935336e-07,2.5343474299999995e-06,83.75477950000001,45.371555400000005,3.7271414099999993e-10,9.1868335,0.00154934331,0.12926545050000002,2.4329538399999997e-06,4.47541337e-07,0.0014877402,0.11262076200000001,2.4329538399999997e-06,4.47541337e-07,0.000842681949,0.0349916205,2.4329538399999997e-06,4.47541337e-07,0.0012698865500000002,0.0781410224,2.4329538399999997e-06,4.47541337e-07,2.446251368522644
113,1678612800,2.0771153099999998e-05,2.0771160400000002e-05,0.007386200729999999,0.37290223547,0.0212349052,0.0035908810599999995,0.00743224067,0.00573027066,3.0089807900000003e-06,2.5164311449999998e-05,7.29895094,33.6,1.1259635900000002e-06,1.56588167e-06,1.2164833999999998e-06,1.086747866e-06,7.015535550000001e-07,4.97001069e-07,4.09062946e-07,3.43195223e-07,7.41142232e-07,1.7005116700000002e-07,2.52843654e-06,84.18895339999999,45.699769700000004,3.7124213699999994e-10,9.1896068,0.0015203635000000002,0.12462984969999999,2.5541583300000003e-06,4.6585296200000006e-07,0.0014768096099999999,0.1118764119,2.5541583300000003e-06,4.6585296200000006e-07,0.0008493921200000001,0.03582622009999999,2.5541583300000003e-06,4.6585296200000006e-07,0.00129156265,0.08122713849999999,2.5541583300000003e-06,4.6585296200000006e-07,2.4461475372314454
113,1678613400,1.9574348199999998e-05,1.95743513e-05,-0.002615867681999999,0.13444536445000002,0.0202077454,0.0035181730100000003,0.00724857606,0.005656154629999999,1.9853463300000004e-06,1.837395975e-05,5.935314689999999,24.0,1.077374946e-06,1.5906922800000002e-06,1.0247223560000001e-06,8.757718370000001e-07,5.999107070000001e-07,4.85223974e-07,3.934660409999999e-07,3.27420427e-07,7.24422207e-07,1.7010124299999998e-07,2.51801046e-06,85.1132062,46.8761153,3.40673299e-10,9.1992245,0.0014591799600000002,0.1078423137,2.51130391e-06,4.44768695e-07,0.0014211766000000001,0.09928495690000001,2.51130391e-06,4.44768695e-07,0.000844167713,0.0350575392,2.51130391e-06,4.44768695e-07,0.0012827397000000002,0.08106966099999999,2.51130391e-06,4.44768695e-07,2.4461559534072874
113,1678614000,1.99080336e-05,1.99080353e-05,-0.013717004179999997,0.255600443476,0.0214833684,0.0035408433200000006,0.007303210910000001,0.00568785529,2.37361486e-06,2.2061620199999997e-05,6.232517370000001,33.9,1.0995062200000001e-06,1.5579869800000002e-06,1.08063922e-06,9.31489465e-07,6.334830170000001e-07,4.79213514e-07,3.94708291e-07,3.41129116e-07,7.292888119999999e-07,1.6996016200000003e-07,2.5365570899999996e-06,84.77801690000001,46.4873665,3.4868099599999996e-10,9.1945482,0.0014836273300000001,0.11301515,2.36733327e-06,4.3674786399999997e-07,0.00142873506,0.10088354020000001,2.36733327e-06,4.3674786399999997e-07,0.0008351531550000001,0.034650256000000004,2.36733327e-06,4.3674786399999997e-07,0.0012992958,0.08156667980000001,2.36733327e-06,4.3674786399999997e-07,2.4461947441101075
113,1678614600,2.3174036800000003e-05,2.3174040300000003e-05,0.0009961311600000002,1.26432673786,0.026538379900000002,0.0037399129100000005,0.007697179609999999,0.0059365176600000005,5.43315492e-06,4.655583460000001e-05,9.15209795,50.2,1.0627220100000002e-06,1.59286922e-06,1.43173385e-06,1.683101616e-06,8.657776409999999e-07,5.95281352e-07,4.70286777e-07,3.69923707e-07,8.02539206e-07,1.70801972e-07,2.54196337e-06,82.06545530000001,43.327668599999996,4.3000735600000005e-10,9.1658148,0.0016614216799999998,0.160217981,2.82854513e-06,4.6793128400000003e-07,0.0015607246599999998,0.135792245,2.82854513e-06,4.6793128400000003e-07,0.000832975111,0.0345836426,2.82854513e-06,4.6793128400000003e-07,0.0012821042099999999,0.080101613,2.82854513e-06,4.6793128400000003e-07,2.4462149858474733
113,1678615200,1.9871313099999998e-05,1.9871316500000002e-05,0.00749840995,0.23488066563000004,0.0209311775,0.00353720867,0.00726812753,0.005665938590000001,2.27285905e-06,2.2794177949999997e-05,6.293706340000001,26.8,1.08957119e-06,1.57816236e-06,1.106961134e-06,8.896028669999999e-07,6.500068659999999e-07,4.690711850000001e-07,3.9046044600000005e-07,3.29423187e-07,7.38892916e-07,1.70544314e-07,2.52290192e-06,84.8266035,46.5150493,3.4880143299999997e-10,9.196494,0.0014636816100000003,0.10962139200000001,2.8560056700000003e-06,4.55396233e-07,0.0014503570299999999,0.1048646441,2.8560056700000003e-06,4.55396233e-07,0.0008315892510000001,0.0343671639,2.8560056700000003e-06,4.55396233e-07,0.00130156287,0.08212667850000001,2.8560056700000003e-06,4.55396233e-07,2.446221923828125
113,1678615800,2.26281796e-05,2.26281868e-05,0.012687713959999996,1.5141470360000002,0.0283718421,0.0036944090899999997,0.007584170669999999,0.00585374258,6.19925245e-06,6.031795385e-05,8.48776226,64.6,1.1295574000000002e-06,1.5848927399999998e-06,1.37122351e-06,1.6158567700000002e-06,7.678425669999999e-07,5.40180331e-07,4.30919025e-07,3.64547961e-07,7.889551859999999e-07,1.71674451e-07,2.5484239399999996e-06,82.61518,43.562612200000004,4.1854416799999996e-10,9.16998345,0.00160143036,0.15486339850000003,2.8424119399999998e-06,4.93003444e-07,0.00153316137,0.12477501299999998,2.8424119399999998e-06,4.93003444e-07,0.0008525041189999999,0.0364528874,2.8424119399999998e-06,4.93003444e-07,0.00130968466,0.08340096589999998,2.8424119399999998e-06,4.93003444e-07,2.446143913269043
113,1678616400,2.1198807e-05,2.1198809200000002e-05,0.024254928159999994,0.5638182251499999,0.0245916653,0.0036219608399999997,0.007479242780000001,0.005775434580000001,3.33059573e-06,2.9495042399999996e-05,7.304195730000001,37.6,1.1267462e-06,1.53468102e-06,1.220202556e-06,1.2388477049999998e-06,6.897684609999999e-07,5.38156839e-07,4.2493334399999994e-07,3.5564939299999995e-07,7.58824029e-07,1.6868849800000001e-07,2.54286421e-06,83.6389374,45.1850232,3.8065131299999995e-10,9.183742400000002,0.00154931098,0.1298580915,2.29617805e-06,4.609798e-07,0.0014778505400000002,0.11411715039999999,2.29617805e-06,4.609798e-07,0.000855621952,0.0366101108,2.29617805e-06,4.609798e-07,0.0012918714800000002,0.0809704055,2.29617805e-06,4.609798e-07,2.4462118625640867
113,1678617000,2.29108218e-05,2.29108298e-05,-0.0034655177199999993,1.27068455246,0.0272810547,0.00370126302,0.00760926389,0.00585547614,5.7923618e-06,5.38600709e-05,8.43881121,53.3,1.14991217e-06,1.6512531599999999e-06,1.577071003e-06,1.405877554e-06,7.942978529999999e-07,5.411642030000001e-07,4.5755720299999994e-07,3.9125186200000004e-07,7.788406419999999e-07,1.69122531e-07,2.5390383399999995e-06,82.57538500000001,43.6312335,4.26411129e-10,9.170123700000001,0.00160030956,0.1526679925,2.7405942700000002e-06,4.75776684e-07,0.00152979231,0.1300584314,2.7405942700000002e-06,4.75776684e-07,0.0008621975740000001,0.0365842796,2.7405942700000002e-06,4.75776684e-07,0.00132341474,0.0853879594,2.7405942700000002e-06,4.75776684e-07,2.446240854263306
113,1678617600,2.0765051399999998e-05,2.07650548e-05,0.0019401802000000002,0.70759097807,0.0253847266,0.0035878707700000003,0.007355281420000001,0.00572309493,3.4165799299999994e-06,2.7670724599999994e-05,6.783216759999999,40.3,1.0807979099999997e-06,1.53874321e-06,1.270945085e-06,1.0375927380000002e-06,7.348069899999999e-07,5.22034816e-07,4.0187864800000007e-07,3.50822975e-07,7.47931323e-07,1.68652808e-07,2.5282879699999998e-06,83.9694949,45.5673226,3.6991165099999997e-10,9.18704545,0.00152545779,0.1256613385,2.8584177400000004e-06,4.62652681e-07,0.00146850199,0.1117696328,2.8584177400000004e-06,4.62652681e-07,0.0008371374559999999,0.034994731099999996,2.8584177400000004e-06,4.62652681e-07,0.0012766176300000002,0.0793564839,2.8584177400000004e-06,4.62652681e-07,2.4461156368255614
113,1678618200,2.2052098299999998e-05,2.20521003e-05,0.01694645676,1.1732463879500001,0.025965581999999997,0.0036645042599999997,0.00754931848,0.005842463,4.7049489900000005e-06,4.06405241e-05,7.99475534,45.7,1.1517349700000001e-06,1.5718231300000002e-06,1.30373799e-06,1.43977266e-06,7.78612722e-07,5.19179829e-07,4.30894437e-07,3.5664551100000003e-07,7.807619260000001e-07,1.71771661e-07,2.5210562699999994e-06,82.8914494,44.056863199999995,4.0365327e-10,9.17379565,0.0016028982100000002,0.14768682049999998,2.98503148e-06,4.815143750000001e-07,0.00148967861,0.11710502299999999,2.98503148e-06,4.815143750000001e-07,0.000860013652,0.0363909825,2.98503148e-06,4.815143750000001e-07,0.0013174132500000002,0.0842563595,2.98503148e-06,4.815143750000001e-07,2.446163463592529
113,1678618800,1.9814900899999997e-05,1.98149044e-05,-0.0033513711600000004,0.38859709365999995,0.0198256085,0.00352599108,0.0072354112,0.005643333160000001,2.3771392000000004e-06,2.1325406199999997e-05,6.29545461,28.5,1.08938063e-06,1.54145411e-06,1.0179711130000002e-06,9.88528718e-07,6.187142890000001e-07,4.7418852400000003e-07,4.0088078500000007e-07,3.3614518200000005e-07,7.356603920000001e-07,1.7218219299999998e-07,2.5323009700000002e-06,84.8495491,46.7092522,3.45935324e-10,9.1978987,0.00146964063,0.1130364254,2.5921451299999997e-06,4.3841896199999997e-07,0.00141773267,0.0998678671,2.5921451299999997e-06,4.3841896199999997e-07,0.0008490729319999999,0.0356053829,2.5921451299999997e-06,4.3841896199999997e-07,0.00128574019,0.0802984031,2.5921451299999997e-06,4.3841896199999997e-07,2.446165752410889
113,1678619400,2.04321031e-05,2.04321039e-05,0.007837681240000002,0.6920075560000002,0.0239684469,0.0035652034099999995,0.00733805133,0.0056919979,3.41981135e-06,3.14312254e-05,6.6398601799999994,38.4,1.04574537e-06,1.6236102700000002e-06,1.22949192e-06,9.376707009999998e-07,6.53361018e-07,4.94730088e-07,4.1623243999999997e-07,3.44332479e-07,7.573292499999999e-07,1.7194641000000003e-07,2.54156945e-06,84.362694,46.0333303,3.61464911e-10,9.190824399999999,0.0014854642200000001,0.11615655059999999,2.3690529600000004e-06,4.4994163099999995e-07,0.00146176618,0.11060434249999998,2.3690529600000004e-06,4.4994163099999995e-07,0.000817970281,0.0336070027,2.3690529600000004e-06,4.4994163099999995e-07,0.00129898989,0.0821334336,2.3690529600000004e-06,4.4994163099999995e-07,2.4462541818618773
113,1678620000,1.9069505100000003e-05,1.90695079e-05,0.010095595599999998,0.06890051128,0.018458442299999996,0.0034732656700000005,0.0071530894,0.00558426396,1.5491347699999998e-06,1.31387996e-05,5.695804239999999,17.2,1.05839537e-06,1.49975571e-06,9.6700853e-07,6.94037216e-07,5.832275190000001e-07,5.09703684e-07,4.4948115500000003e-07,3.53863679e-07,7.357172880000001e-07,1.70069287e-07,2.51341769e-06,85.5148679,47.895682900000004,3.28030931e-10,9.2040991,0.0014316567699999999,0.10334766199999998,2.80902201e-06,4.55900235e-07,0.00136154065,0.08985236099999999,2.80902201e-06,4.55900235e-07,0.0008341048759999999,0.034157667600000004,2.80902201e-06,4.55900235e-07,0.0012793584,0.07850033969999999,2.80902201e-06,4.55900235e-07,2.446193504333496
113,1678620600,2.0306657800000002e-05,2.03066594e-05,-0.0022961219499999996,0.08233986853,0.018940193299999998,0.0035817973400000002,0.007415226949999999,0.0057418748,1.86671707e-06,1.6322061599999997e-05,6.653846199999999,23.8,1.13557303e-06,1.73096317e-06,1.2556895799999998e-06,7.9304155e-07,6.01242384e-07,4.73969288e-07,4.0176792700000003e-07,3.2667368000000006e-07,7.25654166e-07,1.71702637e-07,2.5369959499999995e-06,84.41604099999999,45.5645801,3.60128733e-10,9.19120715,0.00147536966,0.1073656636,2.64445908e-06,4.85904625e-07,0.0014980970700000003,0.11144784419999998,2.64445908e-06,4.85904625e-07,0.0008631578270000001,0.0369136858,2.64445908e-06,4.85904625e-07,0.0013296822999999999,0.0860015992,2.64445908e-06,4.85904625e-07,2.4461872577667236
113,1678621200,2.39662226e-05,2.3966224600000003e-05,0.030126974599999995,2.2413235737,0.028938900899999998,0.00374131875,0.00767474403,0.005908768199999999,7.4742182e-06,5.64782372e-05,8.86013978,60.1,1.0850495500000002e-06,1.5731637200000001e-06,1.36645271e-06,1.8266435129999998e-06,1.0774761850000002e-06,6.816427719999999e-07,5.18792261e-07,3.83909817e-07,7.86650087e-07,1.68437511e-07,2.51487831e-06,81.97669249999998,43.256356000000004,4.57220217e-10,9.158498300000002,0.0016628194200000001,0.18535753800000002,2.60717917e-06,4.34331939e-07,0.0015223184800000002,0.1293490149,2.60717917e-06,4.34331939e-07,0.0008363068960000001,0.0342584263,2.60717917e-06,4.34331939e-07,0.00130754825,0.08331213000000001,2.60717917e-06,4.34331939e-07,2.4462114334106446
113,1678621800,1.95591844e-05,1.95591919e-05,0.0009225923400000013,0.03366796096000001,0.0184453219,0.0035241007,0.00726658786,0.005661895609999999,1.5729562800000002e-06,1.4017447399999999e-05,5.835664379999999,19.5,1.07311848e-06,1.56099819e-06,1.0789659189999999e-06,8.332761070000002e-07,5.87932693e-07,4.903158420000001e-07,3.9298881100000005e-07,3.326489990000001e-07,7.39146723e-07,1.6782681e-07,2.5223484699999994e-06,84.9315915,46.829869200000005,3.40181853e-10,9.198678300000001,0.0014723784800000001,0.10731630750000001,2.66190724e-06,4.5296479200000007e-07,0.0014191647299999998,0.0985108294,2.66190724e-06,4.5296479200000007e-07,0.000832305036,0.0344485983,2.66190724e-06,4.5296479200000007e-07,0.00128911066,0.080287438,2.66190724e-06,4.5296479200000007e-07,2.4461997032165526
113,1678622400,1.98736304e-05,1.98736367e-05,0.005626148619999999,0.05660343144,0.0191155217,0.00354501396,0.00731456026,0.0056964812,1.6332937199999998e-06,1.427821385e-05,6.32342642,21.4,1.1016985900000002e-06,1.56696675e-06,1.12049409e-06,8.548893709999999e-07,6.175943889999999e-07,5.054950169999999e-07,3.90752698e-07,3.3905165e-07,7.506164839999999e-07,1.6909871400000002e-07,2.5201049e-06,84.74169939999999,46.4949846,3.492184949999999e-10,9.1942487,0.00147482276,0.10889883340000002,2.4568583699999997e-06,4.4232674100000005e-07,0.00144951611,0.10379977600000001,2.4568583699999997e-06,4.4232674100000005e-07,0.00085433827,0.035883314699999995,2.4568583699999997e-06,4.4232674100000005e-07,0.0012804429699999997,0.0804874335,2.4568583699999997e-06,4.4232674100000005e-07,2.4461705684661865
113,1678623000,1.9777608699999998e-05,1.97776129e-05,0.005796781845,0.38607872084,0.021773234699999998,0.0035253185,0.00725658122,0.005643768070000001,2.55832651e-06,2.36530281e-05,6.14510483,28.6,1.08897952e-06,1.5803373600000001e-06,1.046547216e-06,9.261661680000001e-07,6.19073891e-07,4.64849582e-07,3.9053991400000006e-07,3.4243729700000003e-07,7.405715569999999e-07,1.71282262e-07,2.5180024300000004e-06,84.90625330000002,46.608527200000005,3.46818668e-10,9.196262,0.0014669159,0.11190986709999999,2.5469574000000004e-06,4.4774426199999996e-07,0.00139927664,0.0981781449,2.5469574000000004e-06,4.4774426199999996e-07,0.000848957282,0.035786621399999996,2.5469574000000004e-06,4.4774426199999996e-07,0.00129779666,0.08181677139999999,2.5469574000000004e-06,4.4774426199999996e-07,2.4461750268936155
113,1678623600,2.31247433e-05,2.3124746700000003e-05,0.02056528644,0.9368705946,0.028355326999999996,0.003759524150000001,0.0077383945699999995,0.005967505210000001,5.00193061e-06,4.330030475e-05,9.54895117,59.1,1.12883053e-06,1.60892405e-06,1.366159325e-06,1.5522466e-06,8.618658399999999e-07,6.22972706e-07,4.762563419999999e-07,4.0207720599999993e-07,8.220840379999998e-07,1.7270705799999998e-07,2.5482349500000004e-06,82.1166274,43.272601800000004,4.26717477e-10,9.167647200000001,0.0016882745100000002,0.16492965499999998,3.0730517e-06,4.983203969999999e-07,0.00153599405,0.12121833099999998,3.0730517e-06,4.983203969999999e-07,0.0008533545450000001,0.036570751500000005,3.0730517e-06,4.983203969999999e-07,0.0013168413000000001,0.08377211329999999,3.0730517e-06,4.983203969999999e-07,2.446188497543335
113,1678624200,1.90795327e-05,1.9079535399999998e-05,-0.01009183063,0.05842958765000002,0.0181541567,0.00347747671,0.007181778330000001,0.00558435358,1.5259574299999998e-06,1.3685913399999997e-05,5.6031469000000005,18.2,1.0276683160000002e-06,1.5614334699999999e-06,1.007638831e-06,7.5439921e-07,5.511513059999999e-07,4.61758876e-07,3.9430719600000003e-07,3.46755567e-07,7.27832178e-07,1.7087982000000001e-07,2.535924e-06,85.466295,47.7139917,3.2725594999999997e-10,9.2048128,0.0014208302,0.0985976169,2.65408189e-06,4.4140312700000004e-07,0.00140648501,0.09679681329999999,2.65408189e-06,4.4140312700000004e-07,0.0008126245950000001,0.0332604874,2.65408189e-06,4.4140312700000004e-07,0.0012704968699999999,0.07916480149999999,2.65408189e-06,4.4140312700000004e-07,2.4461809635162353
113,1678624800,1.9321888999999995e-05,1.93218954e-05,0.0027133720264,0.06708170085000001,0.018957661199999996,0.003501794850000001,0.007216053060000001,0.00561652053,1.74047515e-06,1.62019708e-05,5.561188769999999,19.5,1.07860161e-06,1.58679551e-06,1.01388815e-06,7.95205791e-07,5.737713200000001e-07,4.5801389500000006e-07,3.96837273e-07,3.3617047e-07,7.30327779e-07,1.70863277e-07,2.5204425899999997e-06,85.20858039999999,47.14100799999999,3.3466747300000003e-10,9.201057599999999,0.0014298875099999998,0.10091849000000001,2.8303154999999997e-06,4.52628567e-07,0.0014223837700000001,0.09908350140000001,2.8303154999999997e-06,4.52628567e-07,0.0008248436140000001,0.0341794931,2.8303154999999997e-06,4.52628567e-07,0.00129922203,0.0811926745,2.8303154999999997e-06,4.52628567e-07,2.4462331533432007
113,1678625400,2.0077361299999997e-05,2.0077366600000002e-05,-0.003993050390000001,0.22304419538000003,0.0202096833,0.00355587943,0.007345849640000001,0.005702199860000001,2.24056776e-06,2.134989495e-05,6.40034968,25.4,1.0929796600000003e-06,1.5750136999999999e-06,1.17207758e-06,8.633496659999999e-07,6.460594549999999e-07,4.7165703599999997e-07,4.1978539000000003e-07,3.4709329200000005e-07,7.568495369999999e-07,1.7175580599999998e-07,2.5220375e-06,84.5553702,46.2686943,3.5244146600000003e-10,9.19477225,0.00148443766,0.11211957560000001,2.87647758e-06,4.652678339999999e-07,0.00144907266,0.10450381900000001,2.87647758e-06,4.652678339999999e-07,0.000838283112,0.0347891308,2.87647758e-06,4.652678339999999e-07,0.0013104935399999998,0.0829430326,2.87647758e-06,4.652678339999999e-07,2.4461566686630247
113,1678626000,1.94267924e-05,1.9426797899999998e-05,0.01210665115,0.008991134150000003,0.018002246300000004,0.0035134519,0.007264809079999999,0.005653775639999999,1.54109445e-06,1.37054885e-05,5.736013890000001,21.5,1.051315967e-06,1.5719462100000003e-06,1.001437313e-06,8.252345279999998e-07,6.21527155e-07,5.02384545e-07,3.82223714e-07,3.349148320000001e-07,7.222834629999999e-07,1.70409191e-07,2.52969222e-06,85.1280845,47.1622768,3.35948495e-10,9.2008567,0.00148124683,0.1092066894,2.51712291e-06,4.345731750000001e-07,0.0013992276,0.0948612065,2.51712291e-06,4.345731750000001e-07,0.0008332720219999999,0.0341915097,2.51712291e-06,4.345731750000001e-07,0.00128593988,0.0798962986,2.51712291e-06,4.345731750000001e-07,2.446193289756775
113,1678626600,1.9519400599999998e-05,1.9519406799999997e-05,0.002256872230000001,0.22212412080000005,0.020109604300000004,0.0035046797399999998,0.007207444649999999,0.00562050363,2.30992936e-06,2.0463357300000002e-05,5.956293690000001,29.1,1.0351291750000001e-06,1.51992433e-06,9.456473859999999e-07,7.568471370000001e-07,7.106672799999999e-07,5.67607805e-07,4.26525716e-07,3.52460881e-07,7.436119390000001e-07,1.7379215599999998e-07,2.52745197e-06,85.0902995,47.467915399999995,3.37436448e-10,9.2010586,0.0014591114399999999,0.11166277869999999,2.5592155200000004e-06,4.511108049999999e-07,0.0013802916400000001,0.0924414425,2.5592155200000004e-06,4.511108049999999e-07,0.0008350916809999999,0.0350934354,2.5592155200000004e-06,4.511108049999999e-07,0.00125603255,0.0771382992,2.5592155200000004e-06,4.511108049999999e-07,2.446224570274353
113,1678627200,1.92946555e-05,1.9294658900000003e-05,0.008323274172,0.22610245200000004,0.0208298435,0.00348108995,0.00717676939,0.00558103647,2.1358143299999996e-06,1.83685505e-05,5.7814685400000005,27.6,1.0348355300000002e-06,1.5399143899999998e-06,1.011069138e-06,8.1262871e-07,6.431514029999999e-07,4.649299979999999e-07,3.83484238e-07,3.3302446100000004e-07,7.33526592e-07,1.6994633599999998e-07,2.5207690500000002e-06,85.241102,47.4138275,3.3375888500000004e-10,9.201096600000003,0.00143511908,0.10691897139999999,2.57525245e-06,4.38988885e-07,0.0013889942200000002,0.09564832109999999,2.57525245e-06,4.38988885e-07,0.0008185001609999999,0.0333582065,2.57525245e-06,4.38988885e-07,0.0012737398000000001,0.0787969439,2.57525245e-06,4.38988885e-07,2.446166729927063
113,1678627800,1.8755287e-05,1.87552884e-05,0.007634949836,-0.0071809015000000006,0.0179135511,0.0034558947,0.00712492682,0.0055586171,1.27613803e-06,1.1610600749999999e-05,5.118881,14.1,1.1101664e-06,1.52836164e-06,9.8539582e-07,6.8225044e-07,5.33822602e-07,4.44492821e-07,3.5629177999999997e-07,3.2009496399999996e-07,7.21932995e-07,1.69410442e-07,2.5253877300000006e-06,85.93237500000001,47.9043848,3.22488586e-10,9.20495565,0.0013941980600000001,0.094272515,2.46577896e-06,4.43704467e-07,0.00138217844,0.0927422246,2.46577896e-06,4.43704467e-07,0.000842755989,0.034903734000000006,2.46577896e-06,4.43704467e-07,0.0012958288800000001,0.0809662175,2.46577896e-06,4.43704467e-07,2.4462096452713014
113,1678628400,1.89180809e-05,1.89180846e-05,0.007293107959999999,0.18614193979,0.020054332299999998,0.0034599433700000003,0.00713031598,0.00554815931,1.7422272300000003e-06,1.715029295e-05,5.51398595,20.7,1.05738744e-06,1.4747214600000002e-06,9.89110164e-07,7.585834360000001e-07,5.685079180000001e-07,4.52584633e-07,3.8401116000000003e-07,3.47294416e-07,7.21024089e-07,1.72570151e-07,2.533226e-06,85.676314,48.073808199999995,3.23274365e-10,9.2064397,0.00142926579,0.1018079741,2.46742908e-06,4.431653969999999e-07,0.00136451166,0.09068987850000002,2.46742908e-06,4.431653969999999e-07,0.0008272038629999999,0.0339971569,2.46742908e-06,4.431653969999999e-07,0.00125630143,0.0770547524,2.46742908e-06,4.431653969999999e-07,2.446111297607422
113,1678629000,1.85274831e-05,1.8527484500000003e-05,-0.00262008885,0.0017371936999999997,0.017249218599999998,0.0034349555899999993,0.007073779590000001,0.00550581051,1.27564816e-06,1.194028705e-05,5.01223781,15.6,1.04905446e-06,1.4821420099999999e-06,9.36636133e-07,6.814357709999999e-07,5.29127979e-07,4.7256648499999996e-07,3.82011767e-07,3.3155222e-07,7.076005370000002e-07,1.68766191e-07,2.52282276e-06,86.0445935,48.4486682,3.15583939e-10,9.2079447,0.00139791,0.09501070549999999,2.2510644399999997e-06,4.22311998e-07,0.0013532720600000002,0.0891805294,2.2510644399999997e-06,4.22311998e-07,0.000848355736,0.0353225029,2.2510644399999997e-06,4.22311998e-07,0.00124434843,0.07588746240000001,2.2510644399999997e-06,4.22311998e-07,2.446128988265991
113,1678629600,1.86245172e-05,1.8624524400000003e-05,-0.004031101064,0.004423883268999999,0.017505003999999998,0.0034419517499999996,0.007107156160000001,0.00552977245,1.2598142200000001e-06,1.12290812e-05,5.29895092,14.1,1.10033382e-06,1.49759326e-06,9.704610949999999e-07,6.706055779999999e-07,5.35294884e-07,4.409546680000001e-07,3.72057561e-07,3.1642005499999996e-07,7.140168320000001e-07,1.72971258e-07,2.52147431e-06,85.9102884,48.1202308,3.17859053e-10,9.2088329,0.00139035295,0.0939195867,2.98001879e-06,4.99091982e-07,0.00136289254,0.0907135587,2.98001879e-06,4.99091982e-07,0.000841008675,0.0357001199,2.98001879e-06,4.99091982e-07,0.00127532321,0.0777739511,2.98001879e-06,4.99091982e-07,2.446108841896057
113,1678630200,1.9406044e-05,1.9406046800000002e-05,0.012714442279999998,0.38411668255,0.020466636899999998,0.00348522382,0.007197592729999999,0.005599586619999999,2.26888391e-06,2.0272832949999998e-05,5.78321675,25.1,1.0735273999999998e-06,1.5603374999999998e-06,1.027442227e-06,8.71754695e-07,5.726529429999999e-07,4.6230667000000006e-07,3.80285363e-07,3.3573663e-07,7.35410543e-07,1.7275391599999997e-07,2.51075e-06,85.242909,47.125854000000004,3.3857792899999997e-10,9.199096599999999,0.0014157556599999998,0.10329946409999999,2.5966505100000003e-06,4.56460106e-07,0.00141228078,0.100071337,2.5966505100000003e-06,4.56460106e-07,0.000839372513,0.034901721,2.5966505100000003e-06,4.56460106e-07,0.00127763351,0.078285364,2.5966505100000003e-06,4.56460106e-07,2.446182203292847
113,1678630800,1.86978316e-05,1.86978367e-05,-0.004891958588000001,0.022931337662,0.0181512915,0.00344614981,0.00710553041,0.005531904759999999,1.2866111300000002e-06,1.16109052e-05,5.167832200000001,13.8,1.087152251e-06,1.52028659e-06,9.468368799999999e-07,6.99580355e-07,5.43940747e-07,4.3818026400000003e-07,3.73543576e-07,3.25170414e-07,7.25735531e-07,1.72366422e-07,2.5160787e-06,85.7776456,48.0604651,3.1927621900000003e-10,9.208458,0.0014096549599999998,0.0964751382,2.6009243499999996e-06,4.5884242500000006e-07,0.0013573175299999999,0.0891711838,2.6009243499999996e-06,4.5884242500000006e-07,0.000850106098,0.035876199500000004,2.6009243499999996e-06,4.5884242500000006e-07,0.00126945976,0.0787572615,2.6009243499999996e-06,4.5884242500000006e-07,2.446170282363892
113,1678631400,1.9234598100000003e-05,1.9234605e-05,0.008798482469999999,0.12706419633000002,0.018875691,0.0034820504500000004,0.0071857870800000005,0.0055976694300000004,1.7823369e-06,1.538335885e-05,5.683566430000001,19.2,1.0748223999999998e-06,1.5385179100000001e-06,1.002366918e-06,8.01216858e-07,5.64505615e-07,4.55070549e-07,3.8180510400000003e-07,3.3666177e-07,7.53734297e-07,1.72850561e-07,2.53573195e-06,85.39941420000001,47.626804299999996,3.31940777e-10,9.20315025,0.00142127522,0.101207581,2.7321364899999997e-06,4.6164724700000003e-07,0.0013957402,0.09613425950000001,2.7321364899999997e-06,4.6164724700000003e-07,0.000832839088,0.034543084099999996,2.7321364899999997e-06,4.6164724700000003e-07,0.00127177303,0.07883622190000002,2.7321364899999997e-06,4.6164724700000003e-07,2.4461678743362425
113,1678632000,1.86420111e-05,1.86420132e-05,-0.009430083080000002,-0.00934382882,0.0168144028,0.00344566964,0.0071004243,0.0055425050000000005,1.29407151e-06,1.21638733e-05,5.0279719599999995,16.0,1.10432751e-06,1.50653247e-06,9.74388175e-07,6.64408724e-07,5.353668889999999e-07,4.38495707e-07,3.733870779999999e-07,3.2040319299999997e-07,7.176962140000001e-07,1.74480019e-07,2.5114788900000003e-06,85.8843212,48.041183200000006,3.1870617499999995e-10,9.207937699999999,0.0013887349999999999,0.0935879896,3.42157086e-06,5.10732482e-07,0.00137747165,0.09146978039999999,3.42157086e-06,5.10732482e-07,0.000863108638,0.037211014900000006,3.42157086e-06,5.10732482e-07,0.0012627113300000001,0.07783669169999999,3.42157086e-06,5.10732482e-07,2.4461594820022583
113,1678632600,1.83696459e-05,1.83696515e-05,0.010906662379999998,-0.0042449218200000015,0.0177954134,0.00342030797,0.007070056700000001,0.00549868881,1.23360779e-06,1.1739561749999999e-05,4.87412583,13.7,1.047878804e-06,1.48472861e-06,9.318125030000001e-07,6.49204294e-07,5.188660470000001e-07,4.2604527699999995e-07,3.6767196700000005e-07,3.40469656e-07,7.142857490000001e-07,1.70745604e-07,2.53308935e-06,86.1922035,48.7318078,3.1080095799999995e-10,9.2123869,0.0013768175500000002,0.09194555439999999,3.03281525e-06,4.984389e-07,0.0013584795,0.08957352599999999,3.03281525e-06,4.984389e-07,0.0008310828399999999,0.0348503671,3.03281525e-06,4.984389e-07,0.00122843158,0.073580957,3.03281525e-06,4.984389e-07,2.4462154388427733
113,1678633200,1.9093902400000002e-05,1.90939053e-05,0.0043158015600000006,0.05606498205,0.0183545115,0.0034798989700000004,0.00717565041,0.00559455159,1.5365228500000001e-06,1.4563838800000001e-05,5.54720278,18.5,1.0895868399999998e-06,1.5908790199999998e-06,9.84009741e-07,7.13435811e-07,5.56053682e-07,4.6394547100000006e-07,3.89601271e-07,3.39189945e-07,7.30658486e-07,1.71159758e-07,2.51833871e-06,85.50958310000001,47.4504531,3.29284168e-10,9.2035134,0.0014080488699999998,0.09825680319999999,2.76478762e-06,4.67213789e-07,0.00137626115,0.0925827494,2.76478762e-06,4.67213789e-07,0.000848994539,0.0356227664,2.76478762e-06,4.67213789e-07,0.00131077377,0.08272572950000001,2.76478762e-06,4.67213789e-07,2.4462267637252806
113,1678633800,1.8694824399999998e-05,1.86948288e-05,0.00337547812,0.015454056059999999,0.0179372011,0.00344862666,0.007109956279999999,0.00553088371,1.22576478e-06,1.10780974e-05,5.148601360000001,14.5,1.05683913e-06,1.5456998e-06,9.530672640000001e-07,6.96258042e-07,5.367417040000001e-07,4.4456621699999995e-07,3.81730782e-07,3.3499536e-07,7.174010249999999e-07,1.7363707300000003e-07,2.50643927e-06,85.94665189999999,48.098907600000004,3.19459883e-10,9.208468499999999,0.00140258138,0.09558218080000001,3.01695171e-06,4.6218807100000003e-07,0.0013736192900000001,0.0912223797,3.01695171e-06,4.6218807100000003e-07,0.0008366129299999999,0.0346853457,3.01695171e-06,4.6218807100000003e-07,0.00128398582,0.0788993004,3.01695171e-06,4.6218807100000003e-07,2.4461379528045653
113,1678634400,1.86055268e-05,1.8605530099999997e-05,0.0025582483839999997,-0.010650578069999998,0.017345495699999998,0.0034436399799999996,0.00708872601,0.0055392123299999995,1.2922819599999999e-06,1.175677695e-05,5.080419560000001,14.7,1.0976498000000001e-06,1.5314592799999997e-06,9.20049156e-07,7.052837280000001e-07,5.39278917e-07,4.1927115e-07,3.71479751e-07,3.1916655599999997e-07,7.06825262e-07,1.6863427699999997e-07,2.52361982e-06,85.8632435,48.0831816,3.17964986e-10,9.207262699999998,0.0013848074700000001,0.09381789630000001,2.59911147e-06,4.76500877e-07,0.0013659094600000001,0.09001506009999999,2.59911147e-06,4.76500877e-07,0.0008547690440000001,0.0365333755,2.59911147e-06,4.76500877e-07,0.0012658334600000002,0.07853212600000001,2.59911147e-06,4.76500877e-07,2.4461572647094725
113,1678635000,1.86286066e-05,1.8628611e-05,-0.0031010542899999995,0.0079778902,0.017647145600000004,0.00344464285,0.007090029180000001,0.00552958896,1.20563558e-06,1.137215925e-05,5.23251743,14.7,1.0602790849999999e-06,1.50710294e-06,9.669935310000002e-07,6.87657745e-07,5.384867910000001e-07,4.45774257e-07,3.7341999400000005e-07,3.2803131299999995e-07,7.16015529e-07,1.72222485e-07,2.51829341e-06,85.97527720000001,48.236508,3.1771912400000005e-10,9.20890275,0.00139823364,0.09499677150000001,2.50696786e-06,4.3236672400000003e-07,0.0013751661199999999,0.0911399739,2.50696786e-06,4.3236672400000003e-07,0.0008101860559999998,0.0329139263,2.50696786e-06,4.3236672400000003e-07,0.00128129784,0.0797700367,2.50696786e-06,4.3236672400000003e-07,2.4461889982223513
113,1678635600,1.89272621e-05,1.8927264400000002e-05,0.005766977550000001,0.12440268668000001,0.0193559318,0.0034603079500000002,0.007127396890000001,0.0055435137100000005,1.7358478399999999e-06,1.6064088750000002e-05,5.57167834,20.3,1.077336e-06,1.4967536100000003e-06,1.01048976e-06,7.667198799999999e-07,5.489627620000001e-07,4.4959614599999995e-07,3.8337848500000005e-07,3.1993536499999996e-07,7.12270861e-07,1.69238972e-07,2.5289174100000003e-06,85.6565735,47.7950695,3.25467241e-10,9.204999099999998,0.0014167707500000002,0.09991467340000001,2.7386906099999997e-06,4.48309753e-07,0.00137359415,0.09323945540000002,2.7386906099999997e-06,4.48309753e-07,0.000848239711,0.0350583737,2.7386906099999997e-06,4.48309753e-07,0.0012642818100000001,0.07781538650000001,2.7386906099999997e-06,4.48309753e-07,2.4461961507797243
113,1678636200,1.87035604e-05,1.87035675e-05,-0.0063654233800000005,0.01281369596,0.0180347324,0.0034497000400000007,0.007102436549999999,0.00554566109,1.2418920199999998e-06,1.13047496e-05,5.20104891,13.9,1.11427624e-06,1.51021247e-06,9.63991083e-07,6.89460587e-07,5.295289610000001e-07,4.2707323499999995e-07,3.8200702399999997e-07,3.2971458599999997e-07,7.15206845e-07,1.6936063900000002e-07,2.52090775e-06,85.8911408,47.973436299999996,3.2078711100000003e-10,9.206770700000002,0.0013922540400000002,0.0942179218,2.4470778099999996e-06,4.49448909e-07,0.0013611531299999998,0.08954052300000001,2.4470778099999996e-06,4.49448909e-07,0.000840341512,0.03496342300000001,2.4470778099999996e-06,4.49448909e-07,0.00129017208,0.0813252576,2.4470778099999996e-06,4.49448909e-07,2.4461535692214964
113,1678636800,1.85406719e-05,1.85406748e-05,-0.008876168073,-0.005538366899999999,0.0178431857,0.00343798095,0.00707422999,0.005520580149999999,1.21370082e-06,1.09735873e-05,4.98251742,15.4,1.1328850400000001e-06,1.48859828e-06,9.114651069999999e-07,6.87552273e-07,5.30917471e-07,4.3194712e-07,3.5960440199999994e-07,3.24042064e-07,7.114768550000001e-07,1.70673049e-07,2.5211361399999997e-06,86.2215064,48.3637918,3.15432002e-10,9.21141535,0.0013956745,0.0941500888,2.6636166e-06,4.78957974e-07,0.0013322756199999999,0.08661763819999999,2.6636166e-06,4.78957974e-07,0.0008702676959999999,0.0374762147,2.6636166e-06,4.78957974e-07,0.0012787819899999996,0.0791595857,2.6636166e-06,4.78957974e-07,2.4461575508117677
113,1678637400,1.85473076e-05,1.85473115e-05,-0.0001514716699999993,-0.002910278429999999,0.017591627699999998,0.0034365253899999995,0.0070790149100000005,0.0055156696,1.2226307399999999e-06,1.1902349600000003e-05,5.11538462,14.6,1.06640963e-06,1.53390778e-06,9.407871010000001e-07,6.79309646e-07,5.13958597e-07,4.3269543900000003e-07,3.6116368400000006e-07,3.2499616899999993e-07,7.20140592e-07,1.72832601e-07,2.52739348e-06,86.17911369999999,48.4430032,3.15640003e-10,9.210185599999999,0.0013824936999999999,0.09254109699999999,2.41047078e-06,4.4009222600000005e-07,0.0013596179500000001,0.0897773436,2.41047078e-06,4.4009222600000005e-07,0.000832896799,0.034651972600000004,2.41047078e-06,4.4009222600000005e-07,0.00128113644,0.0798545939,2.41047078e-06,4.4009222600000005e-07,2.4461490869522096
113,1678638000,1.8484721500000005e-05,1.8484725500000003e-05,-0.00280355323,0.0014757966999999997,0.016998354499999997,0.00342977028,0.007075440090000001,0.00551044526,1.2633763599999998e-06,1.10553922e-05,5.022727290000001,13.1,1.0661201999999998e-06,1.51207807e-06,9.175876029999998e-07,6.81276732e-07,5.34059641e-07,4.2698823e-07,3.7825244800000003e-07,3.29853075e-07,7.089682270000001e-07,1.67026909e-07,2.5201099400000003e-06,86.06877460000001,48.36199380000001,3.14780553e-10,9.209467,0.0013905362899999999,0.09362451760000001,2.62421806e-06,4.50266973e-07,0.00133462682,0.0865964568,2.62421806e-06,4.50266973e-07,0.00084312741,0.0348517317,2.62421806e-06,4.50266973e-07,0.0012843658,0.0792894445,2.62421806e-06,4.50266973e-07,2.446245551109314
113,1678638600,1.8439409600000003e-05,1.8439416600000002e-05,0.009208025329999998,-0.011097948519999998,0.016823539899999997,0.00342509326,0.007080541429999999,0.0055159152400000005,1.23063815e-06,1.1492537950000002e-05,5.08041947,14.1,1.05336282e-06,1.4928951399999999e-06,9.317797e-07,6.81109432e-07,5.153135560000001e-07,4.42546508e-07,3.63271122e-07,3.276637550000001e-07,7.10493931e-07,1.7448619700000002e-07,2.52675483e-06,86.1885474,48.60163550000001,3.13085151e-10,9.211077200000002,0.0013915874000000003,0.09341627289999999,2.6539217399999998e-06,4.57641326e-07,0.00134539614,0.08794535190000001,2.6539217399999998e-06,4.57641326e-07,0.000825538579,0.0341658888,2.6539217399999998e-06,4.57641326e-07,0.00126566795,0.0772731224,2.6539217399999998e-06,4.57641326e-07,2.4461490392684935
113,1678639200,1.84068121e-05,1.84068144e-05,-0.00808450221,0.0048990293565,0.0172207264,0.00341957022,0.007052597560000001,0.00549924697,1.2273248099999999e-06,1.1430262799999999e-05,5.096153780000001,14.2,1.0460642219999998e-06,1.52070841e-06,9.37838204e-07,6.37413396e-07,5.384214400000001e-07,4.3286514800000007e-07,3.6887864599999996e-07,3.16946937e-07,7.230658229999999e-07,1.7331834099999998e-07,2.5078603999999997e-06,86.1324654,48.473410200000004,3.13781909e-10,9.2093079,0.0013796631200000001,0.0923885641,2.5407039200000003e-06,4.530553579999999e-07,0.00135306551,0.08814240370000001,2.5407039200000003e-06,4.530553579999999e-07,0.000832672269,0.0344621775,2.5407039200000003e-06,4.530553579999999e-07,0.0012784498799999998,0.0787958227,2.5407039200000003e-06,4.530553579999999e-07,2.4461385726928713
113,1678639800,1.85696027e-05,1.8569604799999996e-05,0.00995563015,0.009954856900000001,0.0180255535,0.0034369149500000002,0.007094111700000001,0.00552027278,1.25916839e-06,1.08962304e-05,5.134615370000001,15.3,1.0829201e-06,1.52335758e-06,9.438387520000001e-07,6.68614193e-07,5.38186383e-07,4.4850952299999995e-07,3.5965450799999996e-07,3.14636024e-07,7.15193401e-07,1.7118124299999998e-07,2.51868772e-06,86.0589387,48.235483900000006,3.16595966e-10,9.2090856,0.0013921809199999998,0.0942058615,2.3864585000000006e-06,4.4257406e-07,0.0013612181599999998,0.0900210739,2.3864585000000006e-06,4.4257406e-07,0.0008297863920000001,0.034237576000000006,2.3864585000000006e-06,4.4257406e-07,0.00128541816,0.0795114048,2.3864585000000006e-06,4.4257406e-07,2.4461494207382204
113,1678640400,1.8519062099999998e-05,1.85190671e-05,-0.00960591905,-0.012680231600000003,0.0178381924,0.00343499489,0.007063450640000001,0.00551693811,1.21924423e-06,1.12093878e-05,5.020979070000001,14.0,1.08552615e-06,1.49769226e-06,9.31297204e-07,6.66052662e-07,5.367636169999999e-07,4.3552480099999997e-07,3.68225353e-07,3.2776149400000004e-07,7.17848261e-07,1.69531311e-07,2.52325682e-06,85.9566135,48.3444527,3.15236446e-10,9.209448,0.0013879498000000001,0.0930407906,2.64964903e-06,4.61612942e-07,0.0013569791500000002,0.0890773125,2.64964903e-06,4.61612942e-07,0.0008264534119999999,0.034295959400000006,2.64964903e-06,4.61612942e-07,0.00127274688,0.07876880950000001,2.64964903e-06,4.61612942e-07,2.446125316619873
113,1678641000,1.8452954200000002e-05,1.8452959400000002e-05,-0.00561748009,0.00042117721000000074,0.017248466299999998,0.00342832281,0.00704413708,0.00548383447,1.210312e-06,1.106720035e-05,5.02972025,13.9,1.06612669e-06,1.48746023e-06,9.143769219999998e-07,6.97268229e-07,5.30303457e-07,4.34982409e-07,3.7627684800000003e-07,3.1874455399999996e-07,7.08452186e-07,1.73006387e-07,2.51943721e-06,86.13444989999999,48.5426088,3.1320661800000005e-10,9.211207000000002,0.00138312577,0.09301995860000001,2.5076929199999995e-06,4.484656310000001e-07,0.0013630877399999999,0.089908698,2.5076929199999995e-06,4.484656310000001e-07,0.000844251597,0.0350948089,2.5076929199999995e-06,4.484656310000001e-07,0.0012529595900000001,0.07564299910000001,2.5076929199999995e-06,4.484656310000001e-07,2.4462366104125977
113,1678641600,1.83716337e-05,1.8371638299999997e-05,0.00410675894,-0.012980672270000002,0.017902732299999998,0.00342059163,0.007048369510000001,0.005494129329999999,1.2298641599999999e-06,1.1083596550000001e-05,4.73426576,11.7,1.0784693e-06,1.44480088e-06,8.974732789999999e-07,6.94561613e-07,5.297835620000001e-07,4.4479415200000003e-07,3.71034853e-07,3.1982591100000007e-07,7.08472242e-07,1.6921127700000002e-07,2.52737272e-06,86.29844499999999,48.756574,3.11221088e-10,9.21184285,0.0013895460299999998,0.09398734430000001,3.2165864199999993e-06,4.784756280000001e-07,0.0013250184700000001,0.0851286505,3.2165864199999993e-06,4.784756280000001e-07,0.0008446719449999999,0.0351648026,3.2165864199999993e-06,4.784756280000001e-07,0.00125300982,0.0765969964,3.2165864199999993e-06,4.784756280000001e-07,2.4461445808410645
113,1678642200,1.8631147200000004e-05,1.86311557e-05,-0.0055392027400000005,0.01802667419,0.0179725675,0.00344254174,0.007089468529999999,0.00552509389,1.3282653299999999e-06,1.240334805e-05,5.0821678,15.2,1.045075965e-06,1.5420658699999999e-06,9.460319869999998e-07,6.9350222e-07,5.4002954e-07,4.4366755100000006e-07,3.73507693e-07,3.19973638e-07,7.2082369e-07,1.7173543400000003e-07,2.5191377e-06,85.92508559999999,48.1937714,3.18217047e-10,9.20824825,0.00139029102,0.09441589390000002,2.3458468400000006e-06,4.310763659999999e-07,0.0013576849199999999,0.08979509599999999,2.3458468400000006e-06,4.310763659999999e-07,0.000829885411,0.034134128900000005,2.3458468400000006e-06,4.310763659999999e-07,0.0012758352,0.07910316790000001,2.3458468400000006e-06,4.310763659999999e-07,2.4461342811584474
113,1678642800,1.84529781e-05,1.84529796e-05,-0.00809104664,0.0007873685999999998,0.017344593799999995,0.0034273536800000005,0.0070397624800000004,0.0054978452099999995,1.24962777e-06,1.1537350149999998e-05,4.96503493,13.2,1.071960434e-06,1.46601208e-06,9.35662082e-07,6.71480279e-07,5.28024858e-07,4.46091836e-07,3.7285745e-07,3.2569244900000004e-07,7.19866833e-07,1.7231741400000004e-07,2.5164880399999994e-06,86.1351136,48.5975344,3.12982781e-10,9.2106869,0.00137809003,0.0922378991,2.84995415e-06,4.527657040000001e-07,0.00135902012,0.0898694839,2.84995415e-06,4.527657040000001e-07,0.000832435785,0.0344585851,2.84995415e-06,4.527657040000001e-07,0.0012550352300000002,0.076135313,2.84995415e-06,4.527657040000001e-07,2.4461620807647706
113,1678643400,1.85570623e-05,1.85570656e-05,-0.00207617196,0.00955428265,0.0168996845,0.0034377838599999994,0.0070691342,0.0055218153700000005,1.2533983399999998e-06,1.115778565e-05,5.02622373,14.4,1.10275549e-06,1.4977594e-06,9.374073919999999e-07,6.673484870000001e-07,5.43378995e-07,4.209100239999999e-07,3.6701136e-07,3.2796160299999997e-07,7.27159978e-07,1.7089030199999997e-07,2.51591551e-06,85.95428790000001,48.2592382,3.1610859e-10,9.2090237,0.0013876949100000001,0.0929765386,2.70066854e-06,4.59874804e-07,0.0013519156100000001,0.0888936471,2.70066854e-06,4.59874804e-07,0.0008439599860000001,0.035386134900000005,2.70066854e-06,4.59874804e-07,0.0012738409200000003,0.07921991249999999,2.70066854e-06,4.59874804e-07,2.4461342096328735
113,1678644000,1.8477797e-05,1.8477799500000003e-05,0.000677351784999999,-0.015359332799999997,0.0173306259,0.0034313043499999995,0.00705615342,0.005506163810000001,1.2061835800000001e-06,1.1075799899999998e-05,4.95279724,13.2,1.0489311400000001e-06,1.4956267900000001e-06,9.356595319999998e-07,6.536060940000001e-07,5.37358151e-07,4.50465802e-07,3.71785671e-07,3.1460206200000004e-07,7.239605630000001e-07,1.73898851e-07,2.5329420300000006e-06,86.24513800000001,48.6693172,3.13326161e-10,9.21105765,0.0013871042200000003,0.0933774141,2.6654043099999997e-06,4.61940573e-07,0.0013506121200000001,0.08795801859999999,2.6654043099999997e-06,4.61940573e-07,0.0008456625990000001,0.0353340947,2.6654043099999997e-06,4.61940573e-07,0.0012582925899999999,0.07714457050000001,2.6654043099999997e-06,4.61940573e-07,2.4460384368896486
113,1678644600,1.8310186100000003e-05,1.8310190600000002e-05,0.004961404340000001,-0.025725468680000002,0.017329358700000002,0.0034170527799999998,0.007059645779999998,0.0054948303399999995,1.2384805e-06,1.1814707400000001e-05,4.75349646,14.2,1.07191433e-06,1.4669503099999998e-06,9.34864793e-07,6.548184209999999e-07,5.158896700000001e-07,4.26407362e-07,3.71990047e-07,3.21234388e-07,7.10275343e-07,1.71768289e-07,2.50896706e-06,86.251494,48.62638080000001,3.10433471e-10,9.21203295,0.00137094525,0.091278717,2.6624083999999997e-06,4.50332582e-07,0.00134671005,0.087830289,2.6624083999999997e-06,4.50332582e-07,0.0008442262049999999,0.0350108111,2.6624083999999997e-06,4.50332582e-07,0.00126130371,0.0765046865,2.6624083999999997e-06,4.50332582e-07,2.44615159034729
113,1678645200,1.85886453e-05,1.8588652400000002e-05,0.0069867550300000015,-0.02147709399,0.0175044161,0.00344271065,0.007095249760000001,0.0055147389400000005,1.22449216e-06,1.138482655e-05,5.15909098,14.5,1.10951793e-06,1.50883473e-06,9.44291181e-07,6.70397269e-07,5.31953973e-07,4.39639726e-07,3.7301772000000003e-07,3.2292640099999996e-07,7.0932779e-07,1.70997868e-07,2.51337899e-06,85.98374,48.104468000000004,3.18044006e-10,9.20760055,0.00140353967,0.09529292,2.7901748e-06,4.7497330299999994e-07,0.00135857356,0.08922189729999999,2.7901748e-06,4.7497330299999994e-07,0.0008568126820000001,0.0366549868,2.7901748e-06,4.7497330299999994e-07,0.0012752877899999998,0.0781442319,2.7901748e-06,4.7497330299999994e-07,2.4460978269577027
113,1678645800,1.85850614e-05,1.8585065499999998e-05,0.0067366896999999995,0.00520207687,0.0172906999,0.00343938133,0.007105446639999999,0.00551769382,1.2506477899999999e-06,1.135663445e-05,5.11538459,14.1,1.09483018e-06,1.50867032e-06,9.463769879999999e-07,6.648039459999999e-07,5.285233e-07,4.33804901e-07,3.74683372e-07,3.17125859e-07,7.17473917e-07,1.7181200799999998e-07,2.53441071e-06,85.9862125,48.322261000000005,3.16288012e-10,9.2089867,0.00139302557,0.09403699839999999,2.7800911299999997e-06,4.51189822e-07,0.00134386621,0.0878866945,2.7800911299999997e-06,4.51189822e-07,0.0008519018179999999,0.035565203899999995,2.7800911299999997e-06,4.51189822e-07,0.00127219884,0.07881563109999999,2.7800911299999997e-06,4.51189822e-07,2.4461092948913574
113,1678646400,1.8463228499999998e-05,1.8463232099999995e-05,0.0006232032899999997,0.0006222355000000004,0.0183467239,0.0034271454200000004,0.007072513450000001,0.00551985023,1.19215574e-06,1.111921235e-05,5.00524465,14.7,1.07375115e-06,1.48597125e-06,9.56142654e-07,6.54560065e-07,5.20329703e-07,4.41307579e-07,3.59985449e-07,3.14519525e-07,7.16347014e-07,1.72346096e-07,2.5363261199999996e-06,86.26603820000001,48.633215299999996,3.13447351e-10,9.2110633,0.0013863783599999998,0.0932820851,2.3288840299999997e-06,4.27091042e-07,0.00135802276,0.0893352365,2.3288840299999997e-06,4.27091042e-07,0.000827940036,0.033757352799999994,2.3288840299999997e-06,4.27091042e-07,0.0012727226200000001,0.07822116999999999,2.3288840299999997e-06,4.27091042e-07,2.4461087942123414
113,1678647000,1.83799766e-05,1.8379982500000002e-05,-0.00932944898,0.006954052209999997,0.018037988400000003,0.00341911234,0.007041878099999998,0.0054983173100000005,1.2032838199999997e-06,1.10090792e-05,4.95804203,13.8,1.0527147e-06,1.46398384e-06,9.303858699999999e-07,6.61840674e-07,5.12331403e-07,4.3934498500000005e-07,3.70272478e-07,3.25371912e-07,7.16835026e-07,1.7140306799999997e-07,2.54548637e-06,86.26293359999998,48.8839524,3.107837459999999e-10,9.21301785,0.0013719663299999998,0.0916653695,2.69268191e-06,4.6376790100000004e-07,0.00135379219,0.088587745,2.69268191e-06,4.6376790100000004e-07,0.000837018735,0.0348846261,2.69268191e-06,4.6376790100000004e-07,0.00124358712,0.07510149429999999,2.69268191e-06,4.6376790100000004e-07,2.446061873435974
113,1678647600,1.85072339e-05,1.85072369e-05,-0.0083868137,-0.0007664551200000008,0.0182338178,0.00343551992,0.00705539392,0.005516605069999999,1.2230573600000001e-06,1.1452594600000001e-05,5.138111759999999,13.9,1.08201761e-06,1.53509645e-06,9.594864559999999e-07,6.644646619999999e-07,5.28111095e-07,4.3281439700000004e-07,3.63173128e-07,3.1970391899999996e-07,6.93863672e-07,1.73062845e-07,2.50180143e-06,86.03397520000001,48.018962300000005,3.17128205e-10,9.207667149999999,0.00136346798,0.0909821615,2.64714679e-06,4.85186482e-07,0.00136519424,0.0903675417,2.64714679e-06,4.85186482e-07,0.000858595645,0.036893338,2.64714679e-06,4.85186482e-07,0.00128505163,0.0795402466,2.64714679e-06,4.85186482e-07,2.4461342811584474
113,1678648200,1.8597164888888888e-05,1.8597167444444444e-05,0.002526365777777778,-0.008003789455555556,0.018316640777777775,0.003442690733333333,0.0070870666666666676,0.005531352077777777,1.2334167777777777e-06,1.1488546722222225e-05,5.211732733333333,14.666666666666666,1.066834688888889e-06,1.4810702444444445e-06,9.58774468888889e-07,6.997330455555555e-07,5.353777988888889e-07,4.372216422222222e-07,3.7826353777777775e-07,3.1956127333333335e-07,7.178618788888889e-07,1.7166143999999997e-07,2.5321793333333333e-06,86.10917344444445,48.45719344444445,3.163054522222222e-10,9.21016677777778,0.0013863826555555556,0.09380025177777777,2.4555065555555556e-06,4.431424244444445e-07,0.0013774939777777778,0.09185166011111111,2.4555065555555556e-06,4.431424244444445e-07,0.000842394611111111,0.03495806144444444,2.4555065555555556e-06,4.431424244444445e-07,0.0012513725111111113,0.0754894728888889,2.4555065555555556e-06,4.431424244444445e-07,2.4460970560709634
113,1678648800,1.83797375e-05,1.8379740800000002e-05,-0.01304795484,0.009898925264000002,0.0171763718,0.00341781408,0.00700929054,0.005479613560000001,1.23142164e-06,1.1057341149999998e-05,4.97727273,13.5,1.07446103e-06,1.49265045e-06,9.09524637e-07,6.67046168e-07,5.17183506e-07,4.34664567e-07,3.6661748800000003e-07,3.14653321e-07,7.17750798e-07,1.74650599e-07,2.5206019e-06,86.36120109999999,48.7048539,3.12259452e-10,9.2111386,0.0013746373800000002,0.09169468299999999,2.52830979e-06,4.3729992499999997e-07,0.0013403528700000002,0.0874740328,2.52830979e-06,4.3729992499999997e-07,0.0008273573390000001,0.0337350424,2.52830979e-06,4.3729992499999997e-07,0.00126568161,0.0784280234,2.52830979e-06,4.3729992499999997e-07,2.4461230754852297
113,1678649400,1.84617859e-05,1.8461790099999998e-05,-0.00586405905,-0.01397537643,0.0173736419,0.00343096309,0.00704719414,0.005506016210000001,1.2237228e-06,1.16032473e-05,4.91608394,13.0,1.04236216e-06,1.4951133299999997e-06,9.354869369999999e-07,6.804052850000001e-07,5.31889561e-07,4.30985801e-07,3.75774951e-07,3.3596673499999997e-07,7.082981490000001e-07,1.72443861e-07,2.52212546e-06,86.093503,48.54503199999999,3.13228188e-10,9.21149855,0.0013907656899999998,0.0938637286,2.43011657e-06,4.4084393999999997e-07,0.00135120097,0.08846630260000002,2.43011657e-06,4.4084393999999997e-07,0.000852649026,0.035505284799999995,2.43011657e-06,4.4084393999999997e-07,0.0012444316399999999,0.075451672,2.43011657e-06,4.4084393999999997e-07,2.446179914474487
113,1678650000,1.8735190000000002e-05,1.87351939e-05,-0.004269730408,0.0013669712800000015,0.017883128499999998,0.0034542246200000002,0.007122173399999999,0.00556237249,1.32021981e-06,1.1748420500000002e-05,5.13811186,14.0,1.12802286e-06,1.53281715e-06,9.456794950000002e-07,6.90076597e-07,5.1281772e-07,4.2736027e-07,3.7949507999999997e-07,3.33346008e-07,7.207849799999999e-07,1.70842535e-07,2.5263174000000003e-06,85.94494990000001,48.0050895,3.20794897e-10,9.207791850000001,0.0013851169699999998,0.09319813019999999,2.7440360799999995e-06,4.47659315e-07,0.00137538886,0.0915031035,2.7440360799999995e-06,4.47659315e-07,0.0008411883780000001,0.034781718100000004,2.7440360799999995e-06,4.47659315e-07,0.0013009228200000001,0.0815127489,2.7440360799999995e-06,4.47659315e-07,2.4461265087127684
113,1678650600,1.84822437e-05,1.8482245700000002e-05,0.006781265860000001,0.00263271406,0.0175733577,0.0034296475099999993,0.00708671204,0.00551502206,1.2767135800000001e-06,1.1396792450000001e-05,5.008741259999999,13.5,1.0814839750000001e-06,1.50696468e-06,9.377712759999999e-07,6.77047887e-07,5.12022827e-07,4.2481696699999997e-07,3.66110138e-07,3.23868237e-07,7.19898652e-07,1.71411655e-07,2.5196694799999996e-06,86.1100315,48.3764856,3.14601522e-10,9.209785,0.00138005701,0.0922998665,2.3902167899999997e-06,4.3229216799999994e-07,0.0013494183,0.0885383667,2.3902167899999997e-06,4.3229216799999994e-07,0.000837803625,0.0344729466,2.3902167899999997e-06,4.3229216799999994e-07,0.00127822598,0.07917204359999999,2.3902167899999997e-06,4.3229216799999994e-07,2.4461471319198607
113,1678651200,1.8607373100000002e-05,1.8607378700000002e-05,-0.002836695619999999,-0.00915556759,0.0168390711,0.00344265739,0.00709571987,0.00551738227,1.2621000200000002e-06,1.1807748649999999e-05,5.0192307199999995,13.8,1.07331641e-06,1.5353018099999997e-06,9.7397067e-07,6.71969145e-07,5.21713797e-07,4.4073233899999996e-07,3.7221168599999994e-07,3.2018785100000005e-07,7.115053510000001e-07,1.7217153e-07,2.51057316e-06,85.89839549999999,48.06129460000001,3.17842687e-10,9.208648399999998,0.0014003228200000003,0.0954382153,2.6263662600000004e-06,4.5944587299999996e-07,0.00135624719,0.08965063350000001,2.6263662600000004e-06,4.5944587299999996e-07,0.000835160337,0.03464571749999999,2.6263662600000004e-06,4.5944587299999996e-07,0.00128044292,0.07975751839999999,2.6263662600000004e-06,4.5944587299999996e-07,2.4460004806518554
113,1678651800,1.86397009e-05,1.8639705099999996e-05,0.012285609729999999,0.0058890036000000005,0.018450604199999998,0.0034438590700000002,0.007128388249999999,0.0055278354,1.29470904e-06,1.16865493e-05,5.21153849,13.4,1.1405585999999999e-06,1.51098122e-06,9.353836449999999e-07,6.749340400000001e-07,5.23048258e-07,4.3892368699999994e-07,3.67082209e-07,3.22477944e-07,7.114461579999999e-07,1.7117420699999998e-07,2.5238083799999998e-06,85.95314450000001,48.0666691,3.1900253e-10,9.207427150000001,0.00138581549,0.09328150660000001,2.6576114399999998e-06,4.7578725000000003e-07,0.0013578296400000001,0.08935068260000001,2.6576114399999998e-06,4.7578725000000003e-07,0.0008653260289999999,0.0370062256,2.6576114399999998e-06,4.7578725000000003e-07,0.00128339916,0.08038129790000001,2.6576114399999998e-06,4.7578725000000003e-07,2.4461223125457763
113,1678652400,1.84912605e-05,1.8491263400000002e-05,0.01338776767,-0.001861439550000001,0.0183230108,0.0034319254,0.007084032039999999,0.0055089690699999996,1.26183851e-06,1.156363355e-05,4.79020981,12.8,1.08207969e-06,1.4991413700000001e-06,9.414835199999999e-07,6.681262169999999e-07,5.33977026e-07,4.40959416e-07,3.6514279399999997e-07,3.1722466600000007e-07,7.14616952e-07,1.69779401e-07,2.5130316100000004e-06,86.0378848,48.2589354,3.1527223499999997e-10,9.209779049999998,0.00138549741,0.09312743050000001,2.60424622e-06,4.45333032e-07,0.00134672078,0.08795386250000001,2.60424622e-06,4.45333032e-07,0.0008188621500000001,0.0333538087,2.60424622e-06,4.45333032e-07,0.00129681594,0.08145392739999999,2.60424622e-06,4.45333032e-07,2.4462080001831055
113,1678653000,1.84893053e-05,1.8489307399999998e-05,-0.004452855699999999,0.0006680954899999992,0.017275512099999994,0.0034306161999999992,0.007093393809999999,0.005513326600000001,1.24706572e-06,1.14352816e-05,5.017482599999999,13.3,1.07973837e-06,1.54267283e-06,9.339219580000001e-07,6.49816672e-07,5.276342320000001e-07,4.230914489999999e-07,3.6499734999999997e-07,3.23803226e-07,7.17087612e-07,1.7167586400000002e-07,2.51015614e-06,86.1345995,48.294120199999995,3.1489451099999996e-10,9.2107159,0.00137144382,0.091408678,2.48971963e-06,4.4069386000000004e-07,0.0013576615999999998,0.0901108805,2.48971963e-06,4.4069386000000004e-07,0.0008311973549999999,0.034153506099999995,2.48971963e-06,4.4069386000000004e-07,0.00128353319,0.0802914149,2.48971963e-06,4.4069386000000004e-07,2.4461071729660033
113,1678653600,1.84850953e-05,1.84850998e-05,0.0003546536100000001,0.0008213904649999992,0.0176421415,0.00343146891,0.007057421529999999,0.00551350758,1.2440903599999998e-06,1.1435788550000001e-05,4.95629376,13.2,1.057213516e-06,1.50195902e-06,9.357750739999999e-07,6.78062264e-07,5.287547919999999e-07,4.40231914e-07,3.79548606e-07,3.3001240800000003e-07,7.08529191e-07,1.7111758899999998e-07,2.51128947e-06,86.0307137,48.3646045,3.1490690899999994e-10,9.209435,0.0013909497599999998,0.09320007929999999,2.52559864e-06,4.2968623999999994e-07,0.00135876504,0.0898444784,2.52559864e-06,4.2968623999999994e-07,0.000822525191,0.0337716518,2.52559864e-06,4.2968623999999994e-07,0.00126899119,0.07901549849999999,2.52559864e-06,4.2968623999999994e-07,2.4461065530776978
113,1678654200,1.86827183e-05,1.86827238e-05,0.004229784050000001,0.0036102100400000016,0.0179110706,0.0034465499700000006,0.0071161426,0.00553782756,1.2780456399999998e-06,1.174367225e-05,5.237762129999999,14.5,1.099458604e-06,1.5481130899999999e-06,9.57631049e-07,6.6844656e-07,5.17005595e-07,4.41897439e-07,3.7584763199999995e-07,3.3267582500000003e-07,7.18888285e-07,1.70545312e-07,2.5108211699999997e-06,85.8578506,47.9555053,3.20013472e-10,9.20724815,0.00138147229,0.09255779659999999,2.5514460700000003e-06,4.7015682699999995e-07,0.0013482474700000004,0.08859626849999999,2.5514460700000003e-06,4.7015682699999995e-07,0.000854209616,0.0360613744,2.5514460700000003e-06,4.7015682699999995e-07,0.00131265653,0.0831094949,2.5514460700000003e-06,4.7015682699999995e-07,2.4460811376571656
113,1678654800,1.84772958e-05,1.84772995e-05,0.004152798250000001,0.01093415982,0.0174513999,0.0034299508300000003,0.00705732758,0.005507736920000001,1.2748459700000002e-06,1.16459649e-05,4.986013999999999,13.9,1.09343477e-06,1.49757351e-06,9.33383127e-07,6.82333101e-07,5.206051909999999e-07,4.26903843e-07,3.72654805e-07,3.26734127e-07,7.123401439999999e-07,1.6993123e-07,2.50272448e-06,86.0209137,48.2259294,3.15189219e-10,9.208991200000002,0.0013818181700000001,0.09228968940000001,2.50334358e-06,4.54816456e-07,0.0013542207299999998,0.0892731816,2.50334358e-06,4.54816456e-07,0.0008367751789999999,0.034720863399999996,2.50334358e-06,4.54816456e-07,0.00127538259,0.078953923,2.50334358e-06,4.54816456e-07,2.4461602449417112
113,1678655400,1.92631485e-05,1.92631553e-05,0.0002024992999999996,0.23374326537,0.0199776004,0.0034841468100000003,0.00716439837,0.0055656818599999994,1.9107400800000003e-06,1.701949315e-05,5.772727280000001,21.4,1.09079713e-06,1.55544157e-06,1.021561886e-06,7.302076229999999e-07,5.53330841e-07,4.5813971100000006e-07,4.0769635399999993e-07,3.3228296699999997e-07,7.85472621e-07,1.7267818099999997e-07,2.52390311e-06,85.33447700000002,47.5287461,3.32747086e-10,9.202346600000002,0.0014039068399999998,0.0985772813,2.4498256900000005e-06,4.5360220999999996e-07,0.00137777626,0.0937374742,2.4498256900000005e-06,4.5360220999999996e-07,0.000845736597,0.03560288860000001,2.4498256900000005e-06,4.5360220999999996e-07,0.00130235899,0.08155872980000001,2.4498256900000005e-06,4.5360220999999996e-07,2.4461628198623657
113,1678656000,1.86330326e-05,1.86330364e-05,0.00914452138,-0.0036968183000000003,0.0170056397,0.00344582867,0.007107580769999999,0.00555081842,1.2551155799999998e-06,1.150668905e-05,5.18181821,14.5,1.085071815e-06,1.5409524499999998e-06,9.501868019999998e-07,6.96371792e-07,5.448404530000001e-07,4.2360449799999997e-07,3.6682095200000006e-07,3.1917346100000003e-07,7.05264524e-07,1.68632445e-07,2.5155640599999998e-06,85.8180933,47.98002770000001,3.18790842e-10,9.206972500000001,0.00139954758,0.0950416716,2.4454536e-06,4.7109281900000003e-07,0.0013737298099999998,0.0916087166,2.4454536e-06,4.7109281900000003e-07,0.000848409416,0.0358625247,2.4454536e-06,4.7109281900000003e-07,0.00126975742,0.0778015026,2.4454536e-06,4.7109281900000003e-07,2.4460712909698485
113,1678656600,2.1393717e-05,2.1393719100000002e-05,0.012977462039999998,2.41858700145,0.027322717099999998,0.0035703486500000005,0.007332725379999999,0.00567736585,6.6852747e-06,6.716706280000001e-05,6.66258744,36.2,1.13710681e-06,1.4956400400000001e-06,1.0895883810000002e-06,1.371845269e-06,7.58622752e-07,5.14314672e-07,4.22962076e-07,3.6460240399999995e-07,8.00674912e-07,1.75400066e-07,2.56605863e-06,84.29571089999999,46.1506675,3.8746194900000003e-10,9.1864322,0.0014865617799999999,0.13527365419999998,3.02113104e-06,5.069087409999999e-07,0.0014181577899999998,0.1106932635,3.02113104e-06,5.069087409999999e-07,0.0008622557769999999,0.0370732247,3.02113104e-06,5.069087409999999e-07,0.00126984675,0.07902096139999999,3.02113104e-06,5.069087409999999e-07,2.4461447477340696
113,1678657200,1.8498604300000002e-05,1.8498606800000002e-05,0.00404358117,0.01894195165,0.018597253100000002,0.0034282684300000004,0.007077995839999999,0.00551412917,1.25955832e-06,1.17719742e-05,5.033216739999999,15.1,1.0958156e-06,1.4939464400000001e-06,9.22129338e-07,6.71668443e-07,5.299789110000001e-07,4.2486598799999997e-07,3.7673254900000005e-07,3.24955396e-07,7.21742555e-07,1.72261361e-07,2.5151857399999996e-06,86.1216682,48.407129999999995,3.15336083e-10,9.2087763,0.0013873669200000001,0.09312698999999999,2.76342351e-06,4.7241622899999997e-07,0.0013604634700000002,0.08933691629999999,2.76342351e-06,4.7241622899999997e-07,0.000842770617,0.0352855767,2.76342351e-06,4.7241622899999997e-07,0.0012641022799999998,0.0775972635,2.76342351e-06,4.7241622899999997e-07,2.4461371660232545
113,1678657800,1.82841478e-05,1.8284148999999997e-05,-0.0013923046000000004,0.02389531244,0.017068953399999996,0.0034088117200000005,0.00703071765,0.005471581139999999,1.1706839e-06,1.0760244249999998e-05,4.9632866700000005,13.8,1.031410102e-06,1.48142835e-06,9.375481150000001e-07,6.52030023e-07,5.10249061e-07,4.3739836300000003e-07,3.77016727e-07,3.23134664e-07,7.15545281e-07,1.7230105899999998e-07,2.5039818600000003e-06,86.32515550000001,48.7180696,3.0998025600000004e-10,9.2115592,0.0013777937500000002,0.0922598137,2.8044588000000005e-06,4.5961665300000007e-07,0.00135620231,0.0892130343,2.8044588000000005e-06,4.5961665300000007e-07,0.000826301746,0.034272703300000006,2.8044588000000005e-06,4.5961665300000007e-07,0.00124693739,0.0751215524,2.8044588000000005e-06,4.5961665300000007e-07,2.4461554527282714
113,1678658400,1.85819498e-05,1.85819517e-05,0.0019355368600000003,-0.0151581022,0.017455703,0.00344083386,0.00710267257,0.005528077679999999,1.2689498599999999e-06,1.2036559e-05,4.97727275,15.1,1.1353732e-06,1.52440505e-06,9.136130310000001e-07,6.698286059999999e-07,5.3004895e-07,4.33502984e-07,3.60215162e-07,3.25604347e-07,7.18113782e-07,1.6953092800000001e-07,2.51068883e-06,85.95851459999999,48.041525,3.17890642e-10,9.2079857,0.00137387146,0.09185871240000001,2.7247852799999997e-06,4.773797449999999e-07,0.0013530063800000001,0.089051575,2.7247852799999997e-06,4.773797449999999e-07,0.000860351956,0.036571763900000005,2.7247852799999997e-06,4.773797449999999e-07,0.00129068617,0.0804966125,2.7247852799999997e-06,4.773797449999999e-07,2.4462001800537108
113,1678659000,1.85065636e-05,1.85065706e-05,0.002990531574,-0.015260689959999999,0.017283857199999995,0.00343438076,0.00708409119,0.0055044038800000005,1.2645083e-06,1.1443549950000002e-05,5.09090904,14.7,1.0696986200000002e-06,1.51480711e-06,9.45166994e-07,6.87346585e-07,5.262891119999999e-07,4.3273673600000007e-07,3.62270044e-07,3.30569141e-07,7.097631699999999e-07,1.72902439e-07,2.50172178e-06,86.06391300000001,48.2162386,3.1623938999999996e-10,9.2086997,0.0013917130600000001,0.093972838,2.65502511e-06,4.538136970000001e-07,0.00135589292,0.0883579166,2.65502511e-06,4.538136970000001e-07,0.000851325535,0.0356598714,2.65502511e-06,4.538136970000001e-07,0.0012633900599999998,0.07794537589999999,2.65502511e-06,4.538136970000001e-07,2.446247911453247
113,1678659600,1.9739176899999994e-05,1.97391792e-05,0.00239400327,0.3974015355699999,0.0203909896,0.00350776871,0.00723570083,0.00560923017,2.52970081e-06,2.0553175099999998e-05,6.0209788600000005,26.7,1.1003991999999997e-06,1.49227258e-06,1.069795086e-06,8.2097429e-07,6.39960463e-07,4.90352297e-07,4.10390154e-07,3.48140273e-07,7.846422740000001e-07,1.7061617e-07,2.5419857400000003e-06,85.11059049999999,47.236186499999995,3.44211107e-10,9.199056000000002,0.00144099727,0.1089346256,3.10310302e-06,4.81858086e-07,0.00139747553,0.0989606729,3.10310302e-06,4.81858086e-07,0.000846944577,0.0356238329,3.10310302e-06,4.81858086e-07,0.0012616339199999999,0.07730182020000001,3.10310302e-06,4.81858086e-07,2.4462384939193726
113,1678660200,1.8899018299999997e-05,1.88990208e-05,-0.002988621629999999,0.25030474459999996,0.020531041599999997,0.0034530745499999995,0.00712895878,0.00555447814,1.82532801e-06,1.6962055000000002e-05,5.302447580000001,23.2,1.061155791e-06,1.48282819e-06,9.87790238e-07,7.448460839999999e-07,5.429911370000001e-07,4.32695159e-07,3.9735840300000004e-07,3.45549888e-07,7.55921788e-07,1.7167694599999997e-07,2.5266453400000002e-06,85.63479149999999,48.003346900000004,3.2387504300000004e-10,9.2053604,0.00140301479,0.096433734,2.49443689e-06,4.3390795799999995e-07,0.0013821260800000001,0.0944079011,2.49443689e-06,4.3390795799999995e-07,0.0008191372590000001,0.0331943181,2.49443689e-06,4.3390795799999995e-07,0.0012509248500000001,0.0767537116,2.49443689e-06,4.3390795799999995e-07,2.44613664150238
113,1678660800,1.87969612e-05,1.8796962600000002e-05,-0.008254750197000001,0.02767568753,0.018364033800000002,0.00345584363,0.007109020460000001,0.00555210273,1.48240357e-06,1.405052355e-05,5.27972029,17.3,1.10522725e-06,1.5177706899999999e-06,9.443774079999998e-07,7.078711259999999e-07,5.283459509999999e-07,4.54758466e-07,3.7929486499999997e-07,3.41556271e-07,7.22730161e-07,1.7389103e-07,2.52263614e-06,85.7664209,47.9651799,3.21622853e-10,9.206881849999998,0.00140496866,0.0967250309,2.33968341e-06,4.3270633999999997e-07,0.0013498711299999998,0.0885322535,2.33968341e-06,4.3270633999999997e-07,0.0008414107530000001,0.034685436199999996,2.33968341e-06,4.3270633999999997e-07,0.0012922802100000003,0.08114679250000001,2.33968341e-06,4.3270633999999997e-07,2.446221876144409
113,1678661400,2.1220373100000002e-05,2.12203799e-05,-0.024428729679999997,2.3707227013999996,0.024526811899999997,0.00355608843,0.0072994465800000005,0.00566065545,5.42467862e-06,4.72110617e-05,6.606643410000001,40.0,1.11068015e-06,1.57747376e-06,1.198728275e-06,1.2490131769999999e-06,6.790919309999999e-07,4.919676000000001e-07,4.2332261000000005e-07,3.5584390700000003e-07,7.913204920000001e-07,1.70876795e-07,2.56184183e-06,84.237878,46.1784848,3.8364405000000003e-10,9.18880865,0.0014698383500000001,0.13383618419999999,2.2580267699999997e-06,4.2898310000000004e-07,0.00143002089,0.108642397,2.2580267699999997e-06,4.2898310000000004e-07,0.000838424936,0.0344651563,2.2580267699999997e-06,4.2898310000000004e-07,0.00129517667,0.0819439459,2.2580267699999997e-06,4.2898310000000004e-07,2.4460649251937867
113,1678662000,1.8559156299999998e-05,1.8559159900000002e-05,0.004188957620000001,-0.007270879199999999,0.017788007800000002,0.0034390137200000005,0.00708637404,0.00553594616,1.22859316e-06,1.11476516e-05,5.054195780000001,14.5,1.0823796700000002e-06,1.5061004e-06,9.46216482e-07,6.68077427e-07,5.374045240000001e-07,4.4454501599999997e-07,3.6312833000000003e-07,3.25792591e-07,7.2051705e-07,1.69112565e-07,2.51627384e-06,85.9840076,48.2536842,3.16080906e-10,9.209277100000001,0.00138429932,0.0931132161,2.4882312600000005e-06,4.6350373699999994e-07,0.00137034269,0.09134802699999998,2.4882312600000005e-06,4.6350373699999994e-07,0.000833958668,0.0347887573,2.4882312600000005e-06,4.6350373699999994e-07,0.00126440571,0.0781199509,2.4882312600000005e-06,4.6350373699999994e-07,2.446204400062561
113,1678662600,2.4362025200000003e-05,2.4362033000000002e-05,0.006087674760000002,2.2976747645720006,0.027882924800000004,0.00368398239,0.00757952565,0.005815901510000001,9.26055027e-06,8.638909575e-05,8.260489380000001,45.2,1.120867466e-06,1.6720826400000002e-06,1.223895835e-06,2.1907506580000002e-06,9.27119138e-07,6.689237280000001e-07,5.17371777e-07,3.7256671799999996e-07,7.848699069999999e-07,1.6895106600000002e-07,2.53359129e-06,83.107333,44.802735500000004,4.70329067e-10,9.170172949999998,0.0015998934600000001,0.189827973,3.1037763700000003e-06,4.791435229999999e-07,0.0014822352800000001,0.1308948904,3.1037763700000003e-06,4.791435229999999e-07,0.0008481736360000001,0.0354457203,3.1037763700000003e-06,4.791435229999999e-07,0.0013333533299999998,0.0873095432,3.1037763700000003e-06,4.791435229999999e-07,2.4461879968643188
113,1678663200,2.0228389599999997e-05,2.02283929e-05,-0.0047367743200000005,0.4537944232999999,0.024112830699999997,0.00354935618,0.007296529219999999,0.00566726766,2.6094832999999997e-06,2.0927997049999998e-05,6.601398659999999,28.3,1.0848985400000002e-06,1.51584887e-06,1.0622395269999999e-06,9.583757049999999e-07,6.48699752e-07,4.89892757e-07,4.2095043299999995e-07,3.5536087600000003e-07,8.426032449999998e-07,1.7475377299999997e-07,2.56051303e-06,84.4821468,46.7311307,3.5326117700000003e-10,9.195207499999999,0.0014869886100000002,0.1146222297,2.55847913e-06,4.3863944e-07,0.0014264881799999998,0.10196435649999999,2.55847913e-06,4.3863944e-07,0.0008572296660000001,0.0359121315,2.55847913e-06,4.3863944e-07,0.0012622223100000002,0.0775506658,2.55847913e-06,4.3863944e-07,2.446158838272095
113,1678663800,1.88480397e-05,1.8848043800000004e-05,-0.0006125656699999991,0.00944507921,0.0171317063,0.0034607544899999997,0.007139186609999999,0.005565533629999999,1.3383813899999998e-06,1.2318049149999998e-05,5.195804129999999,15.8,1.06046624e-06,1.49848283e-06,9.71447559e-07,7.46416835e-07,5.61758164e-07,4.3995356899999994e-07,3.84562877e-07,3.31068969e-07,7.32267988e-07,1.71731319e-07,2.52580939e-06,85.65518990000001,47.9508935,3.2232655700000006e-10,9.20622915,0.00142328404,0.09873535950000001,2.5300407200000002e-06,4.6223564899999993e-07,0.0013783338700000002,0.0916518736,2.5300407200000002e-06,4.6223564899999993e-07,0.000835259081,0.034764684000000004,2.5300407200000002e-06,4.6223564899999993e-07,0.0012593353,0.07723705060000001,2.5300407200000002e-06,4.6223564899999993e-07,2.4463103294372557
113,1678664400,1.9194743900000003e-05,1.91947512e-05,-0.00380502422,0.02992204579,0.017623482000000003,0.0034900279200000004,0.00720994462,0.00558910334,1.43108093e-06,1.2838919350000001e-05,5.930069860000001,16.6,1.09691587e-06,1.5140853099999997e-06,9.78778935e-07,7.18250869e-07,5.59672757e-07,4.86541121e-07,4.24249997e-07,3.60573582e-07,7.444805369999999e-07,1.72053026e-07,2.5417625600000005e-06,85.3776699,47.703056100000005,3.2986625399999994e-10,9.203441100000001,0.0014229762,0.1001107916,2.6550508199999997e-06,4.47904603e-07,0.00138323487,0.09240619200000001,2.6550508199999997e-06,4.47904603e-07,0.00084379664,0.0354276027,2.6550508199999997e-06,4.47904603e-07,0.0012832042,0.0802205534,2.6550508199999997e-06,4.47904603e-07,2.4461358070373533
113,1678665000,1.8821045500000003e-05,1.88210485e-05,-0.0014629982000000004,0.004259248600000001,0.0182663925,0.0034600551299999996,0.00713086765,0.00555802968,1.26774812e-06,1.1329199099999999e-05,5.3111888,14.3,1.121371036e-06,1.58704371e-06,9.653073279999998e-07,6.74846168e-07,5.46825646e-07,4.30781624e-07,3.7147195900000004e-07,3.2704335800000005e-07,7.10590635e-07,1.71767094e-07,2.5034086799999998e-06,85.801814,47.542889200000005,3.2462811e-10,9.2044121,0.00138402803,0.0928025596,2.4981797900000002e-06,4.6228165300000005e-07,0.0013904114,0.09349290460000001,2.4981797900000002e-06,4.6228165300000005e-07,0.000853336203,0.035894674800000005,2.4981797900000002e-06,4.6228165300000005e-07,0.0013085616199999999,0.0823471921,2.4981797900000002e-06,4.6228165300000005e-07,2.4461827516555785
113,1678665600,1.87659926e-05,1.8765995600000006e-05,-0.00238179995,0.02091596279,0.0180188821,0.003453635670000001,0.007102438670000001,0.00554685515,1.2936855800000002e-06,1.19876985e-05,5.25349649,15.0,1.0973716700000002e-06,1.5274412300000003e-06,9.594279320000002e-07,6.98594037e-07,5.443796630000001e-07,4.35860797e-07,3.8427022199999994e-07,3.170401729999999e-07,7.177811240000001e-07,1.73290484e-07,2.5275058e-06,85.8100635,47.998072699999994,3.2055167699999995e-10,9.20816055,0.0014020870100000002,0.09518099090000001,2.53042802e-06,4.5606004099999996e-07,0.00137168967,0.09140067199999999,2.53042802e-06,4.5606004099999996e-07,0.000840688893,0.0351782549,2.53042802e-06,4.5606004099999996e-07,0.00127993135,0.07966829100000002,2.53042802e-06,4.5606004099999996e-07,2.446236324310303
113,1678666200,2.0410731099999997e-05,2.0410735399999996e-05,-0.0028776366599999994,0.07607676919199999,0.0193893632,0.0035868326000000005,0.00738755562,0.0057344158800000005,1.7487944e-06,1.4779782300000001e-05,6.90734267,22.3,1.08302056e-06,1.53277304e-06,1.0633666340000001e-06,8.2053984e-07,7.288928539999998e-07,5.21629392e-07,5.43921944e-07,3.930469350000001e-07,8.28790218e-07,1.6985608699999998e-07,2.5195069299999997e-06,84.4142304,46.64383780000001,3.59900469e-10,9.1922618,0.0015145697699999999,0.1176554377,2.52161806e-06,4.3493501999999994e-07,0.0014273147400000001,0.09963123100000001,2.52161806e-06,4.3493501999999994e-07,0.000849451346,0.0353079679,2.52161806e-06,4.3493501999999994e-07,0.00126750982,0.0776358544,2.52161806e-06,4.3493501999999994e-07,2.4461267709732057
113,1678666800,2.17404413e-05,2.17404448e-05,0.0068977727200000005,2.2714637145000003,0.026868240600000003,0.0036008018,0.007400945440000001,0.005719070129999999,4.57894708e-06,4.0651247799999996e-05,7.26748261,33.7,1.05451464e-06,1.5888376100000002e-06,1.135370863e-06,1.3028596880000001e-06,8.720023749999999e-07,5.96174057e-07,4.673566419999999e-07,3.69440882e-07,7.573199600000001e-07,1.7308748e-07,2.5532326899999998e-06,84.101912,46.247193499999995,3.95765479e-10,9.184894,0.0015553398,0.15425027549999998,2.30692017e-06,4.14614025e-07,0.00143406816,0.1045629844,2.30692017e-06,4.14614025e-07,0.00082661338,0.0332731525,2.30692017e-06,4.14614025e-07,0.00126869441,0.07974151410000001,2.30692017e-06,4.14614025e-07,2.4462388515472413
113,1678667400,1.85123231e-05,1.8512329599999998e-05,-0.0013114710999999999,0.01308546673,0.0174694741,0.00343049495,0.007079208969999999,0.00549187695,1.2511753600000002e-06,1.17041895e-05,5.18181812,13.6,1.0387659799999997e-06,1.52392625e-06,9.479258100000001e-07,6.818914819999999e-07,5.147291460000001e-07,4.4721868000000003e-07,3.70147464e-07,3.09390348e-07,7.1843871e-07,1.7240495000000004e-07,2.53126764e-06,86.1277119,48.4905435,3.1486945400000003e-10,9.2109904,0.00138491849,0.0933360717,2.48185104e-06,4.3177145700000005e-07,0.00135875707,0.0893574051,2.48185104e-06,4.3177145700000005e-07,0.0008384043790000001,0.0344153262,2.48185104e-06,4.3177145700000005e-07,0.0012683375999999998,0.077605774,2.48185104e-06,4.3177145700000005e-07,2.4462283849716187
113,1678668000,2.08856776e-05,2.08856837e-05,-0.008062406199999999,0.16129313935899997,0.0199173837,0.0036262413699999995,0.00747160342,0.00580229036,2.1165064500000003e-06,1.72935101e-05,7.274475499999999,27.9,1.16533419e-06,1.6081397800000002e-06,1.0733035920000003e-06,1.3358817339999998e-06,5.75071141e-07,4.589311159999999e-07,4.0988492399999993e-07,3.4745557799999996e-07,7.554533840000001e-07,1.7195169200000002e-07,2.5413913e-06,84.334998,45.215493599999995,3.77475048e-10,9.186594699999999,0.00154802298,0.12173149629999999,3.0411532599999996e-06,5.1593052e-07,0.0014811219200000002,0.11026960799999999,3.0411532599999996e-06,5.1593052e-07,0.0008776458439999999,0.0379788629,3.0411532599999996e-06,5.1593052e-07,0.00132471568,0.0855707535,3.0411532599999996e-06,5.1593052e-07,2.4462459564208983
113,1678668600,2.0429134100000002e-05,2.04291365e-05,-0.013257744699999999,0.26667163351,0.0197446512,0.00357924519,0.007365521849999999,0.005729958269999999,2.31187998e-06,1.94099555e-05,6.940559420000001,28.5,1.13919667e-06,1.72190197e-06,1.0553440499999998e-06,9.714546770000002e-07,5.97140074e-07,4.71213204e-07,4.1686533599999997e-07,3.4593154599999997e-07,7.840383969999999e-07,1.73392902e-07,2.5380094599999997e-06,84.5581976,46.0230195,3.6188071e-10,9.191610749999999,0.0014598262800000002,0.11095707880000001,2.90112664e-06,4.960467880000001e-07,0.00144630863,0.1034163181,2.90112664e-06,4.960467880000001e-07,0.000860169004,0.0372226139,2.90112664e-06,4.960467880000001e-07,0.00136125266,0.0895699044,2.90112664e-06,4.960467880000001e-07,2.446256685256958
113,1678669200,1.93544399e-05,1.93544416e-05,0.001463846525999999,0.015923221379999998,0.018210964200000002,0.003506941969999999,0.007247427119999999,0.00563994566,1.37949093e-06,1.23028281e-05,5.8216782600000005,15.3,1.095113273e-06,1.5937767099999999e-06,9.80737669e-07,8.607359679999999e-07,5.565900180000001e-07,4.55976298e-07,3.918991259999999e-07,3.23972539e-07,7.342714619999999e-07,1.6422234399999995e-07,2.51986514e-06,85.1278859,46.8857912,3.3659352000000004e-10,9.19923605,0.0014457036799999999,0.10166467190000002,2.5575591299999996e-06,4.77963652e-07,0.00141799196,0.09811220810000001,2.5575591299999996e-06,4.77963652e-07,0.000852785648,0.0363396897,2.5575591299999996e-06,4.77963652e-07,0.00129829015,0.0812997629,2.5575591299999996e-06,4.77963652e-07,2.4461867570877076
113,1678669800,1.9136443099999998e-05,1.91364479e-05,-0.00336177123,-0.03627336530999999,0.0176072462,0.0034964626500000005,0.0071979756999999995,0.00563166017,1.27670226e-06,1.162343635e-05,5.4213286400000005,16.2,1.14798323e-06,1.53024568e-06,9.94081916e-07,8.35821372e-07,5.27813045e-07,4.30304049e-07,3.6260282699999996e-07,3.21673533e-07,7.233524620000001e-07,1.74101987e-07,2.52018746e-06,85.6184624,47.2819894,3.3113006700000004e-10,9.204249149999999,0.0014291398799999998,0.0985219432,2.93121585e-06,4.964748170000001e-07,0.0013972822999999998,0.09560366599999999,2.93121585e-06,4.964748170000001e-07,0.0008392249709999999,0.0356530342,2.93121585e-06,4.964748170000001e-07,0.0013024239,0.08275346589999999,2.93121585e-06,4.964748170000001e-07,2.4462403059005737
113,1678670400,2.2048355100000002e-05,2.2048360799999997e-05,-0.02100670529,1.6541367840999999,0.024784932500000002,0.0036241612199999994,0.007436162759999999,0.00574494157,5.21293073e-06,4.4547333249999995e-05,7.414335689999999,39.6,1.07336552e-06,1.54687714e-06,1.213924328e-06,1.550796699e-06,6.785610109999999e-07,5.2286411e-07,4.4582499599999997e-07,3.73123083e-07,8.515042179999999e-07,1.73947656e-07,2.59335745e-06,83.67578929999999,45.4364992,4.0176464100000005e-10,9.182021899999999,0.00155404163,0.14874344920000002,2.4435663899999996e-06,4.4638851900000004e-07,0.00147813337,0.1138708848,2.4435663899999996e-06,4.4638851900000004e-07,0.0008384904320000001,0.0346985341,2.4435663899999996e-06,4.4638851900000004e-07,0.00128574534,0.0803740856,2.4435663899999996e-06,4.4638851900000004e-07,2.4461187362670898
113,1678671000,2.27647742e-05,2.27647795e-05,0.02857830549,3.6704320962,0.0270776054,0.00364375927,0.007468403340000001,0.00579429306,3.96344741e-06,3.879262460000001e-05,7.37762234,38.4,1.14102815e-06,1.60739281e-06,1.06350032e-06,1.706757403e-06,1.007521121e-06,4.92300946e-07,4.3913382100000003e-07,3.6268267e-07,8.29637495e-07,1.7132037800000002e-07,2.5610795300000004e-06,83.47798839999999,44.7732478,4.26807074e-10,9.176326,0.0015453207600000002,0.1518482035,2.49135953e-06,4.5590824200000004e-07,0.00145944913,0.10922531759999998,2.49135953e-06,4.5590824200000004e-07,0.0008549900519999999,0.0362096664,2.49135953e-06,4.5590824200000004e-07,0.0013237419000000001,0.0860255859,2.49135953e-06,4.5590824200000004e-07,2.4462165594100953
113,1678671600,2.2038953999999998e-05,2.20389591e-05,0.016187228049999995,1.1073713962,0.0237126533,0.0036384361800000002,0.007464994210000001,0.00577159438,5.311753549999999e-06,4.3798949550000006e-05,7.606643229999999,42.8,1.08915531e-06,1.48470725e-06,1.14463695e-06,1.386371871e-06,1.045144609e-06,5.295209269999999e-07,4.40722517e-07,3.59994126e-07,8.140929209999999e-07,1.7138056900000002e-07,2.55370568e-06,83.6743784,45.36245340000001,4.049956e-10,9.180216600000001,0.0015863233800000002,0.155803863,3.0455150799999995e-06,4.814024220000001e-07,0.00146728514,0.10921887949999998,3.0455150799999995e-06,4.814024220000001e-07,0.0008389553019999999,0.035353232299999995,3.0455150799999995e-06,4.814024220000001e-07,0.0012746314300000003,0.0794718,3.0455150799999995e-06,4.814024220000001e-07,2.446167993545532
113,1678672200,2.52655559e-05,2.5265565000000002e-05,3.825811999999939e-05,-0.00029605770000000096,0.0205615983,0.0039944846300000005,0.008243403149999998,0.0064104301099999995,3.0950283100000004e-06,2.1578218750000003e-05,11.92482508,38.7,1.08339464e-06,1.5013232300000001e-06,1.7772461600000003e-06,3.1564027899999997e-06,5.521532150000001e-07,4.43792676e-07,3.74264596e-07,3.2537386499999995e-07,7.232848320000001e-07,1.69594211e-07,2.52590595e-06,83.3170006,40.3404692,5.23665448e-10,9.1532699,0.0018879676199999996,0.183630854,2.4104903699999996e-06,4.48483349e-07,0.00189283622,0.18785742600000002,2.4104903699999996e-06,4.48483349e-07,0.000840990363,0.035373121800000004,2.4104903699999996e-06,4.48483349e-07,0.00126177423,0.0779154406,2.4104903699999996e-06,4.48483349e-07,2.446255922317505
113,1678672800,2.8472791500000006e-05,2.8472797300000003e-05,-0.0338462977,2.1424918125500003,0.026908938,0.00400700012,0.008206472029999998,0.00634012565,9.472631239999999e-06,6.865529230000001e-05,11.6153845,44.2,1.0972413799999998e-06,1.6274183400000001e-06,2.66964543e-06,3.1564811e-06,8.42774918e-07,5.52191012e-07,4.35871522e-07,3.62073707e-07,7.68391616e-07,1.7206013199999997e-07,2.5522205799999996e-06,81.85950790000001,40.321875,6.03003196e-10,9.1372319,0.00184973531,0.2191162854,2.5846367899999996e-06,4.5641783600000004e-07,0.00189500074,0.22595224760000004,2.5846367899999996e-06,4.5641783600000004e-07,0.000840740534,0.034954422,2.5846367899999996e-06,4.5641783600000004e-07,0.00130092871,0.083275757,2.5846367899999996e-06,4.5641783600000004e-07,2.4461533069610595
113,1678673400,2.22398538e-05,2.2239855800000003e-05,-0.01016053662,0.25419012920000006,0.021597800599999998,0.0037110823199999997,0.0076515559999999995,0.00594154571,3.19573208e-06,2.696076365e-05,8.818181800000001,41.8,1.09902371e-06,1.59182019e-06,2.1254722419999997e-06,1.078113644e-06,5.881077890000001e-07,4.74134194e-07,3.95844768e-07,3.28156344e-07,7.579245939999999e-07,1.70923244e-07,2.51030634e-06,84.27158,44.4905676,4.2694713100000004e-10,9.178186899999998,0.00157344328,0.1331581405,2.24670452e-06,4.3887741500000007e-07,0.0015930432899999999,0.1445469008,2.24670452e-06,4.3887741500000007e-07,0.0008415353990000001,0.03510118699999999,2.24670452e-06,4.3887741500000007e-07,0.00130354929,0.08283764200000002,2.24670452e-06,4.3887741500000007e-07,2.4461702346801757
113,1678674000,1.8889193499999998e-05,1.8889197100000002e-05,-0.011503047130000003,0.01563454927,0.017273560900000002,0.00346586851,0.007143349960000001,0.0055489578199999995,1.31780336e-06,1.17893909e-05,5.6643357100000005,15.7,1.16592308e-06,1.55446759e-06,9.47585004e-07,6.84918019e-07,5.419987089999999e-07,4.431453789999999e-07,3.6274413999999996e-07,3.17078232e-07,7.312644039999999e-07,1.7183618e-07,2.5236014e-06,85.79156600000002,47.7141361,3.2504471900000004e-10,9.205160949999998,0.0013983606899999998,0.0952856085,2.9250783999999997e-06,5.02597911e-07,0.00136434196,0.0902989849,2.9250783999999997e-06,5.02597911e-07,0.0008746755750000002,0.038299167499999995,2.9250783999999997e-06,5.02597911e-07,0.0013039942099999998,0.082720187,2.9250783999999997e-06,5.02597911e-07,2.4461562871932983
113,1678674600,2.7917429e-05,2.79174348e-05,-0.005848782500000001,2.8821793416,0.0318840777,0.00377305274,0.007770725390000001,0.00591367821,1.5513367079999998e-05,0.00014473304520000002,9.35139887,46.5,1.1005129800000002e-06,1.6177031599999998e-06,2.113113952e-06,2.8932188779999998e-06,9.373669820000001e-07,7.630097499999999e-07,5.722044830000001e-07,4.1703434199999994e-07,8.2077184e-07,1.68273482e-07,2.55545319e-06,82.4257342,44.2808376,5.74527883e-10,9.156139,0.0016368781400000001,0.2185178236,2.4763665999999997e-06,4.5417077400000005e-07,0.00160056152,0.19935259789999998,2.4763665999999997e-06,4.5417077400000005e-07,0.0008444137419999999,0.0352022176,2.4763665999999997e-06,4.5417077400000005e-07,0.00130044606,0.0823232186,2.4763665999999997e-06,4.5417077400000005e-07,2.446209263801575
113,1678675200,1.8798791000000002e-05,1.8798795000000003e-05,-0.004703776969999999,0.010175625599999998,0.0175504654,0.0034592443700000005,0.007118103249999999,0.00554433245,1.2542574699999999e-06,1.1236442e-05,5.283216680000001,14.6,1.1025724970000003e-06,1.5619277599999997e-06,9.613192270000002e-07,7.037348919999999e-07,5.269547439999999e-07,4.4601317400000003e-07,3.71536183e-07,3.2173587e-07,7.11789112e-07,1.71228779e-07,2.52055217e-06,85.76456400000001,47.758079499999994,3.2303925199999996e-10,9.20666955,0.00139211582,0.09433435650000001,2.75322665e-06,4.63874297e-07,0.00137610151,0.0917863654,2.75322665e-06,4.63874297e-07,0.000855853614,0.035837974099999996,2.75322665e-06,4.63874297e-07,0.00128909226,0.0811942437,2.75322665e-06,4.63874297e-07,2.446193742752075
113,1678675800,1.8930450799999997e-05,1.8930456199999997e-05,0.008793387310000001,0.0015996191000000007,0.0178626658,0.0034712179399999992,0.007167177299999999,0.00558087763,1.33105906e-06,1.2374278599999999e-05,5.40034962,14.7,1.14529251e-06,1.5319674499999998e-06,9.69409108e-07,7.004747569999999e-07,5.363820399999999e-07,4.52011626e-07,3.82173291e-07,3.2599116399999996e-07,7.230695990000001e-07,1.71556768e-07,2.52683459e-06,85.669309,47.601506900000004,3.2582784e-10,9.204898800000002,0.00139542112,0.0943519738,2.5347509e-06,4.72421239e-07,0.00137322748,0.0918258084,2.5347509e-06,4.72421239e-07,0.000849508113,0.0363392199,2.5347509e-06,4.72421239e-07,0.0013033208,0.0826470151,2.5347509e-06,4.72421239e-07,2.446162796020508
113,1678676400,1.91217972e-05,1.91218e-05,-0.0006335388779999994,-0.00990884096,0.018453249499999998,0.0034927011799999997,0.007174259010000001,0.00559374324,1.3426859400000001e-06,1.21013909e-05,5.53496502,15.1,1.1271920600000002e-06,1.6188177100000001e-06,9.64035112e-07,7.0513543e-07,5.538823389999999e-07,4.54779054e-07,3.7479049800000004e-07,3.23784055e-07,7.258246149999999e-07,1.7134241899999998e-07,2.54127837e-06,85.62337240000001,47.4411877,3.3035334400000007e-10,9.2030709,0.0014122838799999998,0.09691994200000001,2.6445544299999997e-06,4.6678448299999996e-07,0.00138379453,0.0932311796,2.6445544299999997e-06,4.6678448299999996e-07,0.0008631572129999999,0.03651328909999999,2.6445544299999997e-06,4.6678448299999996e-07,0.00131189074,0.0839869817,2.6445544299999997e-06,4.6678448299999996e-07,2.4462013244628906
113,1678677000,1.9117840999999997e-05,1.9117843900000004e-05,-0.007169767040000001,0.02894659007,0.0180635273,0.0034845172200000003,0.00717386532,0.00559583727,1.4418043200000001e-06,1.3386957499999998e-05,5.68006998,18.6,1.12790207e-06,1.6064222599999998e-06,9.716297470000002e-07,7.03855292e-07,5.645390520000001e-07,4.5325358900000006e-07,3.72186632e-07,3.2649048499999997e-07,7.33414818e-07,1.7181573799999998e-07,2.5272826500000003e-06,85.53725940000001,47.38373300000001,3.2976772099999996e-10,9.203467850000001,0.00140397969,0.09730104299999999,2.5936616799999997e-06,4.76968569e-07,0.0013893499199999998,0.09397337859999999,2.5936616799999997e-06,4.76968569e-07,0.0008556902299999998,0.0359399549,2.5936616799999997e-06,4.76968569e-07,0.00130249832,0.08292536730000001,2.5936616799999997e-06,4.76968569e-07,2.4461328744888307
113,1678677600,1.90956034e-05,1.9095611200000004e-05,-0.011471402936,0.06429561363,0.0184697521,0.0034779841499999998,0.00717661483,0.00560590777,1.6730986199999998e-06,1.6299212149999998e-05,5.763986019999999,23.3,1.07691712e-06,1.47088918e-06,9.7954338e-07,8.22745349e-07,6.054579070000001e-07,4.6873669200000007e-07,3.9079484599999997e-07,3.30790069e-07,7.168015359999999e-07,1.7251166300000002e-07,2.5125487299999996e-06,85.3487165,47.5013827,3.28874052e-10,9.202896800000001,0.00145457038,0.1055841941,2.65675829e-06,4.70318306e-07,0.0013717654099999997,0.09215974419999999,2.65675829e-06,4.70318306e-07,0.0008486624370000001,0.03562900819999999,2.65675829e-06,4.70318306e-07,0.0012515654600000002,0.07610194899999999,2.65675829e-06,4.70318306e-07,2.4461090087890627
113,1678678200,1.9802130900000005e-05,1.98021354e-05,-0.0010831716269999992,0.39112479045000004,0.0214009316,0.00352026145,0.00723771416,0.00562591697,2.71657476e-06,2.42406686e-05,6.14685302,35.5,1.1020689550000001e-06,1.5341451599999998e-06,1.0205364149999999e-06,1.021987786e-06,6.1384339e-07,4.63475767e-07,3.8979785300000006e-07,3.2787125600000004e-07,7.30341454e-07,1.71131759e-07,2.52581241e-06,84.92951439999999,46.6898465,3.4719728499999995e-10,9.197453,0.0014593417800000002,0.11372232619999997,2.75088402e-06,4.7131147600000006e-07,0.0014135095200000002,0.1009613895,2.75088402e-06,4.7131147600000006e-07,0.0008570434739999999,0.036230825700000004,2.75088402e-06,4.7131147600000006e-07,0.0012664947899999998,0.07766115180000001,2.75088402e-06,4.7131147600000006e-07,2.446121883392334
113,1678678800,1.884394e-05,1.8843953200000003e-05,0.0019012928299999995,0.03363466430999999,0.018321383099999998,0.0034582550499999997,0.00712808633,0.005560780959999999,1.50660902e-06,1.4572116099999998e-05,5.16783223,17.5,1.12755958e-06,1.4926543299999998e-06,9.389762449999999e-07,7.574009380000001e-07,5.565285360000001e-07,4.4435817800000005e-07,3.6931725800000003e-07,3.22874071e-07,7.22060922e-07,1.71469729e-07,2.51870428e-06,85.68605319999999,47.833927900000006,3.229026319999999e-10,9.2064823,0.00141995639,0.0992982896,3.17115264e-06,5.11676767e-07,0.00135640023,0.0897582841,3.17115264e-06,5.11676767e-07,0.0008520803849999999,0.0366490628,3.17115264e-06,5.11676767e-07,0.00127328993,0.0788597119,3.17115264e-06,5.11676767e-07,2.446164536476135
113,1678679400,2.01792691e-05,2.0179275499999998e-05,-0.00348995438,0.08470336146999999,0.0194125796,0.0035693309800000003,0.007357758880000001,0.005736193239999999,1.9589346699999998e-06,1.70349083e-05,6.61713283,24.6,1.10558881e-06,1.7150478099999999e-06,1.1275508369999999e-06,8.35884666e-07,5.90639705e-07,5.34250658e-07,4.1016080200000007e-07,3.3799230900000004e-07,7.4658632e-07,1.7011848900000002e-07,2.51577686e-06,84.4078519,45.8987265,3.56129778e-10,9.192577100000001,0.00148432901,0.10964112509999999,2.93222126e-06,4.6362582800000004e-07,0.0014432962399999999,0.1033434245,2.93222126e-06,4.6362582800000004e-07,0.0008263875680000002,0.034067964,2.93222126e-06,4.6362582800000004e-07,0.00133913901,0.08933903600000001,2.93222126e-06,4.6362582800000004e-07,2.4461331367492676
113,1678680000,2.3765728999999998e-05,2.37657372e-05,-0.01274578585,0.5478318231,0.0253009423,0.003840706679999999,0.00790505688,0.00612018103,3.9472333800000005e-06,3.644838595e-05,10.146853179999999,45.9,1.2554373700000001e-06,2.42842837e-06,1.7179711199999997e-06,1.059350288e-06,6.7006923e-07,5.73554128e-07,3.9123025699999997e-07,3.40601384e-07,7.459892849999999e-07,1.7447981e-07,2.5257081599999998e-06,81.80799750000003,40.7651867,4.5428216099999996e-10,9.15538195,0.00157138281,0.1274099426,2.5782670699999997e-06,4.782619810000001e-07,0.0017056413299999997,0.15302022759999998,2.5782670699999997e-06,4.782619810000001e-07,0.0008930463809999999,0.0393253844,2.5782670699999997e-06,4.782619810000001e-07,0.0015213746500000003,0.1166146311,2.5782670699999997e-06,4.782619810000001e-07,2.446140766143799
113,1678680600,2.1154352500000002e-05,2.1154356399999998e-05,-0.0054932381,0.52949792955,0.022814236199999997,0.0036233489600000003,0.007453743730000001,0.005801626020000001,3.57729938e-06,3.20974094e-05,7.185314600000001,41.9,1.0647875640000002e-06,1.6178362e-06,1.2952232659999998e-06,1.1151933629999999e-06,6.97507468e-07,5.220266530000001e-07,4.25079352e-07,3.55817022e-07,7.646242400000001e-07,1.7140614299999998e-07,2.54763134e-06,83.7292075,45.2699249,3.7938858300000004e-10,9.1845174,0.00155192723,0.12999863490000002,2.32821862e-06,4.3068111e-07,0.00147943707,0.1130525693,2.32821862e-06,4.3068111e-07,0.000830116908,0.034347049100000006,2.32821862e-06,4.3068111e-07,0.00129646821,0.082110255,2.32821862e-06,4.3068111e-07,2.446144390106201
113,1678681200,2.17091903e-05,2.1709194499999997e-05,-0.00317759631,0.59350268406,0.022004712099999997,0.0036217737300000006,0.007498794040000001,0.0057875233799999995,3.6345524500000004e-06,3.0080553900000007e-05,7.6503497199999995,30.9,1.0892281460000001e-06,1.53329031e-06,1.24918949e-06,1.3815898850000003e-06,7.60044557e-07,5.77067294e-07,4.3960665300000004e-07,3.5729169999999996e-07,7.627847849999999e-07,1.7381087400000004e-07,2.5306259500000003e-06,84.0455615,45.866231899999995,3.97969625e-10,9.183901450000002,0.00156175813,0.14699168440000004,2.7325042600000003e-06,4.80900761e-07,0.0014893752500000003,0.11491849889999999,2.7325042600000003e-06,4.80900761e-07,0.0008470797699999999,0.036225349500000004,2.7325042600000003e-06,4.80900761e-07,0.0012576848700000002,0.0772044927,2.7325042600000003e-06,4.80900761e-07,2.44614155292511
113,1678681800,2.0019687799999998e-05,2.0019690999999996e-05,-0.010475267600000001,0.2339979158,0.019825611599999998,0.0035488913899999995,0.0073055590000000005,0.00567258846,2.2627714300000005e-06,2.093640975e-05,6.389860260000001,33.1,1.1043052e-06,1.54464382e-06,1.08182012e-06,9.027844939999999e-07,6.830379950000001e-07,4.96386338e-07,4.09763731e-07,3.42527856e-07,7.4904153e-07,1.6797591999999997e-07,2.5275001600000005e-06,84.65022139999999,46.3898755,3.51757918e-10,9.1937971,0.0015086530799999999,0.11611651950000001,2.5623377699999996e-06,4.652236649999999e-07,0.00140144527,0.0989320665,2.5623377699999996e-06,4.652236649999999e-07,0.00085855762,0.0363085879,2.5623377699999996e-06,4.652236649999999e-07,0.00128235417,0.0801221147,2.5623377699999996e-06,4.652236649999999e-07,2.446179413795471
113,1678682400,2.02699319e-05,2.026994e-05,0.006872068130000001,0.5236881619,0.0232615812,0.00355205215,0.007318937459999999,0.0056657090100000005,3.3629078999999995e-06,3.093857715e-05,6.655594459999999,44.5,1.02833455e-06,1.52900558e-06,1.1426553310000002e-06,9.420591660000002e-07,7.760748360000001e-07,5.11511201e-07,4.1046775500000006e-07,3.4222840400000005e-07,7.367604100000002e-07,1.7205635e-07,2.54377298e-06,84.54335710000001,46.4633893,3.5675154399999994e-10,9.193138600000001,0.0015201078700000001,0.1226784866,2.37734851e-06,4.31575271e-07,0.00143104484,0.10545872549999999,2.37734851e-06,4.31575271e-07,0.000820023196,0.0334026128,2.37734851e-06,4.31575271e-07,0.00124760193,0.0766813534,2.37734851e-06,4.31575271e-07,2.446153092384338
113,1678683000,2.03950623e-05,2.03950724e-05,-0.01628335677,1.0607207827700003,0.0231413857,0.0035397101400000005,0.0072732258300000005,0.00565374847,3.37932992e-06,3.383794585e-05,6.4125872799999994,32.8,1.0843034099999998e-06,1.5397296199999997e-06,1.137470488e-06,1.1327267530000001e-06,6.43473302e-07,4.87435529e-07,3.9386412400000004e-07,3.29010503e-07,7.50152097e-07,1.69796672e-07,2.52955218e-06,84.613026,46.286443199999994,3.62413025e-10,9.193211,0.0014637281699999998,0.11653037940000002,2.52847912e-06,4.6034013499999997e-07,0.0014273548500000001,0.10977178700000001,2.52847912e-06,4.6034013499999997e-07,0.0008517093,0.035770129100000006,2.52847912e-06,4.6034013499999997e-07,0.00127356084,0.07945745800000001,2.52847912e-06,4.6034013499999997e-07,2.4461929559707642
113,1678683600,1.91686084e-05,1.91686124e-05,0.0036712806839999993,0.257307875866,0.020153632900000003,0.0034767219,0.007159302000000001,0.00556548686,2.09786407e-06,1.8758770099999997e-05,5.573426499999999,22.8,1.06114592e-06,1.52576327e-06,1.029894573e-06,8.02056473e-07,5.897099410000001e-07,4.4665343599999996e-07,3.75238441e-07,3.29967848e-07,7.28157041e-07,1.67874578e-07,2.52778281e-06,85.3764103,47.45212600000001,3.3153697099999996e-10,9.20147985,0.00143583184,0.1039883288,2.47985344e-06,4.6222993899999997e-07,0.00138788931,0.0956968906,2.47985344e-06,4.6222993899999997e-07,0.0008516330520000001,0.036127271,2.47985344e-06,4.6222993899999997e-07,0.00126153424,0.07642437319999999,2.47985344e-06,4.6222993899999997e-07,2.446136236190796
113,1678684200,2.0204044400000002e-05,2.02040474e-05,-0.00809573121,0.2510139621,0.020252747699999997,0.0035604871199999997,0.007348331359999999,0.005705885619999999,2.5898001300000004e-06,2.32713114e-05,6.748251720000001,32.7,1.10342776e-06,1.53432219e-06,1.064698734e-06,1.028811061e-06,6.623468329999999e-07,5.182481209999999e-07,4.07740301e-07,3.372905409999999e-07,7.45232049e-07,1.69606743e-07,2.53024234e-06,84.51723609999999,46.2066093,3.56276381e-10,9.1921344,0.0015124476800000002,0.1199954781,2.5005094900000004e-06,4.2975969399999995e-07,0.0014324127599999999,0.1019686898,2.5005094900000004e-06,4.2975969399999995e-07,0.000829056285,0.03380952500000001,2.5005094900000004e-06,4.2975969399999995e-07,0.00129548074,0.081136666,2.5005094900000004e-06,4.2975969399999995e-07,2.4460533618927003
113,1678684800,1.8957485799999998e-05,1.8957488999999996e-05,0.00617797866,0.042660861,0.0191519697,0.00347142837,0.0071456158,0.00557226885,1.52051147e-06,1.3639138400000002e-05,5.40909093,21.3,1.1044145300000002e-06,1.5502189499999997e-06,9.472965660000001e-07,7.47246136e-07,5.45517109e-07,4.5310957e-07,3.80295481e-07,3.3876324500000007e-07,7.17172283e-07,1.73355593e-07,2.52132504e-06,85.6404564,47.682446999999996,3.2627014e-10,9.2042577,0.0013947062700000001,0.09666899929999999,2.7730187199999997e-06,4.820707859999999e-07,0.0013732856099999999,0.09190191049999999,2.7730187199999997e-06,4.820707859999999e-07,0.0008661626250000001,0.0371065671,2.7730187199999997e-06,4.820707859999999e-07,0.0012859365400000001,0.07998397110000001,2.7730187199999997e-06,4.820707859999999e-07,2.446144962310791
113,1678685400,2.2414337299999996e-05,2.2414342e-05,-0.007423827999999999,1.1962260650999998,0.026720581800000004,0.0036829418099999997,0.00757052679,0.005845333480000001,5.44959482e-06,4.988941910000001e-05,8.45629378,49.3,1.0669013389999998e-06,1.5189996300000001e-06,1.40185285e-06,1.5744913000000001e-06,8.19114088e-07,5.356937e-07,4.3200811700000007e-07,3.8055135200000004e-07,7.859493750000001e-07,1.7031632e-07,2.52124617e-06,82.8898996,44.0584755,4.13184114e-10,9.1717666,0.00161958114,0.15429191660000002,2.6412565999999997e-06,4.51495985e-07,0.0015231554099999999,0.1262086149,2.6412565999999997e-06,4.51495985e-07,0.0008274567810000001,0.034203755,2.6412565999999997e-06,4.51495985e-07,0.00126773322,0.0787388605,2.6412565999999997e-06,4.51495985e-07,2.4461699962615966
113,1678686000,2.15674316e-05,2.15674348e-05,-0.00650318775,0.60748430088,0.0237996534,0.00365230325,0.007502537720000001,0.00582389315,3.911770440000001e-06,3.65899412e-05,7.79370625,45.0,1.081070676e-06,1.60419724e-06,1.2710735549999999e-06,1.373521016e-06,6.87746281e-07,5.124410879999999e-07,4.44030408e-07,3.50645054e-07,7.62038533e-07,1.68695146e-07,2.5282114899999997e-06,83.35081149999999,44.5918929,3.9102946499999994e-10,9.17882295,0.0015811318000000002,0.13767086560000003,2.81838139e-06,4.85634999e-07,0.0015089571499999998,0.1189651165,2.81838139e-06,4.85634999e-07,0.0008390680990000001,0.0353994212,2.81838139e-06,4.85634999e-07,0.0012896641,0.08125717060000001,2.81838139e-06,4.85634999e-07,2.446134161949158
113,1678686600,2.14855376e-05,2.14855429e-05,0.0029643360599999995,0.9784720204000001,0.0244656064,0.0036337425100000003,0.007459371939999999,0.005781325079999999,4.5077780299999996e-06,4.352737365e-05,7.234265839999999,43.0,1.09709314e-06,1.5574276599999999e-06,1.1235063600000001e-06,1.3203151599999998e-06,7.581222670000001e-07,5.8323637e-07,4.743790299999999e-07,3.72068161e-07,7.487361039999999e-07,1.7371361400000002e-07,2.5341441500000003e-06,83.51932889999999,45.13659379999999,3.87380237e-10,9.182269299999998,0.0015630326100000002,0.13862647639999998,2.5300634300000003e-06,4.45511003e-07,0.00146338458,0.1105026509,2.5300634300000003e-06,4.45511003e-07,0.000842719743,0.034945375300000005,2.5300634300000003e-06,4.45511003e-07,0.00128244163,0.08080365549999999,2.5300634300000003e-06,4.45511003e-07,2.446120858192444
113,1678687200,1.9348503999999997e-05,1.9348511099999998e-05,0.001375793729999999,0.06463206206,0.0197411959,0.0035013826799999994,0.00724264439,0.00562658344,1.65399844e-06,1.527898595e-05,5.94230768,22.6,1.1070505e-06,1.50264448e-06,1.0188932389999998e-06,8.127190720000001e-07,5.965985300000001e-07,4.79463554e-07,3.82292482e-07,3.47895964e-07,7.405054539999999e-07,1.71382661e-07,2.5146673700000003e-06,85.13102489999999,47.1747361,3.3469451299999997e-10,9.201414199999999,0.00145335885,0.104642568,2.6636427e-06,4.7201790400000003e-07,0.00139798926,0.09569401229999999,2.6636427e-06,4.7201790400000003e-07,0.0008664743459999999,0.0370059363,2.6636427e-06,4.7201790400000003e-07,0.0012571267000000001,0.0770533504,2.6636427e-06,4.7201790400000003e-07,2.446203589439392
113,1678687800,1.87510953e-05,1.8751100799999997e-05,0.0054071749399999995,-0.0231705247,0.0174443693,0.0034575556800000005,0.007130776690000002,0.005548881760000001,1.2573149499999996e-06,1.11163489e-05,5.0804195,13.2,1.11037209e-06,1.49081912e-06,9.899334349999999e-07,6.862275339999999e-07,5.388395e-07,4.48227959e-07,3.8104990900000003e-07,3.1846334800000003e-07,7.136182930000001e-07,1.73002483e-07,2.5249552600000003e-06,85.80111299999999,47.963779,3.2061517499999994e-10,9.2083058,0.0013947304200000001,0.09456972720000001,2.4939497500000002e-06,4.5053006399999997e-07,0.0013938003,0.0939269674,2.4939497500000002e-06,4.5053006399999997e-07,0.0008530140989999999,0.0358066797,2.4939497500000002e-06,4.5053006399999997e-07,0.0012705030500000003,0.07789761399999999,2.4939497500000002e-06,4.5053006399999997e-07,2.44606466293335
113,1678688400,2.10033108e-05,2.10033135e-05,0.004778501769999999,0.4834323005000001,0.022660634800000003,0.00361735864,0.007435748569999999,0.00577037573,3.25384792e-06,3.0182439950000005e-05,7.52622384,38.2,1.1037742500000001e-06,1.7544301899999997e-06,1.216162374e-06,9.912062179999998e-07,6.32341338e-07,5.821492669999999e-07,4.2567861600000005e-07,3.5032763600000004e-07,7.47784489e-07,1.71008664e-07,2.52674322e-06,83.8551064,45.2251749,3.77261775e-10,9.1847577,0.00151399196,0.12214730539999999,2.65651392e-06,4.71831208e-07,0.0014916706300000001,0.1119590805,2.65651392e-06,4.71831208e-07,0.0008558664170000001,0.0361476139,2.65651392e-06,4.71831208e-07,0.00132347955,0.08642671460000001,2.65651392e-06,4.71831208e-07,2.446191930770874
113,1678689000,2.13020208e-05,2.13020224e-05,0.00954062564,1.1887362661,0.0263265658,0.0036126039400000004,0.007452469620000001,0.005764584299999999,4.92171663e-06,4.3897221750000005e-05,7.4720278900000014,50.8,1.08937754e-06,1.6116829700000002e-06,1.181933359e-06,1.1761272679999999e-06,8.01308322e-07,5.65932031e-07,4.2779602800000005e-07,3.48647761e-07,7.447100549999999e-07,1.70576924e-07,2.5328563999999997e-06,83.67046400000001,45.0383561,3.84290595e-10,9.18186835,0.00155600011,0.1385986055,2.6547899900000003e-06,4.6160028600000004e-07,0.0014742774699999998,0.11188862390000001,2.6547899900000003e-06,4.6160028600000004e-07,0.0008613217619999998,0.036320589300000004,2.6547899900000003e-06,4.6160028600000004e-07,0.00127538228,0.07896930819999999,2.6547899900000003e-06,4.6160028600000004e-07,2.4461742877960204
113,1678689600,1.95203494e-05,1.9520352e-05,-0.01020249033,0.0741602545,0.0186569574,0.0035186382,0.00723930303,0.0056388244500000006,1.58178408e-06,1.42100377e-05,5.958041920000001,19.6,1.113134e-06,1.6019970299999999e-06,1.07985302e-06,7.63928591e-07,5.757457380000001e-07,4.74317415e-07,4.0024170199999997e-07,3.2980404599999996e-07,7.35536576e-07,1.7024818599999996e-07,2.51530136e-06,85.0908469,46.779201799999996,3.3992166499999997e-10,9.199176549999999,0.0014529907199999999,0.10368280519999999,2.67376241e-06,4.80108562e-07,0.00141910796,0.09894132460000002,2.67376241e-06,4.80108562e-07,0.0008579619760000001,0.036927299100000005,2.67376241e-06,4.80108562e-07,0.0012977677200000002,0.0823552202,2.67376241e-06,4.80108562e-07,2.446111488342285
113,1678690200,2.05920299e-05,2.05920339e-05,0.02199858207,0.4705341527,0.0231469283,0.0035859119099999996,0.0073981722,0.00574017821,2.99883861e-06,2.611154955e-05,6.93531473,32.8,1.11467826e-06,1.66379111e-06,1.198737703e-06,1.0051745359999999e-06,6.522807660000001e-07,4.906730810000001e-07,3.9741382799999997e-07,3.3836662900000003e-07,7.39823997e-07,1.71575684e-07,2.52344715e-06,84.12495179999999,45.365977,3.6737844899999995e-10,9.186901749999999,0.00150409853,0.12082268159999998,2.9183765599999995e-06,4.75063403e-07,0.00146995244,0.10754758990000002,2.9183765599999995e-06,4.75063403e-07,0.000836205597,0.034587293000000005,2.9183765599999995e-06,4.75063403e-07,0.0013179716300000001,0.0858221866,2.9183765599999995e-06,4.75063403e-07,2.4461132049560548
113,1678690800,1.9824250599999995e-05,1.98242533e-05,0.0019557138136,0.36568629301699995,0.0226772584,0.00353016788,0.007253643619999998,0.00563964118,2.4950420900000003e-06,2.22170678e-05,5.99999989,29.8,1.09854524e-06,1.5717307400000003e-06,1.08690464e-06,8.98712738e-07,6.35721843e-07,4.7683658000000006e-07,3.9236740199999996e-07,3.39870248e-07,7.35873051e-07,1.72831946e-07,2.50272475e-06,84.4966785,46.258552800000004,3.4805962599999996e-10,9.19323745,0.00147304622,0.11393436300000001,2.6455364900000004e-06,4.43503746e-07,0.00142695037,0.1001093604,2.6455364900000004e-06,4.43503746e-07,0.000831757063,0.0343050412,2.6455364900000004e-06,4.43503746e-07,0.00128872292,0.0811123315,2.6455364900000004e-06,4.43503746e-07,2.446200227737427
113,1678691400,1.97735372e-05,1.9773540299999997e-05,0.008280134250000001,0.34931809056,0.0208625786,0.00351988729,0.0072640307,0.00565904063,2.6988955799999997e-06,2.64017001e-05,6.21153845,26.4,1.102169406e-06,1.54713999e-06,1.0560304829999999e-06,9.8940593e-07,5.87361632e-07,4.73479386e-07,3.9367699700000003e-07,3.2801666400000007e-07,7.37498426e-07,1.71077067e-07,2.50089602e-06,84.8316409,46.5895344,3.4716579e-10,9.1959319,0.0014663699199999997,0.111122134,2.52905133e-06,4.52656701e-07,0.00140075807,0.1000713558,2.52905133e-06,4.52656701e-07,0.000836919737,0.034779566,2.52905133e-06,4.52656701e-07,0.0013024777900000001,0.08299192920000001,2.52905133e-06,4.52656701e-07,2.4461318492889403
113,1678692000,1.95544135e-05,1.95544182e-05,-0.0032293310037699993,0.07191050229,0.019036697300000002,0.0035199312600000003,0.00723983905,0.00565970283,1.84512701e-06,1.670274325e-05,5.9912588,24.9,1.08053881e-06,1.52994375e-06,1.013720495e-06,8.03562837e-07,5.972759799999999e-07,5.03756221e-07,4.59527582e-07,3.59587233e-07,7.32271035e-07,1.71772704e-07,2.5252107e-06,85.02248209999999,47.1136426,3.39050569e-10,9.1993563,0.00146413333,0.10686921009999999,2.51857243e-06,4.343361609999999e-07,0.0013974901299999998,0.09627337999999999,2.51857243e-06,4.343361609999999e-07,0.000836695713,0.034313726600000004,2.51857243e-06,4.343361609999999e-07,0.00128910852,0.080230783,2.51857243e-06,4.343361609999999e-07,2.4461169958114626
113,1678692600,1.89770468e-05,1.8977047899999998e-05,-0.012524665540000002,0.11042711867000002,0.018259969300000005,0.00347000639,0.007133696780000001,0.005569477370000001,1.72495791e-06,1.65969774e-05,5.40034962,23.3,1.05860357e-06,1.51895067e-06,1.0108555079999999e-06,7.81361317e-07,5.67913987e-07,4.480125309999999e-07,3.75678892e-07,3.23454182e-07,7.160293739999999e-07,1.73060732e-07,2.5145673199999996e-06,85.643412,47.6841421,3.26961333e-10,9.2036928,0.00143030829,0.10099379589999999,2.78562959e-06,4.64082475e-07,0.00137557721,0.09314265220000001,2.78562959e-06,4.64082475e-07,0.00082325628,0.0339008526,2.78562959e-06,4.64082475e-07,0.0012890663599999998,0.080698481,2.78562959e-06,4.64082475e-07,2.4461968421936033
113,1678693200,1.90310614e-05,1.90310641e-05,-0.011814836790000002,0.149624361545,0.0185844774,0.00347079075,0.00712813169,0.00556783713,1.8294033600000001e-06,1.71693068e-05,5.608391499999999,22.3,1.08884023e-06,1.5022508300000001e-06,9.954002530000002e-07,7.85192676e-07,5.893446649999999e-07,4.56039443e-07,3.62895407e-07,3.28663336e-07,7.31963805e-07,1.7227077000000003e-07,2.5026389e-06,85.62302,47.599108599999994,3.28436342e-10,9.2038751,0.00142827344,0.10237049949999999,2.69667691e-06,4.4176219799999993e-07,0.00136696317,0.09206861359999999,2.69667691e-06,4.4176219799999993e-07,0.00084267056,0.035268695999999995,2.69667691e-06,4.4176219799999993e-07,0.00127507478,0.07942523019999999,2.69667691e-06,4.4176219799999993e-07,2.4461800813674928
113,1678693800,1.90853716e-05,1.90853762e-05,0.008942239849999999,0.06632307829000002,0.0184833045,0.0034807817299999993,0.0071801641200000006,0.00559163223,1.6012929699999997e-06,1.5439955099999996e-05,5.66258738,18.8,1.13084905e-06,1.50059996e-06,9.9071808e-07,7.64995963e-07,5.71056224e-07,4.5916157899999995e-07,3.7417495100000003e-07,3.20849547e-07,7.38749078e-07,1.6806533600000002e-07,2.52340624e-06,85.4898126,47.491238100000004,3.2879910900000007e-10,9.2046749,0.00141952402,0.0994645507,2.82019736e-06,4.9077943e-07,0.0013839116000000002,0.0941698112,2.82019736e-06,4.9077943e-07,0.000872083385,0.037677777700000005,2.82019736e-06,4.9077943e-07,0.00126953809,0.07831447559999999,2.82019736e-06,4.9077943e-07,2.446160984039307
113,1678694400,1.90482872e-05,1.9048290799999997e-05,-0.0061834174534,0.01556454061,0.0185598923,0.0034802343800000002,0.007165038060000001,0.00559218842,1.2949717799999998e-06,1.2239445249999999e-05,5.53496505,13.6,1.1249903699999998e-06,1.54885029e-06,9.9763426e-07,7.07410661e-07,5.74407097e-07,4.4484721700000003e-07,3.88394471e-07,3.2535289e-07,7.18555431e-07,1.7122977499999998e-07,2.5224348e-06,85.5044601,47.4366639,3.2846059099999996e-10,9.204154299999999,0.00143079453,0.098928094,2.47646789e-06,4.42909322e-07,0.00138318255,0.0923297878,2.47646789e-06,4.42909322e-07,0.00084727493,0.0353700601,2.47646789e-06,4.42909322e-07,0.00130703992,0.08276926609999999,2.47646789e-06,4.42909322e-07,2.4461386442184447
113,1678695000,1.91705847e-05,1.91705881e-05,-0.0012480222499999993,-0.0009862491999999984,0.018548143,0.0034908046399999997,0.00720048239,0.0056080199299999986,1.2855938299999999e-06,1.17293625e-05,5.58216785,14.8,1.0967958300000001e-06,1.59651068e-06,1.0174023899999998e-06,7.279199349999999e-07,5.641058160000001e-07,4.640862360000001e-07,3.79557514e-07,3.3907317899999997e-07,7.24416439e-07,1.69703863e-07,2.50568864e-06,85.2837152,47.144052800000004,3.31698e-10,9.201172,0.0014344279800000003,0.0991108624,2.49086538e-06,4.577033e-07,0.00141320476,0.0966838576,2.49086538e-06,4.577033e-07,0.0008456614439999999,0.0355854977,2.49086538e-06,4.577033e-07,0.0012958856199999998,0.08176838280000001,2.49086538e-06,4.577033e-07,2.4461944103240967
113,1678695600,1.91544652e-05,1.915447e-05,-0.004505721555000001,-0.007684233479999999,0.0179051632,0.00349162319,0.007197687389999999,0.00562699868,1.31114169e-06,1.1744771e-05,5.7167832600000015,14.8,1.1015408500000001e-06,1.55806885e-06,1.0421803769999998e-06,7.32909903e-07,5.727084300000001e-07,4.6384363000000004e-07,3.7922273e-07,3.2698988599999995e-07,7.21523406e-07,1.6840000600000002e-07,2.5098185699999995e-06,85.265167,47.109183099999996,3.31957481e-10,9.2003699,0.0014258329099999998,0.0988328144,2.53573086e-06,4.5461662199999995e-07,0.00142522499,0.0985960705,2.53573086e-06,4.5461662199999995e-07,0.0008542991810000001,0.035987374100000004,2.53573086e-06,4.5461662199999995e-07,0.0012826594,0.0800556805,2.53573086e-06,4.5461662199999995e-07,2.44623122215271
113,1678696200,1.96811272e-05,1.96811292e-05,0.004047770800000001,0.4687990618700001,0.0221380902,0.003512739409999999,0.0072298636,0.005622065590000001,2.51722608e-06,2.43197991e-05,6.01923072,37.3,1.077802194e-06,1.54627607e-06,1.128323841e-06,8.91063333e-07,6.10555587e-07,4.63829542e-07,3.91875958e-07,3.28489542e-07,7.361206949999999e-07,1.70054512e-07,2.4961662199999998e-06,84.86575310000002,46.599748899999994,3.4454458e-10,9.196357850000002,0.00145934474,0.1100682627,2.3096224e-06,4.17100732e-07,0.0014230726,0.10309700799999999,2.3096224e-06,4.17100732e-07,0.0008531075420000001,0.035456497399999995,2.3096224e-06,4.17100732e-07,0.00126371295,0.07858965,2.3096224e-06,4.17100732e-07,2.4461817502975465
113,1678696800,1.9095844e-05,1.9095849299999996e-05,0.0050696262800000004,0.12220693944000002,0.019555979600000002,0.0034799169499999997,0.00716454876,0.00557857629,1.81889503e-06,1.7560695049999998e-05,5.49300702,24.6,1.053249127e-06,1.56227335e-06,9.743785589999998e-07,8.159608379999999e-07,5.68881292e-07,4.4248672899999993e-07,3.78192376e-07,3.19607771e-07,7.32227141e-07,1.73024028e-07,2.52760637e-06,85.5389314,47.6650262,3.2852218999999995e-10,9.2046385,0.00142263452,0.1012644006,2.3633695699999996e-06,4.34359533e-07,0.00139712022,0.0960469767,2.3633695699999996e-06,4.34359533e-07,0.000840611147,0.0348037167,2.3633695699999996e-06,4.34359533e-07,0.00127453623,0.0784041442,2.3633695699999996e-06,4.34359533e-07,2.4462809562683105
113,1678697400,1.9080146600000003e-05,1.9080154700000003e-05,0.012775672791999999,0.051504355349999996,0.0191154835,0.0034806967,0.00717952404,0.00558978077,1.55795047e-06,1.5177785200000001e-05,5.6888111199999996,20.1,1.07778467e-06,1.5392525e-06,9.83171886e-07,7.5826624e-07,5.671365500000001e-07,4.74496714e-07,3.88383559e-07,3.2628908299999995e-07,7.210612019999999e-07,1.7143208600000002e-07,2.5327821699999996e-06,85.66788949999999,47.6779786,3.27801377e-10,9.2063392,0.0014213572500000001,0.0994420398,2.78728079e-06,4.7109820199999997e-07,0.00137256706,0.0931379285,2.78728079e-06,4.7109820199999997e-07,0.000851081489,0.035981383900000004,2.78728079e-06,4.7109820199999997e-07,0.00128853037,0.0800158799,2.78728079e-06,4.7109820199999997e-07,2.4461255073547363
113,1678698000,1.87999455e-05,1.879995e-05,-0.0033469984,-0.01529542281,0.017870841800000002,0.0034615146399999998,0.007128925980000001,0.005547807070000001,1.3152965300000003e-06,1.12952995e-05,5.22902099,13.8,1.16026363e-06,1.5308144500000001e-06,9.5065223e-07,6.683654190000001e-07,5.474187089999999e-07,4.41121729e-07,3.72400376e-07,3.27948464e-07,7.13936872e-07,1.74166984e-07,2.5128524700000003e-06,85.8828498,47.784615800000005,3.22702259e-10,9.206712650000002,0.0013895202499999999,0.0941281964,3.12951006e-06,5.229448909999999e-07,0.00136505484,0.0901074055,3.12951006e-06,5.229448909999999e-07,0.00085818299,0.03720106669999999,3.12951006e-06,5.229448909999999e-07,0.0012996777,0.0817513023,3.12951006e-06,5.229448909999999e-07,2.446158528327942
113,1678698600,2.02741032e-05,2.0274111400000003e-05,0.01848919876,0.63775369085,0.0222713856,0.00355143788,0.00733751267,0.005681059269999999,2.8247488700000003e-06,2.5409059099999996e-05,6.64160839,23.7,1.1420732900000001e-06,1.5798358899999996e-06,1.069200889e-06,1.0307125609999999e-06,6.242796510000001e-07,4.788476859999999e-07,4.1505513599999994e-07,3.5298825699999996e-07,7.37245987e-07,1.71784826e-07,2.5349873099999998e-06,84.615244,46.286781399999995,3.5925705599999996e-10,9.19294845,0.00146847039,0.11329172299999998,3.41839788e-06,5.26508825e-07,0.00144586444,0.10776323489999999,3.41839788e-06,5.26508825e-07,0.0008527369510000001,0.0366762897,3.41839788e-06,5.26508825e-07,0.0012851803899999999,0.0808523772,3.41839788e-06,5.26508825e-07,2.446148490905762
113,1678699200,1.90625769e-05,1.9062579200000002e-05,-0.0006040117030000002,0.0007107098999999964,0.0176178456,0.0034852548299999994,0.007168174270000001,0.005597600989999999,1.3069927300000002e-06,1.147144135e-05,5.49125876,14.2,1.1386809500000001e-06,1.5256823799999999e-06,1.02345038e-06,6.97312188e-07,5.66158771e-07,4.4751757400000007e-07,3.8201498199999993e-07,3.304542529999999e-07,7.30367946e-07,1.69516927e-07,2.52008433e-06,85.49400449999999,47.3825543,3.2938427200000004e-10,9.201975050000001,0.0014178067,0.0977489039,2.60908795e-06,4.49086161e-07,0.0013919415599999998,0.093931012,2.60908795e-06,4.49086161e-07,0.0008485039110000001,0.0356641895,2.60908795e-06,4.49086161e-07,0.00129436941,0.08197142449999999,2.60908795e-06,4.49086161e-07,2.4461884260177613
113,1678699800,1.9729303600000002e-05,1.9729311700000002e-05,-0.0009514094150000005,0.4595831440799999,0.0215146606,0.0035135343300000004,0.007236631960000001,0.00563158327,2.88023835e-06,2.7161500999999997e-05,5.96153846,36.4,1.0845192299999998e-06,1.56765593e-06,1.0047209269999999e-06,9.83111895e-07,6.29653043e-07,4.75889943e-07,3.9120285600000005e-07,3.2865336600000006e-07,7.263684639999999e-07,1.73431584e-07,2.4994133600000003e-06,84.81819820000001,46.537606800000006,3.45550549e-10,9.197217400000001,0.0014703353200000002,0.1136739722,2.5831839800000004e-06,4.6348621499999996e-07,0.0014158685999999998,0.0997901571,2.5831839800000004e-06,4.6348621499999996e-07,0.0008420337070000001,0.0354876892,2.5831839800000004e-06,4.6348621499999996e-07,0.0012787534999999998,0.0795252244,2.5831839800000004e-06,4.6348621499999996e-07,2.446165108680725
113,1678700400,1.9854354399999998e-05,1.98543567e-05,0.011043509869999999,0.44982656616999994,0.021696718499999997,0.0035270267599999995,0.00726923436,0.00564680671,2.56667468e-06,2.4920614e-05,6.26223783,29.0,1.115951067e-06,1.5476250999999998e-06,1.0153553459999999e-06,9.090832620000002e-07,5.959638290000001e-07,5.26588626e-07,4.5065941899999994e-07,3.40596686e-07,7.3849575e-07,1.67980424e-07,2.51885268e-06,84.6345956,46.570169299999996,3.4779619999999996e-10,9.19504785,0.00146159167,0.11284138429999999,2.5664285900000003e-06,4.46576629e-07,0.0014043083100000002,0.0980844978,2.5664285900000003e-06,4.46576629e-07,0.0008243272169999999,0.0339285844,2.5664285900000003e-06,4.46576629e-07,0.00129882342,0.0822203749,2.5664285900000003e-06,4.46576629e-07,2.4460986614227296
113,1678701000,1.9647502699999998e-05,1.96475056e-05,0.0025192987000000003,0.11475197264000003,0.020503379799999995,0.00352635236,0.007250339060000001,0.00564925042,1.8702687700000001e-06,1.7505873e-05,6.3006993399999995,24.9,1.07064338e-06,1.55962127e-06,1.1445729480000001e-06,8.530449780000001e-07,6.11456029e-07,4.7153108599999996e-07,3.77482083e-07,3.2402615e-07,7.30429996e-07,1.70075389e-07,2.5108192e-06,84.87756399999998,46.6031047,3.4351565e-10,9.1964881,0.00146808388,0.1069888041,2.7743015499999998e-06,4.58987804e-07,0.0014534095300000002,0.1040671031,2.7743015499999998e-06,4.58987804e-07,0.0008302724310000001,0.0344255912,2.7743015499999998e-06,4.58987804e-07,0.0012885984299999998,0.08005221929999999,2.7743015499999998e-06,4.58987804e-07,2.4461696624755858
113,1678701600,2.5050795e-05,2.50507997e-05,-0.013886761349999999,1.4594692028999998,0.031239211100000004,0.0038582476099999997,0.007937863219999999,0.00611590597,6.912934350000001e-06,5.6369979400000006e-05,10.875874139999999,73.6,1.12061194e-06,1.8103630399999998e-06,1.87755275e-06,1.601292185e-06,8.841285930000001e-07,6.81089995e-07,5.63374438e-07,4.2593441599999993e-07,8.212626960000001e-07,1.69630511e-07,2.57008784e-06,81.36582200000001,41.9417524,4.82495699e-10,9.15307325,0.0016889707700000003,0.16889740949999998,3.2592708e-06,4.95064874e-07,0.0016614840800000003,0.160671006,3.2592708e-06,4.95064874e-07,0.00084193759,0.0352420132,3.2592708e-06,4.95064874e-07,0.00133969885,0.0875835715,3.2592708e-06,4.95064874e-07,2.4461533308029173
113,1678702200,2.3910434e-05,2.3910441199999996e-05,0.025202763149999995,1.8738926694500002,0.030403113500000006,0.00374742184,0.007697772500000001,0.005922885300000001,7.814202290000003e-06,7.532899495000001e-05,9.003496590000001,59.6,1.10543022e-06,1.58890759e-06,1.5445379599999998e-06,1.3374248569999997e-06,1.051902419e-06,8.39529797e-07,5.75892553e-07,3.9201902400000005e-07,7.997539579999999e-07,1.6944333699999997e-07,2.55035135e-06,82.3371036,43.8511663,4.5113888499999995e-10,9.165281449999998,0.00165206764,0.170451654,2.9611820899999997e-06,4.6855970500000005e-07,0.0015229352,0.1347199744,2.9611820899999997e-06,4.6855970500000005e-07,0.0008500363639999999,0.0362893117,2.9611820899999997e-06,4.6855970500000005e-07,0.00129880093,0.08268501400000001,2.9611820899999997e-06,4.6855970500000005e-07,2.4460973501205445
113,1678702800,2.0787540200000003e-05,2.07875471e-05,-0.005549119650000001,0.58868224306,0.0228610281,0.0035911171699999993,0.0073802777900000005,0.0057293137000000004,3.3310009700000003e-06,2.97843796e-05,7.008741319999999,43.2,1.075905039e-06,1.6190579300000002e-06,1.18746121e-06,1.113730126e-06,6.921027640000001e-07,5.10487706e-07,4.0300401099999993e-07,3.39885172e-07,7.48569423e-07,1.7185487000000003e-07,2.5316796099999993e-06,83.8815794,45.4183986,3.7056413100000005e-10,9.1869111,0.00153099775,0.12508533500000002,2.34970814e-06,4.36087037e-07,0.00145826626,0.1103439976,2.34970814e-06,4.36087037e-07,0.0008372171480000001,0.03504772539999999,2.34970814e-06,4.36087037e-07,0.0013105490300000001,0.083257455,2.34970814e-06,4.36087037e-07,2.446136212348938
113,1678703400,2.2742356500000002e-05,2.2742360700000003e-05,-0.00886337605,1.07303486083,0.0265454244,0.00371708642,0.0076520471800000005,0.005899448109999999,5.23173754e-06,4.4468922400000004e-05,8.896853310000001,50.7,1.104917427e-06,1.6649565200000002e-06,1.49202015e-06,1.4816383000000002e-06,7.643253460000001e-07,5.388462369999999e-07,4.4272985600000005e-07,3.73304403e-07,7.77689285e-07,1.73232022e-07,2.5574895199999998e-06,82.5652794,43.5721164,4.19918914e-10,9.16977585,0.00161093023,0.15229582400000002,3.02685292e-06,5.134139699999999e-07,0.00156402525,0.12783655860000004,3.02685292e-06,5.134139699999999e-07,0.0008656428760000001,0.0373240244,3.02685292e-06,5.134139699999999e-07,0.00130872722,0.0832187385,3.02685292e-06,5.134139699999999e-07,2.446054768562317
113,1678704000,2.12710809e-05,2.12710839e-05,0.015282048000000003,0.5939677277500001,0.0238094002,0.00362458971,0.00747232291,0.005782590440000001,3.7080912e-06,3.32475407e-05,7.61713286,43.6,1.0767985800000002e-06,1.5407151099999999e-06,1.25081994e-06,1.2573437569999998e-06,7.29838259e-07,5.04644687e-07,4.2291045399999997e-07,3.51395164e-07,7.86277482e-07,1.74819327e-07,2.5399385e-06,83.65048610000001,45.150851,3.8282715800000004e-10,9.18230475,0.00156150022,0.133982405,3.0609146499999993e-06,4.90131833e-07,0.0014950554300000001,0.1153670335,3.0609146499999993e-06,4.90131833e-07,0.00084353009,0.0354020361,3.0609146499999993e-06,4.90131833e-07,0.00127171982,0.07845371999999999,3.0609146499999993e-06,4.90131833e-07,2.44601366519928
113,1678704600,2.1695055000000002e-05,2.16950598e-05,-0.018275400270000002,1.5936731495,0.027194026499999996,0.0036240897000000003,0.00743616635,0.00574638786,4.75688534e-06,4.4526360099999997e-05,7.896853190000002,51.3,1.07789814e-06,1.56058684e-06,1.21014586e-06,1.3878952670000002e-06,7.982232569999999e-07,5.51062752e-07,4.45401573e-07,3.4290871400000004e-07,7.553109979999999e-07,1.7273348500000003e-07,2.54534073e-06,83.3040974,44.8325024,3.9334308300000006e-10,9.178971,0.00156358976,0.1436801976,2.6979877e-06,4.6875302099999996e-07,0.0014771321999999998,0.11445793739999999,2.6979877e-06,4.6875302099999996e-07,0.0008455529490000001,0.0356009147,2.6979877e-06,4.6875302099999996e-07,0.0012829571299999998,0.0800126169,2.6979877e-06,4.6875302099999996e-07,2.4460758209228515
113,1678705200,2.01498706e-05,2.0149874999999997e-05,0.00017755353600000003,0.15633647466,0.0209465029,0.00356736374,0.0073480868000000005,0.00571590963,2.0816077400000002e-06,1.791126635e-05,6.5979021200000005,29.5,1.12129356e-06,1.5890179400000002e-06,1.11914375e-06,8.59793336e-07,6.36376784e-07,5.250472270000001e-07,4.33819422e-07,3.5183356e-07,7.47579025e-07,1.71140733e-07,2.51986413e-06,84.29036750000002,46.023033,3.54069625e-10,9.1922557,0.00148993944,0.111820013,2.64755092e-06,4.79379216e-07,0.0014478517599999998,0.10506895600000002,2.64755092e-06,4.79379216e-07,0.000844512602,0.0358125062,2.64755092e-06,4.79379216e-07,0.0012975399299999999,0.082373577,2.64755092e-06,4.79379216e-07,2.446135377883911
113,1678705800,2.1265352799999996e-05,2.1265357499999995e-05,-0.00961674595,0.48212912680000003,0.0216298416,0.00362659359,0.00745219424,0.0057638059,3.35524126e-06,2.7671307899999994e-05,7.27447563,38.9,1.09538649e-06,1.53768149e-06,1.06517578e-06,1.0072487339999998e-06,7.50610778e-07,7.09282354e-07,5.75952078e-07,4.0248413400000006e-07,7.82302688e-07,1.70336612e-07,2.53617312e-06,83.7949295,45.7098661,3.81620572e-10,9.185053300000002,0.0015633988299999999,0.1342519259,2.55875738e-06,4.42526997e-07,0.00142820979,0.10159344619999999,2.55875738e-06,4.42526997e-07,0.0008631768900000001,0.036151971199999994,2.55875738e-06,4.42526997e-07,0.00127568063,0.07919890799999998,2.55875738e-06,4.42526997e-07,2.446106290817261
113,1678706400,2.16657687e-05,2.1665773e-05,0.002574078929999999,0.8753718239099999,0.025746376100000003,0.0036546667499999996,0.00754572829,0.0058295342,3.8691859800000005e-06,3.2951411e-05,7.921328579999999,49.9,1.0944395699999998e-06,1.55295753e-06,1.2588191730000001e-06,1.2449187619999998e-06,7.959600469999999e-07,5.58027724e-07,4.49532755e-07,3.77663134e-07,7.79197216e-07,1.71150996e-07,2.5501922299999997e-06,83.2571194,44.69307150000001,3.90205612e-10,9.179496799999999,0.0015966390399999998,0.13773155310000001,2.61253323e-06,4.65128661e-07,0.00148679049,0.1160492611,2.61253323e-06,4.65128661e-07,0.0008444864910000001,0.0352865478,2.61253323e-06,4.65128661e-07,0.00128463407,0.0810038699,2.61253323e-06,4.65128661e-07,2.446073293685913
113,1678707000,2.14678478e-05,2.1467850600000005e-05,0.012103410180000003,0.8980470699000002,0.027068082800000004,0.00363511412,0.0074873104499999996,0.00578946472,4.32202561e-06,4.0802166600000004e-05,7.53496504,50.7,1.060329137e-06,1.5620589800000001e-06,1.214864206e-06,1.251146882e-06,8.051097560000001e-07,5.317611000000001e-07,4.15826416e-07,3.6831159099999994e-07,7.92363293e-07,1.7285367800000002e-07,2.5592589700000002e-06,83.4181141,45.0555076,3.854036309999999e-10,9.181471250000001,0.0015778265099999998,0.13938118409999997,2.2576381399999996e-06,4.30362822e-07,0.00148570087,0.1128974806,2.2576381399999996e-06,4.30362822e-07,0.000835747834,0.0344631572,2.2576381399999996e-06,4.30362822e-07,0.0012757906,0.078457324,2.2576381399999996e-06,4.30362822e-07,2.4461200714111326
113,1678707600,2.03353873e-05,2.03353889e-05,-0.004925238160000001,0.597366868625,0.0245126575,0.0035582592599999996,0.007345096399999999,0.00569387222,3.0316015200000003e-06,2.816648705e-05,6.68706284,45.9,1.09393384e-06,1.55714809e-06,1.107211423e-06,9.936928429999999e-07,6.81914951e-07,4.850748429999999e-07,4.1102835799999997e-07,3.5198703299999995e-07,7.737212070000001e-07,1.7196943000000002e-07,2.5399057e-06,84.2162159,46.0402368,3.5827597700000003e-10,9.19113475,0.00148854371,0.11748081309999998,2.8539219799999996e-06,4.54111052e-07,0.0014331570299999999,0.103072509,2.8539219799999996e-06,4.54111052e-07,0.000834979521,0.0341892749,2.8539219799999996e-06,4.54111052e-07,0.0013009764100000002,0.08262977599999999,2.8539219799999996e-06,4.54111052e-07,2.4460209369659425
113,1678708200,2.07254366e-05,2.0725440400000002e-05,-0.008882838510000001,0.80078647504,0.0212476988,0.0035719479300000004,0.007332854369999998,0.0057073544499999995,3.3635041599999995e-06,2.7521186000000002e-05,6.7692308699999995,38.1,1.1419603699999998e-06,1.59828228e-06,1.19430795e-06,1.1839986610000001e-06,5.95186194e-07,4.90309398e-07,4.0363231800000007e-07,3.38770056e-07,7.28717343e-07,1.71464092e-07,2.5160400399999997e-06,84.25642470000001,45.59375229999999,3.7295451600000004e-10,9.187774,0.0014943038,0.12276032730000001,2.56624653e-06,4.5590490499999995e-07,0.00145162681,0.11127322939999999,2.56624653e-06,4.5590490499999995e-07,0.0008450082859999999,0.0353519412,2.56624653e-06,4.5590490499999995e-07,0.00132083646,0.0848656486,2.56624653e-06,4.5590490499999995e-07,2.4461236238479613
113,1678708800,2.0242375699999997e-05,2.02423783e-05,-0.0073265080300000006,0.566230082,0.0235856152,0.0035488033300000005,0.007311115379999999,0.0056593879700000006,3.20546463e-06,2.795624925e-05,6.60664336,38.5,1.0677218300000002e-06,1.51719482e-06,1.161913274e-06,9.432646980000001e-07,6.55502398e-07,4.992372910000001e-07,4.3574028700000004e-07,3.6607679199999996e-07,7.719654550000001e-07,1.6966659599999997e-07,2.5328540099999997e-06,84.3794625,46.389173799999995,3.55935165e-10,9.192465249999998,0.00148053652,0.1171377411,2.5968354699999996e-06,4.50046543e-07,0.0014359684900000001,0.105201083,2.5968354699999996e-06,4.50046543e-07,0.0008372667699999999,0.034758712700000007,2.5968354699999996e-06,4.50046543e-07,0.0012554446300000002,0.077325155,2.5968354699999996e-06,4.50046543e-07,2.4461755990982055
113,1678709400,2.4683829299999996e-05,2.4683830499999996e-05,0.00919894832,1.24032760944,0.028421163499999996,0.0038240632600000006,0.007866437669999999,0.0060323873400000005,5.95847508e-06,4.8614896000000003e-05,10.32342649,57.0,1.04127043e-06,1.63438116e-06,1.580167416e-06,1.588716538e-06,9.98703843e-07,8.92482804e-07,6.64671826e-07,4.3352276499999995e-07,8.10285316e-07,1.69452497e-07,2.52820747e-06,81.5386417,43.0575269,4.710779510000001e-10,9.15477985,0.00172742268,0.180663993,2.6827639200000004e-06,4.64197483e-07,0.0015720917800000002,0.1435599164,2.6827639200000004e-06,4.64197483e-07,0.0008382807359999999,0.035263834499999994,2.6827639200000004e-06,4.64197483e-07,0.0012812677899999999,0.0799898201,2.6827639200000004e-06,4.64197483e-07,2.4461307764053344
113,1678710000,1.98915321e-05,1.9891535200000003e-05,0.03125835105,0.64700355688,0.022450316300000002,0.0035167275899999997,0.00725261579,0.00563328442,2.86447302e-06,2.627698825e-05,6.0506993,30.8,1.038934704e-06,1.54102052e-06,1.097019727e-06,1.0108395949999999e-06,5.935226650000001e-07,4.891244810000001e-07,4.05940194e-07,3.35778597e-07,7.382815180000001e-07,1.72291706e-07,2.5229930899999995e-06,84.7813616,46.75579570000001,3.49125259e-10,9.1951374,0.00147650748,0.11745668940000001,2.41001517e-06,4.21618273e-07,0.00141397478,0.10072686900000001,2.41001517e-06,4.21618273e-07,0.000813837106,0.032944506299999995,2.41001517e-06,4.21618273e-07,0.0012778137400000001,0.0792977881,2.41001517e-06,4.21618273e-07,2.446056914329529
113,1678710600,2.0603679099999998e-05,2.06036823e-05,0.0012813575300000004,0.16624985046000001,0.021399847300000004,0.00360248711,0.00742162451,0.00577137904,2.1831021900000004e-06,1.88771725e-05,7.120629460000001,30.1,1.11033373e-06,1.49654591e-06,1.160660236e-06,1.0517223560000002e-06,6.912056759999999e-07,5.27654432e-07,4.5456687100000006e-07,3.72880544e-07,7.48552287e-07,1.74955051e-07,2.5127063e-06,83.95894999999999,45.6999536,3.6502203599999996e-10,9.18890755,0.0015546614200000002,0.12417281760000001,2.73598241e-06,4.61093505e-07,0.0014616708800000004,0.10586966850000001,2.73598241e-06,4.61093505e-07,0.0008367671719999999,0.035084648600000004,2.73598241e-06,4.61093505e-07,0.0012791180399999997,0.0796307614,2.73598241e-06,4.61093505e-07,2.446155333518982
113,1678711200,2.08442543e-05,2.08442605e-05,-4.3058520000000335e-05,0.20494118441000003,0.020504557700000002,0.00360808673,0.00743204953,0.0057731188,2.32271666e-06,1.85471149e-05,7.386363660000001,30.3,1.1197896750000002e-06,1.5340699899999998e-06,1.0497030299999999e-06,9.132699920000001e-07,7.02811548e-07,6.401380510000001e-07,6.05529085e-07,4.03425576e-07,7.651257410000001e-07,1.7223857599999998e-07,2.51597502e-06,84.04259010000001,45.98069100000001,3.71648073e-10,9.1880033,0.0015437016000000002,0.1278714182,2.9120238900000003e-06,5.01654614e-07,0.00141063943,0.0980089486,2.9120238900000003e-06,5.01654614e-07,0.000866003886,0.0376048113,2.9120238900000003e-06,5.01654614e-07,0.00128619986,0.08040167699999999,2.9120238900000003e-06,5.01654614e-07,2.4460812330245973
113,1678711800,2.0579823400000002e-05,2.05798254e-05,0.002122531082,0.2280019475,0.0206343171,0.0035897473299999995,0.007427770250000002,0.00575211502,2.38996831e-06,1.9488092200000002e-05,6.9860141,34.3,1.1183663700000001e-06,1.5656201500000001e-06,9.9985757e-07,8.1647387e-07,7.06098348e-07,6.371887909999999e-07,5.51864392e-07,4.0727476200000004e-07,7.819709649999999e-07,1.73686039e-07,2.5314792900000003e-06,84.10616610000001,46.1955393,3.6282074e-10,9.1902656,0.0015155612399999998,0.11943587900000001,2.40212066e-06,4.3944802299999996e-07,0.00140495901,0.09674297400000001,2.40212066e-06,4.3944802299999996e-07,0.0008260243250000001,0.034154183299999995,2.40212066e-06,4.3944802299999996e-07,0.0013106981,0.08382270210000001,2.40212066e-06,4.3944802299999996e-07,2.44628324508667
113,1678712400,1.92234741e-05,1.9223478499999998e-05,0.01597938475,0.0263170515,0.018146601899999996,0.00349316441,0.007214784489999999,0.00561389168,1.49537189e-06,1.3254975750000001e-05,5.718531260000001,18.2,1.100033686e-06,1.5561511899999998e-06,9.94635784e-07,7.55304374e-07,5.908006069999999e-07,4.5960541100000005e-07,4.05161038e-07,3.25571923e-07,7.23881163e-07,1.73400978e-07,2.5271669e-06,85.3039534,47.28321,3.32854688e-10,9.20125865,0.00145020787,0.1028448955,2.30846889e-06,4.37017699e-07,0.00139622057,0.094797221,2.30846889e-06,4.37017699e-07,0.0008442152209999999,0.035178162299999996,2.30846889e-06,4.37017699e-07,0.0012892777600000001,0.08082413559999999,2.30846889e-06,4.37017699e-07,2.446087193489075
113,1678713000,1.9554451899999998e-05,1.95544563e-05,0.003313096,0.161287957,0.021385353,0.0035133086399999998,0.0072548123999999995,0.0056433955299999995,2.10176838e-06,2.080595905e-05,6.082167780000001,26.9,1.093449444e-06,1.53460981e-06,1.0309218499999998e-06,7.71321522e-07,6.123046940000001e-07,5.01299219e-07,4.44591578e-07,3.5110983899999997e-07,7.424838669999999e-07,1.71402607e-07,2.52371055e-06,85.026699,47.0618215,3.3909162300000003e-10,9.19911445,0.00144660162,0.10526393240000001,2.46449868e-06,4.63224964e-07,0.00140096288,0.09693754489999999,2.46449868e-06,4.63224964e-07,0.0008362151339999999,0.03496328559999999,2.46449868e-06,4.63224964e-07,0.0012837318,0.08045476050000001,2.46449868e-06,4.63224964e-07,2.4461042165756224
113,1678713600,1.9659619200000003e-05,1.9659621199999998e-05,-0.00701574386,0.5301018301900001,0.0211011286,0.00351013004,0.007228312790000001,0.005637646059999999,2.4491406e-06,2.20419278e-05,5.812937010000001,26.3,1.13770452e-06,1.5535923699999999e-06,1.00490207e-06,9.17546354e-07,5.87325726e-07,4.53366654e-07,3.91507262e-07,3.39505701e-07,7.40773614e-07,1.7119608399999998e-07,2.53236156e-06,85.048916,46.9110403,3.43227683e-10,9.1986803,0.00143905478,0.10721400780000001,2.8399703900000003e-06,5.1113484e-07,0.00139976416,0.09824488710000001,2.8399703900000003e-06,5.1113484e-07,0.000868329489,0.037686979899999994,2.8399703900000003e-06,5.1113484e-07,0.00129885758,0.0813713475,2.8399703900000003e-06,5.1113484e-07,2.4461425304412843
113,1678714200,1.97523477e-05,1.97523501e-05,-0.0199397139,0.63211464299,0.0199521792,0.00349863099,0.00722244066,0.00560108893,2.98077117e-06,2.8735695899999997e-05,6.00349651,24.3,1.0437491430000001e-06,1.56082148e-06,1.082634801e-06,9.2069928e-07,6.033229509999999e-07,4.785555750000001e-07,3.98272849e-07,3.58763016e-07,7.39375031e-07,1.71739126e-07,2.51820525e-06,84.95650549999999,47.0091544,3.4578665900000007e-10,9.1979061,0.0014457431999999998,0.1073999946,2.2025271e-06,4.03558131e-07,0.00140495892,0.10490489759999999,2.2025271e-06,4.03558131e-07,0.00082530192,0.0332520816,2.2025271e-06,4.03558131e-07,0.0012806923300000001,0.0794640456,2.2025271e-06,4.03558131e-07,2.446027684211731
113,1678714800,1.9004145e-05,1.90041511e-05,0.009470901479999998,0.0342022249,0.018468324200000004,0.00347471101,0.007178216879999999,0.00557814152,1.35676935e-06,1.207585455e-05,5.48076925,15.6,1.05499805e-06,1.5419264300000004e-06,9.71230715e-07,7.26967094e-07,5.87016763e-07,4.807721919999999e-07,3.8087803200000007e-07,3.3562211199999997e-07,7.261455240000001e-07,1.70721258e-07,2.52577424e-06,85.46793890000001,47.699081899999996,3.26361925e-10,9.20533695,0.00142623112,0.09969600440000001,2.64334505e-06,4.39148146e-07,0.00136594998,0.09137977089999999,2.64334505e-06,4.39148146e-07,0.0008260649190000001,0.033921920700000004,2.64334505e-06,4.39148146e-07,0.0012977354499999999,0.0819379439,2.64334505e-06,4.39148146e-07,2.446113848686218
113,1678715400,1.86052018e-05,1.8605203700000002e-05,0.0020457360199999997,-0.0038747257499999995,0.0177312347,0.0034419052300000003,0.00710125955,0.00553707609,1.2465645e-06,1.128740015e-05,5.37062935,14.5,1.06999771e-06,1.52559399e-06,9.55223291e-07,6.86742317e-07,5.36621824e-07,4.3667857099999997e-07,3.60171578e-07,3.2493984000000005e-07,7.174577910000001e-07,1.70882884e-07,2.5182626e-06,86.0033045,48.2063429,3.1756648e-10,9.2085971,0.0013897897899999999,0.09381717799999997,2.65810196e-06,4.6499045200000003e-07,0.00137484706,0.0915377614,2.65810196e-06,4.6499045200000003e-07,0.0008434941610000002,0.0352599089,2.65810196e-06,4.6499045200000003e-07,0.0012582673700000002,0.07774694550000001,2.65810196e-06,4.6499045200000003e-07,2.4461923360824587
113,1678716000,1.92591504e-05,1.92591567e-05,-0.00672365643,0.07041058830000001,0.01903473545,0.00349067001,0.00718221711,0.00560205677,1.6188589899999998e-06,1.56139029e-05,5.86013992,17.4,1.021587364e-06,1.51058898e-06,1.065266775e-06,8.118096639999999e-07,5.99333302e-07,4.60968824e-07,4.00844167e-07,3.45066616e-07,7.22343227e-07,1.7094274500000003e-07,2.5208037e-06,85.2006354,47.4465377,3.32626005e-10,9.202041,0.00146193459,0.10577958810000002,2.73331027e-06,4.331461090000001e-07,0.00140447407,0.0976459482,2.73331027e-06,4.331461090000001e-07,0.0008338521929999998,0.034191600200000005,2.73331027e-06,4.331461090000001e-07,0.0012460276,0.0752685846,2.73331027e-06,4.331461090000001e-07,2.44613995552063
113,1678716600,1.9801521e-05,1.9801521799999997e-05,-0.0016917786300000009,0.41918127487,0.021719759100000003,0.0035171699,0.007216321590000001,0.0056123837,2.37577037e-06,2.0302381799999998e-05,6.1118881,22.8,1.067134013e-06,1.5788480399999998e-06,1.1088458549999999e-06,8.525665480000001e-07,5.986081339999999e-07,4.828823309999999e-07,4.1725181999999994e-07,3.5133766e-07,7.37910833e-07,1.70346638e-07,2.53500905e-06,84.948138,46.9462444,3.4606716200000003e-10,9.1968888,0.0014302394899999998,0.10706733850000001,2.4608299500000002e-06,4.588682029999999e-07,0.00143456013,0.10391052859999998,2.4608299500000002e-06,4.588682029999999e-07,0.0008618879359999999,0.03662942500000001,2.4608299500000002e-06,4.588682029999999e-07,0.0012679966199999999,0.0784639999,2.4608299500000002e-06,4.588682029999999e-07,2.446174716949463
113,1678717200,1.8597774800000002e-05,1.85977846e-05,-0.0063726382,0.005467698849999999,0.0173331866,0.0034386452399999996,0.007106456,0.00552644162,1.25416062e-06,1.093012405e-05,5.09265731,14.1,1.13035273e-06,1.4875127899999998e-06,9.487785459999998e-07,6.72015516e-07,5.181751469999999e-07,4.4086391799999996e-07,3.73856805e-07,3.19502914e-07,7.293739420000001e-07,1.72735386e-07,2.50568414e-06,85.915622,48.10808670000001,3.1710174700000003e-10,9.209567400000001,0.0013829808999999999,0.092742625,2.68551751e-06,5.005680410000001e-07,0.0013628408100000002,0.0905473785,2.68551751e-06,5.005680410000001e-07,0.000866858419,0.0374809235,2.68551751e-06,5.005680410000001e-07,0.0012587358200000002,0.0769723315,2.68551751e-06,5.005680410000001e-07,2.446125793457031
113,1678717800,1.85760402e-05,1.8576045000000003e-05,-0.002691184630000001,-0.014031062910000003,0.0176782485,0.0034424793,0.00705877368,0.00552048812,1.2484370999999999e-06,1.1503521e-05,5.09090908,13.3,1.1009244800000002e-06,1.5126584900000001e-06,9.120620629999999e-07,6.788375740000001e-07,5.497069630000002e-07,4.43821105e-07,3.76267661e-07,3.25533681e-07,7.184125969999999e-07,1.68418234e-07,2.5013037300000003e-06,85.84269859999999,48.030081100000004,3.17813006e-10,9.20647505,0.0013992334,0.0948861774,2.64862515e-06,4.41834319e-07,0.00134646088,0.08804394959999999,2.64862515e-06,4.41834319e-07,0.000836470967,0.0348444409,2.64862515e-06,4.41834319e-07,0.00129204756,0.0804117725,2.64862515e-06,4.41834319e-07,2.4461449146270753
113,1678718400,1.8935183999999997e-05,1.89351918e-05,-0.0040152420585000004,0.038492388739999994,0.0179862706,0.0034678951799999996,0.0071409673,0.005581812779999999,1.52227269e-06,1.446442595e-05,5.26398599,15.5,1.09095115e-06,1.5211587900000002e-06,9.33890173e-07,6.91865016e-07,5.412623529999999e-07,4.7666028399999995e-07,4.15453116e-07,3.61873326e-07,7.299609809999999e-07,1.7372840199999998e-07,2.53073467e-06,85.6515486,48.05578189999999,3.23471002e-10,9.207729550000002,0.0014134458799999999,0.0971221031,2.80754408e-06,4.6550133599999996e-07,0.0013660145800000003,0.0909455406,2.80754408e-06,4.6550133599999996e-07,0.0008462323709999999,0.0354996841,2.80754408e-06,4.6550133599999996e-07,0.00127397543,0.07821002549999999,2.80754408e-06,4.6550133599999996e-07,2.4460880041122435
113,1678719000,1.9554659600000002e-05,1.9554666199999998e-05,0.013446041964999999,0.1412895013,0.019255967500000002,0.0035085155499999998,0.0072488506299999995,0.00561923468,1.9990290100000002e-06,1.715630365e-05,5.958041919999999,25.9,1.0973409299999999e-06,1.51358675e-06,1.0342471150000001e-06,8.95205419e-07,5.997827270000001e-07,4.83765809e-07,3.9026998700000007e-07,3.2605910799999994e-07,7.4509157e-07,1.7064997300000002e-07,2.52131337e-06,85.1536003,47.1795918,3.3999309100000004e-10,9.2002785,0.0014595499500000002,0.10930817550000001,2.6630033e-06,4.6632073e-07,0.00139265522,0.0975103826,2.6630033e-06,4.6632073e-07,0.0008527408139999999,0.03586289770000001,2.6630033e-06,4.6632073e-07,0.001268695,0.078897691,2.6630033e-06,4.6632073e-07,2.4461272716522218
113,1678719600,1.89001754e-05,1.8900178999999998e-05,-0.00035212389999999974,0.03878716387000001,0.019028972,0.0034659583199999995,0.00713142174,0.00556233404,1.5089292000000003e-06,1.4073658800000002e-05,5.33566438,16.3,1.0749056599999999e-06,1.54829512e-06,9.55059954e-07,7.509353470000001e-07,5.37404832e-07,4.498659100000001e-07,3.6774034800000003e-07,3.34421358e-07,7.34657628e-07,1.74146103e-07,2.52260496e-06,85.67110210000001,47.83960040000001,3.2426069799999995e-10,9.2053411,0.0014170923799999998,0.098455151,2.9174277899999996e-06,4.877060719999999e-07,0.0013771547899999999,0.09231675240000001,2.9174277899999996e-06,4.877060719999999e-07,0.000844204563,0.0355878377,2.9174277899999996e-06,4.877060719999999e-07,0.0012619431399999998,0.07771693610000001,2.9174277899999996e-06,4.877060719999999e-07,2.446052980422974
113,1678720200,1.84711785e-05,1.8471178800000003e-05,-0.00890533768,-0.01294538418,0.0179620639,0.0034303366599999995,0.007067412610000001,0.00551285626,1.2499224200000003e-06,1.1085534500000002e-05,4.90384619,12.9,1.05274758e-06,1.49460379e-06,9.420867230000001e-07,6.609625840000001e-07,5.23659076e-07,4.38799957e-07,3.77284847e-07,3.25805913e-07,7.19520863e-07,1.70636e-07,2.5294168100000005e-06,86.0932895,48.5260482,3.1432975500000003e-10,9.2087057,0.00137726169,0.09245595479999999,2.48344923e-06,4.4574806299999994e-07,0.00135359367,0.08901885909999999,2.48344923e-06,4.4574806299999994e-07,0.000837992512,0.034608986999999994,2.48344923e-06,4.4574806299999994e-07,0.00125883778,0.0770607723,2.48344923e-06,4.4574806299999994e-07,2.4461069345474242
113,1678720800,1.85637103e-05,1.85637124e-05,0.001986684507000001,-0.0138768628,0.0177096742,0.00343818759,0.007088801309999999,0.00553935374,1.23399675e-06,1.17285821e-05,5.06118884,13.9,1.124607034e-06,1.4954463799999998e-06,9.49258039e-07,6.74050324e-07,5.383613819999999e-07,4.32254666e-07,3.5541486300000004e-07,3.1750965399999995e-07,7.156909319999999e-07,1.6899124e-07,2.5102405199999997e-06,85.91150510000001,48.022854699999996,3.17718965e-10,9.2073302,0.00139199045,0.0939615781,2.6953144800000003e-06,4.93526151e-07,0.00136494922,0.09038985899999999,2.6953144800000003e-06,4.93526151e-07,0.0008584732540000001,0.0367279918,2.6953144800000003e-06,4.93526151e-07,0.0012688305900000001,0.07779972980000001,2.6953144800000003e-06,4.93526151e-07,2.4460312604904173
113,1678721400,1.85316193e-05,1.85316223e-05,0.0040526793,-0.0007332707009999994,0.017392006100000003,0.0034337744599999996,0.007094603150000001,0.005519012540000001,1.25540676e-06,1.20913475e-05,5.00349664,12.8,1.1034689600000002e-06,1.49866405e-06,9.376525950000001e-07,6.42165392e-07,5.279131299999999e-07,4.42327429e-07,3.70357631e-07,3.22022785e-07,7.19570493e-07,1.6781384300000004e-07,2.5338095399999997e-06,86.090469,48.4266979,3.1447356399999996e-10,9.2110658,0.00137744156,0.09255774439999999,2.59563605e-06,4.781821160000001e-07,0.0013660251400000002,0.09055829000000001,2.59563605e-06,4.781821160000001e-07,0.000860175242,0.0370003644,2.59563605e-06,4.781821160000001e-07,0.0012499155800000002,0.0761745135,2.59563605e-06,4.781821160000001e-07,2.4460953950881956
113,1678722000,1.8609986799999998e-05,1.86099888e-05,-0.0014739692799999999,-0.011167586409999998,0.0183410846,0.0034437638999999997,0.00707106327,0.00552423093,1.2588622499999998e-06,1.1252922500000002e-05,5.08741263,13.9,1.0869345560000001e-06,1.52986172e-06,9.521032670000001e-07,6.963513390000001e-07,5.21244084e-07,4.4197219500000005e-07,3.73523122e-07,3.1968469100000004e-07,6.981924770000001e-07,1.71579906e-07,2.51349271e-06,86.04346980000001,48.1047452,3.18118133e-10,9.208158999999998,0.00139565752,0.09427968460000001,2.4308357e-06,4.49818313e-07,0.001374612,0.0915493978,2.4308357e-06,4.49818313e-07,0.0008496751850000002,0.0361024961,2.4308357e-06,4.49818313e-07,0.00126736727,0.07871979979999999,2.4308357e-06,4.49818313e-07,2.4460975408554075
113,1678722600,1.8450556299999997e-05,1.8450561e-05,-0.0014782823099999994,-0.000391625050000001,0.017478897900000002,0.00342747792,0.00706627457,0.00549658209,1.22793462e-06,1.077036745e-05,4.99475528,13.3,1.072701664e-06,1.5066902999999999e-06,9.471852669999998e-07,6.72239935e-07,5.221691319999999e-07,4.2733224000000003e-07,3.71042223e-07,3.0454752700000004e-07,7.1230022e-07,1.6826996399999999e-07,2.52076788e-06,86.13069290000001,48.3753689,3.14593829e-10,9.209623400000002,0.0013621618,0.09026479289999999,2.19892898e-06,4.2775167700000005e-07,0.00137415768,0.0915279332,2.19892898e-06,4.2775167700000005e-07,0.000834612874,0.0344133022,2.19892898e-06,4.2775167700000005e-07,0.00127456544,0.07843116009999998,2.19892898e-06,4.2775167700000005e-07,2.4460052251815796
113,1678723200,1.85017989e-05,1.8501803199999998e-05,-0.0035532979800000004,-0.0004555480000000011,0.0179518234,0.00343273213,0.0070704771700000005,0.00550009027,1.2498142399999999e-06,1.105992865e-05,5.008741239999999,13.9,1.0762389200000001e-06,1.4797666800000003e-06,9.34239936e-07,6.87942741e-07,5.35766722e-07,4.4250756e-07,3.7560881599999995e-07,3.30153922e-07,7.23003408e-07,1.7182638499999999e-07,2.49380683e-06,85.9007225,48.2405154,3.1554499099999997e-10,9.2079382,0.00138961822,0.09395275859999999,2.3904606600000003e-06,4.3450898400000006e-07,0.00135697101,0.08929063899999999,2.3904606600000003e-06,4.3450898400000006e-07,0.0008388812549999999,0.0346665555,2.3904606600000003e-06,4.3450898400000006e-07,0.0012593389900000002,0.07679806360000001,2.3904606600000003e-06,4.3450898400000006e-07,2.4460412502288817
113,1678723800,1.8531596200000003e-05,1.8531603600000002e-05,-0.0018170542099999996,-0.006157027599999998,0.017541276300000002,0.0034352629099999995,0.007068727449999999,0.00550416071,1.2395475599999999e-06,1.1436250750000001e-05,5.276223740000001,13.8,1.03832385e-06,1.48054429e-06,9.74857853e-07,6.81021675e-07,5.204320129999999e-07,4.38438843e-07,3.8091478600000004e-07,3.2787633200000003e-07,7.35200634e-07,1.7270061299999998e-07,2.5154249799999996e-06,86.0572279,48.47055100000001,3.1564541899999996e-10,9.209693999999999,0.00137717944,0.0919885865,2.50134619e-06,4.4930138700000004e-07,0.00137481213,0.09229813810000001,2.50134619e-06,4.4930138700000004e-07,0.0008345629659999999,0.0347263873,2.50134619e-06,4.4930138700000004e-07,0.0012467473399999998,0.0753664846,2.50134619e-06,4.4930138700000004e-07,2.4460280895233155
113,1678724400,1.93396942e-05,1.93397012e-05,0.008974587340000001,0.20595923340000005,0.020186997800000002,0.0034908710499999994,0.007211827999999999,0.005603668229999999,2.0769279099999998e-06,1.94095379e-05,5.5891607500000005,23.9,1.08153665e-06,1.5182922799999999e-06,1.0265174529999997e-06,7.90526557e-07,5.70647363e-07,4.68316117e-07,3.9727306300000006e-07,3.48298778e-07,7.416374909999999e-07,1.71902499e-07,2.55486874e-06,85.36140800000001,47.5799898,3.3300922499999993e-10,9.203754899999998,0.0014276019,0.10232363309999999,3.0056601599999998e-06,4.921036869999999e-07,0.00138957176,0.095950616,3.0056601599999998e-06,4.921036869999999e-07,0.0008549993969999999,0.036370837600000004,3.0056601599999998e-06,4.921036869999999e-07,0.00126926039,0.0779822135,3.0056601599999998e-06,4.921036869999999e-07,2.446064305305481
113,1678725000,1.9579012e-05,1.95790168e-05,0.0062534353,0.30002437738000004,0.01994366345,0.0034956198500000002,0.00725139247,0.005604956959999999,2.4125662299999997e-06,2.0833193299999998e-05,5.96678323,27.8,1.1303131199999997e-06,1.5122556199999999e-06,1.013560274e-06,8.61715178e-07,5.71919122e-07,4.59455053e-07,4.1500374299999997e-07,3.3519351400000007e-07,7.86810338e-07,1.72446015e-07,2.53080493e-06,85.2826625,47.3575488,3.4090926900000003e-10,9.2007169,0.00142487505,0.10425519350000001,2.7549910099999997e-06,4.879511000000001e-07,0.00138191099,0.09616011800000002,2.7549910099999997e-06,4.879511000000001e-07,0.000849840307,0.0363109677,2.7549910099999997e-06,4.879511000000001e-07,0.0012873308,0.0812254553,2.7549910099999997e-06,4.879511000000001e-07,2.4460419416427612
113,1678725600,1.8646469300000002e-05,1.8646472700000003e-05,-0.01070665132,-0.0104691798,0.017220044,0.00344816468,0.007097643840000001,0.00552844317,1.2692689699999997e-06,1.12817181e-05,5.09265739,14.7,1.0905218499999998e-06,1.52201325e-06,9.86922808e-07,6.75971282e-07,5.040688149999999e-07,4.3397815e-07,3.73054322e-07,3.2534933399999995e-07,7.167133639999999e-07,1.7299346200000003e-07,2.52160367e-06,85.86750000000002,48.06355330000001,3.18335271e-10,9.208385900000001,0.00138679029,0.09295396280000001,2.56688097e-06,4.57017798e-07,0.0013786419899999998,0.09199094659999998,2.56688097e-06,4.57017798e-07,0.0008522371949999999,0.0359571715,2.56688097e-06,4.57017798e-07,0.00126464113,0.0780040149,2.56688097e-06,4.57017798e-07,2.446027684211731
113,1678726200,1.88548569e-05,1.88548606e-05,0.0028677225000000007,0.0371672526,0.0177639621,0.0034604055299999998,0.00714590281,0.00555234732,1.43629785e-06,1.4027813749999999e-05,5.2465036099999995,17.3,1.1054055700000001e-06,1.4671082e-06,9.914209029999999e-07,7.229601350000001e-07,5.547739910000001e-07,4.519248150000001e-07,3.8391525100000004e-07,3.26152727e-07,7.288933759999999e-07,1.7144134800000002e-07,2.52339276e-06,85.7631631,47.9539631,3.23039356e-10,9.2062717,0.00140935071,0.0974574691,2.74943417e-06,4.67408855e-07,0.00138730931,0.09372253,2.74943417e-06,4.67408855e-07,0.000828970127,0.034927583,2.74943417e-06,4.67408855e-07,0.00126436826,0.077774872,2.74943417e-06,4.67408855e-07,2.446009707450867
113,1678726800,1.90406479e-05,1.90406544e-05,0.0017660402599999994,0.4514053695699999,0.0199319923,0.00345582395,0.0071337812599999995,0.00552330803,2.0758682900000003e-06,1.96447502e-05,5.423076930000001,21.8,1.0715299439999998e-06,1.47675201e-06,9.99546038e-07,7.903597539999999e-07,5.81527136e-07,4.4552222099999994e-07,3.8429972500000003e-07,3.4549846300000005e-07,7.38555762e-07,1.70487377e-07,2.5161769499999998e-06,85.547943,47.80583539999999,3.2867934799999996e-10,9.203886950000001,0.00141169475,0.1040189606,3.1310927700000002e-06,4.98773155e-07,0.0013737614799999999,0.0928701276,3.1310927700000002e-06,4.98773155e-07,0.000841753874,0.0355500567,3.1310927700000002e-06,4.98773155e-07,0.00125260692,0.07516389040000002,3.1310927700000002e-06,4.98773155e-07,2.4460856437683107
113,1678727400,1.84404718e-05,1.8440473799999996e-05,0.0003875944500000006,-0.011477133690000002,0.016797043499999997,0.00342743332,0.00707057223,0.005504903989999999,1.1791843499999998e-06,1.1021364499999999e-05,5.08216779,13.3,1.0488889099999998e-06,1.49634722e-06,9.46968839e-07,6.80155267e-07,5.17373054e-07,4.3310077700000005e-07,3.61876641e-07,3.21072499e-07,7.25870679e-07,1.7115970000000003e-07,2.5173980200000003e-06,86.1724158,48.5351861,3.12867775e-10,9.2114149,0.00137774009,0.0920225548,2.43288664e-06,4.2967019500000003e-07,0.00135786107,0.08902637899999999,2.43288664e-06,4.2967019500000003e-07,0.0008365067340000001,0.034666432799999994,2.43288664e-06,4.2967019500000003e-07,0.00126459853,0.07767310849999999,2.43288664e-06,4.2967019500000003e-07,2.4460543155670167
113,1678728000,1.8722169799999996e-05,1.8722172e-05,-0.016775826380000004,0.018839812684,0.0172594134,0.00345067543,0.00708553296,0.00552388176,1.32505523e-06,1.24486994e-05,5.07517478,15.5,1.09754601e-06,1.5008310999999998e-06,9.673246630000002e-07,6.919411710000001e-07,5.55727605e-07,4.3489688999999995e-07,3.7514401799999997e-07,3.2135103799999996e-07,7.169833129999999e-07,1.7258838599999998e-07,2.52670055e-06,85.70728249999999,47.983365299999996,3.2041630700000004e-10,9.206161400000001,0.00139827052,0.0950933892,2.75357061e-06,4.54318051e-07,0.00135702433,0.09002199330000002,2.75357061e-06,4.54318051e-07,0.0008446037980000001,0.03507760990000001,2.75357061e-06,4.54318051e-07,0.00128288198,0.0801127609,2.75357061e-06,4.54318051e-07,2.4460976839065554
113,1678728600,1.8971792599999998e-05,1.89717973e-05,0.005015343875,0.07173668186,0.018772860600000003,0.0034691887400000003,0.007146371459999999,0.005563891399999999,1.6236991400000003e-06,1.436952155e-05,5.4423077200000005,18.9,1.108849023e-06,1.5164179000000001e-06,9.3527451e-07,6.635381800000001e-07,5.5172401e-07,4.925552360000001e-07,4.44436534e-07,3.53874337e-07,7.35479571e-07,1.70005019e-07,2.5137074099999997e-06,85.52635380000001,47.8065986,3.25332261e-10,9.20579485,0.0014155510699999999,0.0990566822,2.71937678e-06,4.603513170000001e-07,0.0013660588500000001,0.09079343949999999,2.71937678e-06,4.603513170000001e-07,0.0008371040560000001,0.0345916172,2.71937678e-06,4.603513170000001e-07,0.0012774273600000001,0.07934514849999999,2.71937678e-06,4.603513170000001e-07,2.446028161048889
113,1678729200,1.85289998e-05,1.8529001e-05,-0.003065292427999999,-0.01960813876,0.017298383,0.0034374184000000004,0.00707063181,0.00551255895,1.25970856e-06,1.1509541449999998e-05,5.167832199999999,14.1,1.0762152e-06,1.52916894e-06,9.379444280000001e-07,6.755437190000001e-07,5.18991781e-07,4.341619280000001e-07,3.6293419500000006e-07,3.32813466e-07,7.074499269999999e-07,1.7132891799999998e-07,2.51790656e-06,86.0582704,48.250052600000004,3.1644976000000005e-10,9.2080568,0.0013803839300000002,0.0923330797,2.74349193e-06,4.562403450000001e-07,0.00134995454,0.0878820795,2.74349193e-06,4.562403450000001e-07,0.000828607343,0.0341260778,2.74349193e-06,4.562403450000001e-07,0.0012964988499999997,0.08122062109999999,2.74349193e-06,4.562403450000001e-07,2.446102428436279
113,1678729800,1.85157728e-05,1.85157794e-05,0.01079391457,0.005907259480000004,0.0180713232,0.0034340786600000005,0.007076188620000002,0.0055109443900000004,1.2661303000000003e-06,1.2353760999999998e-05,5.18181811,16.0,1.04913649e-06,1.53826954e-06,9.223366589999999e-07,6.70985062e-07,5.43710333e-07,4.3561741000000006e-07,3.71434112e-07,3.12507564e-07,7.266163280000001e-07,1.6719265e-07,2.5200054499999997e-06,86.0662072,48.3662915,3.15150869e-10,9.210415900000001,0.0013881312700000001,0.09371922690000001,2.5121689499999997e-06,4.5269646899999997e-07,0.0013606767299999998,0.0894875924,2.5121689499999997e-06,4.5269646899999997e-07,0.000842140104,0.035044161799999994,2.5121689499999997e-06,4.5269646899999997e-07,0.00125696453,0.07738706649999999,2.5121689499999997e-06,4.5269646899999997e-07,2.4459787130355837
113,1678730400,1.85231565e-05,1.8523156999999998e-05,0.007197682639999999,0.03537466295,0.018096591899999997,0.0034286964599999996,0.007083664789999999,0.005512648939999999,1.3221788400000001e-06,1.166532115e-05,5.17132861,13.5,1.13174836e-06,1.5053954099999999e-06,9.382331790000002e-07,6.636028980000001e-07,5.246769849999999e-07,4.2687370200000005e-07,3.6501342000000003e-07,3.16423555e-07,7.11585321e-07,1.69556922e-07,2.5084390100000003e-06,86.05771139999999,48.078498,3.17473647e-10,9.20697055,0.0013819738699999999,0.09239572700000001,2.9176599900000004e-06,5.02765869e-07,0.00134450082,0.0875290041,2.9176599900000004e-06,5.02765869e-07,0.0008626412220000001,0.037000594600000006,2.9176599900000004e-06,5.02765869e-07,0.0012845441500000001,0.08022256219999999,2.9176599900000004e-06,5.02765869e-07,2.4461336374282836
113,1678731000,1.8613892499999998e-05,1.8613895199999998e-05,0.001469047250000001,0.0062170336,0.0174613093,0.00344137356,0.00708677985,0.005525105660000001,1.23768608e-06,1.16023848e-05,5.052447620000001,14.0,1.0916516159999999e-06,1.52573887e-06,9.354138700000001e-07,6.824606289999999e-07,5.193412830000001e-07,4.3069999899999996e-07,3.70456105e-07,3.27073928e-07,7.35338958e-07,1.7013727300000002e-07,2.5186155000000002e-06,85.9783251,48.1693129,3.17883331e-10,9.208152,0.00138872515,0.093496917,2.73959494e-06,4.6927849299999996e-07,0.00135517031,0.089439983,2.73959494e-06,4.6927849299999996e-07,0.0008474055369999999,0.0356561435,2.73959494e-06,4.6927849299999996e-07,0.00127700726,0.07937352760000001,2.73959494e-06,4.6927849299999996e-07,2.446038770675659
113,1678731600,1.82624476e-05,1.8262450400000003e-05,0.009549760253,-0.01948059539,0.017278937799999998,0.0034125974699999997,0.007048371,0.00548302406,1.19877503e-06,1.0535351699999998e-05,4.60664347,11.9,1.04496724e-06,1.43807237e-06,9.037147560000001e-07,6.68687777e-07,5.384549559999999e-07,4.29314472e-07,3.79584808e-07,3.30578955e-07,7.07494054e-07,1.71577137e-07,2.51876626e-06,86.1662919,48.8505143,3.08893337e-10,9.210489800000001,0.0013829570000000002,0.0924750379,2.47804928e-06,4.31454021e-07,0.0013406021,0.087171065,2.47804928e-06,4.31454021e-07,0.000818831246,0.0332465438,2.47804928e-06,4.31454021e-07,0.0012434283099999998,0.075527114,2.47804928e-06,4.31454021e-07,2.446043920516968
113,1678732200,1.85041578e-05,1.85041611e-05,-0.0013494888099999996,-0.002395767550000001,0.0177899091,0.0034336128700000004,0.007047384159999999,0.00551075138,1.27937936e-06,1.159618935e-05,5.03846156,14.0,1.06381233e-06,1.4801195900000001e-06,9.385094310000001e-07,6.67300831e-07,5.425115119999999e-07,4.38228651e-07,3.78168406e-07,3.20591167e-07,7.2741113e-07,1.6919045900000002e-07,2.5261919399999996e-06,86.0447267,48.499096599999994,3.14345747e-10,9.209977,0.00138479344,0.09322088310000001,2.7573877099999997e-06,4.5920619600000007e-07,0.00135777549,0.08981971799999999,2.7573877099999997e-06,4.5920619600000007e-07,0.000826547289,0.034167363299999996,2.7573877099999997e-06,4.5920619600000007e-07,0.0012604801400000001,0.07731181999999999,2.7573877099999997e-06,4.5920619600000007e-07,2.446067976951599
113,1678732800,1.8460964499999998e-05,1.8460966599999998e-05,0.0011853742,0.0011929483399999996,0.0174534835,0.0034288315699999997,0.00706339344,0.00551588944,1.3011623e-06,1.17892764e-05,5.14860146,15.2,1.035993326e-06,1.55697659e-06,9.424873479999999e-07,6.771222969999999e-07,4.91715786e-07,4.28739991e-07,3.71746749e-07,3.1436410799999994e-07,7.183347709999999e-07,1.7295638300000002e-07,2.51999537e-06,86.2107541,48.4798261,3.1396380100000004e-10,9.210559900000002,0.0013763574299999997,0.0918616681,2.33464636e-06,4.123555159999999e-07,0.00135754888,0.08966738700000002,2.33464636e-06,4.123555159999999e-07,0.0008256509199999999,0.0336343531,2.33464636e-06,4.123555159999999e-07,0.0012715378600000001,0.0799047077,2.33464636e-06,4.123555159999999e-07,2.4460342645645143
113,1678733400,1.9989697399999998e-05,1.99897021e-05,-0.0022173619300000003,0.8103167733,0.02294355655,0.00352164192,0.00726337952,0.0056273357000000005,2.99707205e-06,2.79593244e-05,6.16958045,27.9,1.1091789699999998e-06,1.52698409e-06,1.01379857e-06,9.8617356e-07,6.230561069999999e-07,4.5930663899999993e-07,4.1948583e-07,3.60892381e-07,7.843036010000001e-07,1.72180066e-07,2.53947445e-06,84.68950650000001,46.8382808,3.5036324299999996e-10,9.1957084,0.0014516636199999999,0.11151270299999998,2.46934514e-06,4.59387246e-07,0.0014143971000000002,0.10085289550000001,2.46934514e-06,4.59387246e-07,0.0008467497790000001,0.0359287161,2.46934514e-06,4.59387246e-07,0.0012728414199999999,0.078943297,2.46934514e-06,4.59387246e-07,2.44607355594635
113,1678734000,1.9626329799999998e-05,1.96263349e-05,-0.00731012877,0.39262437968,0.02141727535,0.0034996884400000003,0.0072144248999999995,0.0055981411000000005,2.41104556e-06,1.98562152e-05,6.096153750000001,29.9,1.039316525e-06,1.51366046e-06,9.640665630000002e-07,7.992274e-07,6.136235130000001e-07,5.42462005e-07,5.30996066e-07,3.6194824599999997e-07,7.509638420000001e-07,1.7012945500000004e-07,2.52674952e-06,85.0765456,47.44339519999999,3.40849114e-10,9.200021149999998,0.00144708946,0.1089539152,2.41185986e-06,4.2788645600000006e-07,0.0013701721300000001,0.0931472864,2.41185986e-06,4.2788645600000006e-07,0.000816211302,0.033160999600000005,2.41185986e-06,4.2788645600000006e-07,0.0012795213600000001,0.07918584869999998,2.41185986e-06,4.2788645600000006e-07,2.4461408853530884
113,1678734600,1.9020529799999997e-05,1.90205358e-05,0.00023369454000000018,0.07961434819,0.018258352999999998,0.00347045443,0.0071605783199999995,0.00557053855,1.5516462599999998e-06,1.3813444699999999e-05,5.4755245299999995,19.4,1.06127468e-06,1.5344026799999999e-06,9.73312745e-07,7.454271360000001e-07,5.66848355e-07,4.6172840200000007e-07,3.89243308e-07,3.24650157e-07,7.37566023e-07,1.7202231e-07,2.54369344e-06,85.6205901,47.93473899999999,3.26310043e-10,9.20534245,0.00140617603,0.0981216344,2.62188447e-06,4.6079811999999995e-07,0.0013821768,0.09378813899999999,2.62188447e-06,4.6079811999999995e-07,0.000833196865,0.0345432361,2.62188447e-06,4.6079811999999995e-07,0.00128197979,0.07942954290000001,2.62188447e-06,4.6079811999999995e-07,2.446095418930054
113,1678735200,1.8874806599999997e-05,1.8874810599999998e-05,-0.0103962346,0.06535180840000002,0.018844802700000003,0.00345947128,0.0071290337499999995,0.00552678671,1.5412251000000002e-06,1.46342429e-05,5.33041968,17.4,1.12852295e-06,1.49221615e-06,9.79133302e-07,7.33449875e-07,5.46900372e-07,4.404790569999999e-07,3.7338687299999997e-07,3.23080321e-07,7.209251070000001e-07,1.7096622799999998e-07,2.5283051e-06,85.70984440000001,47.7965218,3.23642196e-10,9.20697225,0.00140207057,0.0970584245,2.43089897e-06,4.55731479e-07,0.00137150851,0.0920927604,2.43089897e-06,4.55731479e-07,0.000852034952,0.035999814500000005,2.43089897e-06,4.55731479e-07,0.00127713399,0.0791957,2.43089897e-06,4.55731479e-07,2.4460334300994875
113,1678735800,1.87364925e-05,1.87364983e-05,-0.013820501000000002,0.08541264686,0.0180641821,0.0034445294899999998,0.007097437379999999,0.00551674141,1.55791717e-06,1.3862955150000002e-05,5.423076969999999,20.2,1.0589297100000001e-06,1.4964642e-06,9.506990399999998e-07,7.297977969999999e-07,5.44058849e-07,4.4295153999999995e-07,3.77665515e-07,3.3278322000000003e-07,7.397628120000001e-07,1.7200312999999998e-07,2.52308555e-06,85.7447615,48.1694192,3.2015942400000004e-10,9.2070499,0.00139336191,0.0959182528,2.7126855200000003e-06,4.46504326e-07,0.00137928536,0.09255294499999998,2.7126855200000003e-06,4.46504326e-07,0.000809712923,0.032909322899999996,2.7126855200000003e-06,4.46504326e-07,0.00127654724,0.078355665,2.7126855200000003e-06,4.46504326e-07,2.44607675075531
113,1678736400,1.8448836100000002e-05,1.8448839900000003e-05,-0.0007992552299999997,-0.005833733447,0.0179746146,0.0034286725499999998,0.0070503582499999995,0.00549714512,1.25823807e-06,1.124351645e-05,5.068181880000001,13.4,1.0721968e-06,1.4982730900000001e-06,9.159064420000001e-07,6.63568035e-07,5.37571791e-07,4.37890998e-07,3.65138317e-07,3.18149954e-07,7.19898079e-07,1.72376848e-07,2.5234057099999996e-06,86.13838600000001,48.5279771,3.1368478e-10,9.209615699999999,0.00137866922,0.092541948,2.47222365e-06,4.559482440000001e-07,0.0013556075799999998,0.089014794,2.47222365e-06,4.559482440000001e-07,0.00085802281,0.03634279459999999,2.47222365e-06,4.559482440000001e-07,0.00125978251,0.07685812880000001,2.47222365e-06,4.559482440000001e-07,2.4461234331130983
113,1678737000,1.8586946700000004e-05,1.8586954900000002e-05,-0.0013242760200000015,-0.004514529660000001,0.017826641400000003,0.0034394236099999998,0.00709295704,0.005531912220000001,1.2381534e-06,1.1078898400000001e-05,5.20804196,14.5,1.08545999e-06,1.5016428799999999e-06,9.485561020000001e-07,6.744548569999999e-07,5.291229349999999e-07,4.3552299099999997e-07,3.75476981e-07,3.19794298e-07,7.218149150000001e-07,1.7148018800000002e-07,2.5301275300000003e-06,85.92429810000002,48.2916567,3.1669658299999995e-10,9.209208399999998,0.00138844129,0.09341684130000001,2.89458213e-06,4.6531460199999994e-07,0.0013627610799999998,0.08995248489999999,2.89458213e-06,4.6531460199999994e-07,0.0008554111200000001,0.0362414171,2.89458213e-06,4.6531460199999994e-07,0.00126614322,0.07792379860000001,2.89458213e-06,4.6531460199999994e-07,2.446045160293579
113,1678737600,1.8667009399999997e-05,1.86670123e-05,0.004221688411000001,-0.011739389779999998,0.018184826600000002,0.00344966513,0.00711189567,0.00554916953,1.27890625e-06,1.19765977e-05,5.180069819999999,13.6,1.15874366e-06,1.5060489199999999e-06,9.323569099999998e-07,6.666449699999999e-07,5.34249854e-07,4.29860604e-07,3.6687121900000003e-07,3.31343069e-07,7.20999818e-07,1.7101838400000002e-07,2.5153497999999997e-06,86.0252892,48.0165822,3.19406443e-10,9.208640200000001,0.00138037171,0.0925083674,2.73960969e-06,4.924021650000001e-07,0.0013532917500000002,0.0885328742,2.73960969e-06,4.924021650000001e-07,0.0008532666999999999,0.0368060903,2.73960969e-06,4.924021650000001e-07,0.00128901119,0.0808102634,2.73960969e-06,4.924021650000001e-07,2.446050524711609
113,1678738200,1.8246028500000002e-05,1.82460325e-05,-0.01160053627,-0.010870231200000002,0.017453630899999996,0.0034108859700000002,0.00698894328,0.0054643159699999996,1.19310152e-06,1.155722775e-05,4.7604896000000005,12.2,1.0178804499999998e-06,1.4818600299999998e-06,9.316799499999999e-07,6.58722835e-07,5.16533016e-07,4.173916730000001e-07,3.8622375300000004e-07,3.16980785e-07,7.160194340000001e-07,1.68185088e-07,2.5114997499999997e-06,86.1987033,48.818031999999995,3.0782286599999996e-10,9.2126709,0.0013791568699999999,0.0921522586,2.5556979399999997e-06,4.58061235e-07,0.00133706341,0.08720711649999999,2.5556979399999997e-06,4.58061235e-07,0.000837034001,0.0345380611,2.5556979399999997e-06,4.58061235e-07,0.00124260486,0.0746074076,2.5556979399999997e-06,4.58061235e-07,2.44608097076416
113,1678738800,1.8507495100000003e-05,1.8507502900000002e-05,0.0027258307499999994,0.0006360438140000018,0.0174258664,0.0034343267600000006,0.007076465799999999,0.00551889753,1.22948754e-06,1.1669964e-05,5.006992899999999,13.9,1.08564604e-06,1.4917699999999999e-06,9.57543731e-07,6.70145003e-07,5.26304404e-07,4.23497979e-07,3.6766122799999995e-07,3.1950504399999995e-07,6.99998095e-07,1.72824109e-07,2.5388143599999997e-06,86.1513825,48.4509953,3.141899480000001e-10,9.21208545,0.0013884168600000002,0.09316975250000001,2.51428979e-06,4.444390120000001e-07,0.0013469806599999998,0.088253763,2.51428979e-06,4.444390120000001e-07,0.0008332558990000001,0.034551584,2.51428979e-06,4.444390120000001e-07,0.00128369109,0.0793159451,2.51428979e-06,4.444390120000001e-07,2.4461421966552734
113,1678739400,1.85991185e-05,1.85991234e-05,0.00843954029,0.00935273802,0.016971837400000002,0.00344054059,0.007089657269999999,0.00553760811,1.19498536e-06,1.16587599e-05,5.22027963,14.3,1.10129169e-06,1.51887739e-06,9.57938264e-07,6.58855041e-07,5.325138600000001e-07,4.3701738200000006e-07,3.6511071e-07,3.22552533e-07,7.1708476e-07,1.69293281e-07,2.51898282e-06,85.98814189999999,48.1437642,3.174033e-10,9.2091725,0.00139022083,0.0936159902,2.68555534e-06,4.5386241700000005e-07,0.00135895385,0.08991495819999999,2.68555534e-06,4.5386241700000005e-07,0.0008468937339999999,0.0351119273,2.68555534e-06,4.5386241700000005e-07,0.0012872048600000002,0.0797597637,2.68555534e-06,4.5386241700000005e-07,2.4460921764373778
113,1678740000,1.8599238300000002e-05,1.85992419e-05,-0.007785131641399999,-0.009210669199999999,0.017890658600000005,0.0034432254200000003,0.0070701555099999995,0.00552676688,1.2269135699999997e-06,1.143388645e-05,5.099650330000001,14.1,1.1313301799999999e-06,1.5008096e-06,9.550659109999999e-07,6.654182289999999e-07,5.13587296e-07,4.40385687e-07,3.62347103e-07,3.23203924e-07,7.19437616e-07,1.69970196e-07,2.51804056e-06,85.9830215,48.12386610000001,3.17044562e-10,9.20985775,0.0013764573400000001,0.0918461746,2.4896764100000003e-06,4.4360744e-07,0.0013605535299999999,0.089515642,2.4896764100000003e-06,4.4360744e-07,0.0008414315639999999,0.035110897599999996,2.4896764100000003e-06,4.4360744e-07,0.00128712793,0.0815414646,2.4896764100000003e-06,4.4360744e-07,2.446104407310486
113,1678740600,1.84094735e-05,1.84094762e-05,-0.003298970264,0.007423759639999998,0.017609582199999998,0.0034198946300000007,0.0070775857300000005,0.005498616940000001,1.21061201e-06,1.1363411350000001e-05,5.0262238,13.6,1.06416056e-06,1.49770423e-06,9.290035019999998e-07,6.5428374e-07,5.344643969999999e-07,4.3420494e-07,3.6521614600000003e-07,3.21550346e-07,7.11565513e-07,1.75234389e-07,2.51731287e-06,86.1843909,48.569216499999996,3.12462723e-10,9.211026450000002,0.00137765664,0.09218788599999998,2.6318764300000004e-06,4.3779813699999993e-07,0.00135814252,0.089072848,2.6318764300000004e-06,4.3779813699999993e-07,0.000828945212,0.0338904413,2.6318764300000004e-06,4.3779813699999993e-07,0.00127094132,0.0780834494,2.6318764300000004e-06,4.3779813699999993e-07,2.4460806131362913
113,1678741200,1.84745279e-05,1.84745292e-05,0.013436763340000001,0.00440518915,0.017654943700000002,0.0034294823000000003,0.00709142262,0.00551928512,1.25303534e-06,1.13816983e-05,4.8916084699999995,13.6,1.050483255e-06,1.5074956599999999e-06,9.567141920000001e-07,6.66328668e-07,5.29240219e-07,4.30221085e-07,3.75212409e-07,3.1908136899999996e-07,7.192270130000001e-07,1.70672885e-07,2.51253018e-06,86.0862649,48.3616576,3.14986065e-10,9.208922499999998,0.00138562201,0.09247413370000002,2.28717935e-06,4.15050572e-07,0.00136989836,0.09085039989999999,2.28717935e-06,4.15050572e-07,0.000830039062,0.033672834500000005,2.28717935e-06,4.15050572e-07,0.0012679378699999998,0.07779543489999999,2.28717935e-06,4.15050572e-07,2.4461187601089476
113,1678741800,1.86166163e-05,1.8616621099999996e-05,2.2072299999999213e-05,-0.01345855755,0.017162615200000002,0.00344485799,0.0071054477100000015,0.00554764437,1.29128738e-06,1.2498877800000002e-05,5.04895104,13.7,1.070097794e-06,1.54507746e-06,9.52411173e-07,6.77577459e-07,5.17120612e-07,4.35337275e-07,3.6699002299999996e-07,3.28973345e-07,7.11826902e-07,1.73411583e-07,2.5294422699999997e-06,85.98029000000001,48.2673395,3.1749363300000003e-10,9.209104700000001,0.0013840747699999999,0.09307046049999998,3.1591353199999998e-06,5.10688109e-07,0.00135939171,0.089912948,3.1591353199999998e-06,5.10688109e-07,0.000861504223,0.037656108099999995,3.1591353199999998e-06,5.10688109e-07,0.00125909357,0.07710617119999999,3.1591353199999998e-06,5.10688109e-07,2.4460341930389404
113,1678742400,1.8473432700000004e-05,1.8473436499999998e-05,-0.0042346935,-0.004263335420000001,0.017445653299999996,0.0034284617000000005,0.00706995712,0.0055161924499999996,1.21369662e-06,1.0968809799999998e-05,4.98951048,13.0,1.0862276e-06,1.47133119e-06,9.589037979999998e-07,6.77066671e-07,5.22149544e-07,4.3656524500000006e-07,3.6905770099999997e-07,3.2503062999999995e-07,7.0737083e-07,1.70516898e-07,2.51242645e-06,86.0765251,48.3389159,3.1406549200000004e-10,9.2104915,0.0013752932999999998,0.0920784585,2.6349799e-06,4.68594731e-07,0.0013699529599999999,0.09075688400000001,2.6349799e-06,4.68594731e-07,0.000858760123,0.036807414100000005,2.6349799e-06,4.68594731e-07,0.00124003397,0.07472942460000001,2.6349799e-06,4.68594731e-07,2.44612078666687
113,1678743000,1.8542656099999996e-05,1.8542659800000002e-05,-0.00924033003,-0.0044037068499999995,0.017412886199999998,0.0034370985699999994,0.00707334062,0.00550934183,1.3149147e-06,1.21894245e-05,4.97727272,14.2,1.11216081e-06,1.5330927200000003e-06,9.42313943e-07,6.5100308e-07,5.217710390000001e-07,4.3022420299999994e-07,3.68595751e-07,3.09376659e-07,7.15798231e-07,1.6983603200000002e-07,2.51714379e-06,86.0956712,48.1446591,3.17163458e-10,9.208543999999998,0.00137468587,0.091550591,2.7095935199999996e-06,4.858532459999999e-07,0.00136242544,0.08940718610000001,2.7095935199999996e-06,4.858532459999999e-07,0.00084127379,0.0355868964,2.7095935199999996e-06,4.858532459999999e-07,0.00128451202,0.080133035,2.7095935199999996e-06,4.858532459999999e-07,2.446157121658325
113,1678743600,1.8508515899999996e-05,1.85085183e-05,0.003936403899999999,-0.0036486033559999997,0.016741140199999997,0.0034311431999999994,0.007089300230000001,0.00552380828,1.27621733e-06,1.17930896e-05,5.05944055,14.3,1.076417e-06,1.4952761399999997e-06,9.224993990000001e-07,6.957964170000001e-07,5.348338810000001e-07,4.29196564e-07,3.73890354e-07,3.22088388e-07,7.24012464e-07,1.68514154e-07,2.5116992e-06,86.02747339999999,48.323714599999995,3.1516368199999997e-10,9.2091177,0.00139042028,0.0939353144,2.48903004e-06,4.4755261200000006e-07,0.0013478777100000001,0.08842713719999999,2.48903004e-06,4.4755261200000006e-07,0.000850195631,0.035555397399999994,2.48903004e-06,4.4755261200000006e-07,0.00126234486,0.0780085264,2.48903004e-06,4.4755261200000006e-07,2.4461000680923464
113,1678744200,1.85342078e-05,1.8534212200000002e-05,-0.0013201124599999993,0.003159895550000001,0.0171438294,0.0034337373800000003,0.00707529956,0.005509385580000001,1.2791019299999998e-06,1.128169475e-05,5.0961538,12.9,1.0606233849999999e-06,1.5231882800000001e-06,9.31898455e-07,6.7486953e-07,5.34977443e-07,4.45323934e-07,3.6570754600000006e-07,3.2278192600000003e-07,7.12696799e-07,1.68274596e-07,2.52674471e-06,85.90306790000001,48.2545484,3.1560310999999997e-10,9.20938445,0.0013921012999999999,0.0940725661,2.3165195100000004e-06,4.28092407e-07,0.00135554023,0.0889330395,2.3165195100000004e-06,4.28092407e-07,0.0008262202829999999,0.033583364,2.3165195100000004e-06,4.28092407e-07,0.0012786240500000001,0.0791024726,2.3165195100000004e-06,4.28092407e-07,2.4461599349975587
113,1678744800,1.86340241e-05,1.86340247e-05,-0.00808147497,0.0005712809000000008,0.017078006200000002,0.00344331697,0.00709164068,0.0055246279599999995,1.30026485e-06,1.1842687449999998e-05,5.18181826,14.1,1.109274796e-06,1.56945127e-06,9.313825080000001e-07,6.62788347e-07,5.14208963e-07,4.3270433299999995e-07,3.65843712e-07,3.27842821e-07,7.16099097e-07,1.6867212e-07,2.51871656e-06,85.9533675,47.952368899999996,3.1931750099999996e-10,9.2074356,0.0013772565200000002,0.091824614,2.7400242e-06,4.7231413699999994e-07,0.0013643490000000002,0.09005327540000001,2.7400242e-06,4.7231413699999994e-07,0.0008486419590000001,0.0358787716,2.7400242e-06,4.7231413699999994e-07,0.0012909825199999999,0.08162012869999999,2.7400242e-06,4.7231413699999994e-07,2.4461167097091674
113,1678745400,1.83912655e-05,1.83912673e-05,0.004959392180000001,-0.009014611340000003,0.0178386563,0.0034241834999999997,0.00704967735,0.00550140482,1.1889403200000001e-06,1.1099195249999999e-05,5.06293702,15.2,1.06078561e-06,1.4686877799999997e-06,9.51256184e-07,6.77680001e-07,5.27827358e-07,4.24283616e-07,3.64987805e-07,3.22657597e-07,7.18728719e-07,1.72088947e-07,2.5065892e-06,86.101217,48.580196199999996,3.1163556200000003e-10,9.21096695,0.0013786521799999999,0.09208522699999999,2.42408785e-06,4.4912155999999993e-07,0.00136813817,0.090519942,2.42408785e-06,4.4912155999999993e-07,0.000855489471,0.03611187939999999,2.42408785e-06,4.4912155999999993e-07,0.0012514439899999998,0.07578306309999999,2.42408785e-06,4.4912155999999993e-07,2.4460833072662354
113,1678746000,1.84988853e-05,1.8498889699999998e-05,0.01014695141,0.0075831617,0.0175915047,0.0034314583900000003,0.00708053994,0.0054971381700000006,1.26447377e-06,1.1338161699999999e-05,5.1293706299999995,13.5,1.07752848e-06,1.52132031e-06,9.207226910000001e-07,6.70246857e-07,5.23847019e-07,4.42348761e-07,3.797997449999999e-07,3.1049156499999993e-07,7.205919540000001e-07,1.73725303e-07,2.50877205e-06,86.0857818,48.323702100000006,3.1547172300000004e-10,9.20945155,0.0013752669499999999,0.0915336,2.55205558e-06,4.5101302099999996e-07,0.00134676023,0.0880008655,2.55205558e-06,4.5101302099999996e-07,0.000855106789,0.0357704798,2.55205558e-06,4.5101302099999996e-07,0.00128128506,0.0795707295,2.55205558e-06,4.5101302099999996e-07,2.4460734128952026
113,1678746600,1.93899424e-05,1.93899455e-05,0.006284002000000001,0.5773211619499999,0.0211828573,0.0034815090399999997,0.007148012350000001,0.00556616207,2.4428527200000004e-06,2.3058859300000007e-05,5.66433563,26.2,1.0709291800000002e-06,1.53730372e-06,1.013234367e-06,8.730328260000002e-07,5.87018964e-07,4.3672891100000004e-07,3.84553215e-07,3.41814138e-07,7.53059648e-07,1.6811939100000001e-07,2.52911258e-06,85.3724311,47.5028866,3.3564939899999994e-10,9.2027255,0.0014210169499999999,0.10524377069999999,2.42823009e-06,4.3412769399999993e-07,0.0013916873499999999,0.0976412194,2.42823009e-06,4.3412769399999993e-07,0.0008201486779999999,0.033638468000000005,2.42823009e-06,4.3412769399999993e-07,0.00129324218,0.081019704,2.42823009e-06,4.3412769399999993e-07,2.4459617853164675
113,1678747200,1.9225424600000003e-05,1.9225427100000003e-05,0.007475471809999999,0.212624515,0.0205096314,0.00348039146,0.00718977411,0.005582055640000002,1.81590174e-06,1.4923474499999999e-05,5.72027965,19.9,1.09404342e-06,1.50969995e-06,1.02887716e-06,7.359942489999999e-07,5.510973610000001e-07,4.61589311e-07,3.89377161e-07,3.48969733e-07,7.923819649999999e-07,1.69826766e-07,2.5308356099999998e-06,85.3726951,47.6419456,3.3122374900000003e-10,9.2028107,0.0014207129800000002,0.10059016359999999,3.1372935200000006e-06,5.066138619999998e-07,0.00136435068,0.092498583,3.1372935200000006e-06,5.066138619999998e-07,0.0008532295940000001,0.0364130175,3.1372935200000006e-06,5.066138619999998e-07,0.00127380192,0.0792976425,3.1372935200000006e-06,5.066138619999998e-07,2.446105146408081
113,1678747800,1.88067055e-05,1.88067102e-05,0.004044748429999999,0.0634084014,0.0183652535,0.00345397571,0.007141562500000001,0.0055486073,1.4103976900000002e-06,1.343962175e-05,5.20279724,16.1,1.056440157e-06,1.50860482e-06,9.59811989e-07,7.21205014e-07,5.511579199999999e-07,4.49271458e-07,3.83905768e-07,3.32471159e-07,7.27649024e-07,1.73097696e-07,2.5396986800000003e-06,85.71521270000001,48.160383,3.2101417900000003e-10,9.207030399999997,0.00140849695,0.0972863913,2.9548132100000003e-06,4.838972219999999e-07,0.00137297339,0.0923352023,2.9548132100000003e-06,4.838972219999999e-07,0.0008328525239999999,0.0348095928,2.9548132100000003e-06,4.838972219999999e-07,0.00126450066,0.0765777419,2.9548132100000003e-06,4.838972219999999e-07,2.446035361289978
113,1678748400,1.83787834e-05,1.83787911e-05,0.0027810026300000004,-0.0016070706999999987,0.0174286794,0.00341991065,0.007047124910000001,0.00550545746,1.2138824200000001e-06,1.1039587999999999e-05,4.86888115,13.5,1.057549147e-06,1.51017688e-06,9.25120171e-07,6.447177459999999e-07,5.298044080000001e-07,4.3916283400000003e-07,3.68385865e-07,3.1634268200000003e-07,7.178424160000001e-07,1.7148718900000003e-07,2.5087592899999995e-06,86.0667457,48.4904715,3.12065059e-10,9.210926599999999,0.0013798035,0.09278262229999999,2.5819743e-06,4.68029194e-07,0.00133881507,0.0865662264,2.5819743e-06,4.68029194e-07,0.00084691526,0.0355480438,2.5819743e-06,4.68029194e-07,0.00127025457,0.07796515799999999,2.5819743e-06,4.68029194e-07,2.446082091331482
113,1678749000,1.86834812e-05,1.86834855e-05,0.00700055356,0.00833757144,0.017341969,0.0034472331100000005,0.00709543663,0.00554182545,1.25924183e-06,1.1827742150000001e-05,5.20454548,14.0,1.07367358e-06,1.52087662e-06,9.45743349e-07,7.044406540000001e-07,5.377723779999999e-07,4.3824733300000006e-07,3.7066486899999994e-07,3.22537041e-07,7.34574661e-07,1.6996521199999998e-07,2.52320462e-06,85.8327201,48.0998005,3.1888687700000005e-10,9.207512600000001,0.00139020554,0.0939382179,2.7951650199999997e-06,4.60379093e-07,0.0013780961600000003,0.0921791036,2.7951650199999997e-06,4.60379093e-07,0.000837518112,0.03459184330000001,2.7951650199999997e-06,4.60379093e-07,0.00127472452,0.078675884,2.7951650199999997e-06,4.60379093e-07,2.4461619377136232
113,1678749600,1.85716397e-05,1.8571642199999998e-05,-0.009368096759999998,0.0191369062,0.0176221264,0.00343607867,0.00708572901,0.005507770889999999,1.25322382e-06,1.195386345e-05,5.222027949999999,14.1,1.07120333e-06,1.53501637e-06,9.43154869e-07,6.62728412e-07,5.33104148e-07,4.501891410000001e-07,3.66041393e-07,3.3178508599999994e-07,7.104878100000001e-07,1.7229782399999997e-07,2.50978803e-06,85.9554215,48.1690166,3.17459309e-10,9.207190400000002,0.00138632929,0.09348981349999999,2.42788532e-06,4.33524613e-07,0.0013612328100000002,0.09027183689999999,2.42788532e-06,4.33524613e-07,0.0008241081220000002,0.0336929321,2.42788532e-06,4.33524613e-07,0.0012869011699999998,0.0802074324,2.42788532e-06,4.33524613e-07,2.446079444885254
113,1678750200,1.93500666e-05,1.93500716e-05,-0.012591835800000001,0.23199107840199998,0.0199799566,0.0034961854299999998,0.00717393489,0.005595430409999999,1.7321536399999999e-06,1.5230360299999998e-05,5.77097896,19.8,1.12155522e-06,1.57176491e-06,9.420313950000001e-07,7.70239166e-07,5.82400144e-07,4.64340094e-07,3.97528445e-07,3.37082931e-07,7.807507920000001e-07,1.71193144e-07,2.53608579e-06,85.2723364,47.3973484,3.3383197400000004e-10,9.203632,0.00142527746,0.1010634256,2.64688713e-06,4.4244352700000007e-07,0.00138227207,0.0929279114,2.64688713e-06,4.4244352700000007e-07,0.000859973279,0.035982231200000006,2.64688713e-06,4.4244352700000007e-07,0.0013027489199999999,0.0818557659,2.64688713e-06,4.4244352700000007e-07,2.446174383163452
113,1678750800,1.8797723700000002e-05,1.87977289e-05,0.00774042042,7.541311999998551e-06,0.017911236399999995,0.0034588938,0.00713334633,0.005551369539999999,1.2640414700000004e-06,1.16596299e-05,5.288461580000001,12.9,1.0750744940000001e-06,1.5373276599999998e-06,9.977262999999999e-07,6.87021863e-07,5.47075574e-07,4.3329148100000006e-07,3.7618624700000003e-07,3.3105827500000004e-07,7.2114386e-07,1.71165064e-07,2.52175166e-06,85.7349445,47.8941256,3.21873176e-10,9.2077672,0.00140618175,0.09520974130000001,2.7980605700000003e-06,4.7203619399999994e-07,0.00137400081,0.0919373,2.7980605700000003e-06,4.7203619399999994e-07,0.000836819864,0.0351645361,2.7980605700000003e-06,4.7203619399999994e-07,0.0012839411099999998,0.0803491186,2.7980605700000003e-06,4.7203619399999994e-07,2.44597589969635
113,1678751400,1.85480543e-05,1.8548059399999997e-05,0.00112234752,-0.0024067146899999997,0.0177393592,0.00343778784,0.00708739463,0.0055199775,1.20532442e-06,1.127474375e-05,5.08566428,14.2,1.0982230299999998e-06,1.48681788e-06,9.48010285e-07,6.96601892e-07,5.253263439999999e-07,4.35537841e-07,3.75451172e-07,3.2475013399999995e-07,6.97024507e-07,1.7089767900000003e-07,2.51533451e-06,85.8924787,48.1221182,3.16762759e-10,9.20847135,0.00139874756,0.0949514025,2.85349474e-06,4.76584741e-07,0.00134789612,0.0879007255,2.85349474e-06,4.76584741e-07,0.0008478771180000001,0.03558887420000001,2.85349474e-06,4.76584741e-07,0.00127019068,0.078693644,2.85349474e-06,4.76584741e-07,2.446139669418335
113,1678752000,1.9245967300000003e-05,1.92459702e-05,0.0005269242230000009,0.34293666336999995,0.020440656900000003,0.003479423699999999,0.007167844600000001,0.00557121145,2.28222674e-06,2.2149187950000003e-05,5.499999990000001,20.5,1.0882347600000001e-06,1.52962433e-06,1.034447479e-06,8.071142039999999e-07,5.587906160000001e-07,4.6068036599999997e-07,3.77919732e-07,3.2775379899999997e-07,7.41887641e-07,1.7332515900000002e-07,2.5231474e-06,85.3555546,47.3629156,3.33279415e-10,9.200936299999999,0.00142263617,0.10357318630000001,2.2872318e-06,4.4857884600000006e-07,0.00138454959,0.0944376854,2.2872318e-06,4.4857884600000006e-07,0.0008494070550000002,0.0356906877,2.2872318e-06,4.4857884600000006e-07,0.0012807108,0.07998882140000001,2.2872318e-06,4.4857884600000006e-07,2.4461538553237916
113,1678752600,1.9017840200000002e-05,1.9017843699999998e-05,-0.008799839200000001,0.020064931760000005,0.018119065400000002,0.0034767920599999996,0.00717016663,0.00557200012,1.36994245e-06,1.2824568050000002e-05,5.51573429,15.8,1.1236417799999999e-06,1.4962824800000002e-06,1.00536888e-06,7.375601829999999e-07,5.448852030000001e-07,4.66053062e-07,3.80382844e-07,3.28396101e-07,7.215929970000001e-07,1.71920803e-07,2.53278679e-06,85.6007589,47.6997816,3.26526804e-10,9.2043942,0.00141811612,0.09863720039999999,2.66182437e-06,4.54744189e-07,0.0013939896,0.09434578889999999,2.66182437e-06,4.54744189e-07,0.0008493537929999999,0.03565197269999999,2.66182437e-06,4.54744189e-07,0.00126968152,0.0785263155,2.66182437e-06,4.54744189e-07,2.446105408668518
113,1678753200,1.89114483e-05,1.89114515e-05,0.0043973200599999995,0.05398598636,0.018627375100000003,0.00346294415,0.007155441720000001,0.005567501460000001,1.37514649e-06,1.2506373300000002e-05,5.517482579999999,16.9,1.1143862e-06,1.5071855300000002e-06,9.662723439999998e-07,7.51033593e-07,5.51850475e-07,4.56535831e-07,3.7618859099999995e-07,3.26746175e-07,7.20332357e-07,1.69273177e-07,2.5158846300000003e-06,85.557387,47.669147200000005,3.25399731e-10,9.20487035,0.0014161496599999998,0.098766745,2.4322109700000004e-06,4.5140231099999994e-07,0.0013833709500000002,0.0925165725,2.4322109700000004e-06,4.5140231099999994e-07,0.000857757003,0.036148673,2.4322109700000004e-06,4.5140231099999994e-07,0.0012766923500000002,0.0792900595,2.4322109700000004e-06,4.5140231099999994e-07,2.4461745262145995
113,1678753800,2.02614033e-05,2.0261407300000003e-05,0.03454250986,1.28312598775,0.023693657200000003,0.00352960024,0.00728424223,0.005640167999999999,3.52668979e-06,3.53140518e-05,6.3164335,27.9,1.1223286240000001e-06,1.55218217e-06,1.1655588109999999e-06,9.09525264e-07,6.136298430000001e-07,4.958372350000001e-07,4.048764859999999e-07,3.4407059700000003e-07,8.00455198e-07,1.72341458e-07,2.5498658300000003e-06,84.7335609,46.684546000000005,3.5758536299999994e-10,9.194829549999998,0.0014533938,0.1155353606,2.7040692699999998e-06,4.598793810000001e-07,0.0014273266100000002,0.104290744,2.7040692699999998e-06,4.598793810000001e-07,0.000853900031,0.0360155639,2.7040692699999998e-06,4.598793810000001e-07,0.00128166534,0.07933293999999999,2.7040692699999998e-06,4.598793810000001e-07,2.4460836172103884
113,1678754400,1.8699837599999998e-05,1.869984e-05,0.00014407225000000052,0.025748699000000003,0.017990541300000003,0.0034452025499999996,0.007109111439999999,0.005530023019999999,1.27576775e-06,1.163903215e-05,5.3881119,13.4,1.06036663e-06,1.54393805e-06,9.85969714e-07,6.933947569999999e-07,5.40095418e-07,4.3925935499999997e-07,3.67193936e-07,3.16229785e-07,7.22818589e-07,1.70821274e-07,2.50981452e-06,85.75921650000001,47.890849499999995,3.19943861e-10,9.206571700000001,0.0014118714,0.09694304849999999,2.4621708200000004e-06,4.4710616e-07,0.00137023958,0.09126635679999999,2.4621708200000004e-06,4.4710616e-07,0.0008341988450000001,0.0348262217,2.4621708200000004e-06,4.4710616e-07,0.00128312429,0.08031834139999999,2.4621708200000004e-06,4.4710616e-07,2.4460907220840453
113,1678755000,2.0054240599999994e-05,2.0054244000000002e-05,0.01879394569,1.068842749026,0.0240506842,0.00352028849,0.007223761130000001,0.00562593552,3.15362906e-06,2.7436767749999998e-05,5.99475519,25.6,1.14619999e-06,1.57301271e-06,1.0686947069999998e-06,1.026148608e-06,5.91892125e-07,4.73010161e-07,3.8429221400000005e-07,3.32489957e-07,7.489989570000001e-07,1.6921468e-07,2.51312784e-06,84.81670820000001,46.5262567,3.55575272e-10,9.19357175,0.0014419927,0.11399129560000001,2.9478770200000003e-06,4.90891106e-07,0.0014127643800000002,0.10096411089999999,2.9478770200000003e-06,4.90891106e-07,0.000855989897,0.0367080132,2.9478770200000003e-06,4.90891106e-07,0.00130135714,0.082938556,2.9478770200000003e-06,4.90891106e-07,2.4461393117904664
113,1678755600,2.02724108e-05,2.0272415e-05,-0.0016125699999999994,0.6077806797299999,0.0209052617,0.0035401845599999995,0.00725317553,0.00565390836,3.30176772e-06,2.8678282149999998e-05,6.18706303,28.3,1.12389988e-06,1.5570639900000001e-06,1.10490626e-06,1.0505472989999999e-06,6.149018149999999e-07,4.65412726e-07,4.01384935e-07,3.49773473e-07,7.505021269999999e-07,1.71514299e-07,2.54625537e-06,84.63657509999999,46.39808480000001,3.5933244e-10,9.194124999999998,0.00147435317,0.1190652431,2.71203869e-06,4.81623315e-07,0.0014151163899999999,0.10133178059999999,2.71203869e-06,4.81623315e-07,0.0008688372080000002,0.03727250259999999,2.71203869e-06,4.81623315e-07,0.00129579858,0.0814553375,2.71203869e-06,4.81623315e-07,2.4461387395858765
113,1678756200,1.89032315e-05,1.89032423e-05,-0.0002621866200000003,-0.008825402906999999,0.017613487299999998,0.0034713824999999996,0.007135962029999998,0.00556109811,1.2698589499999999e-06,1.1728476499999999e-05,5.300699280000001,14.8,1.09201211e-06,1.5851563000000002e-06,9.816975410000001e-07,7.00394788e-07,5.504900109999999e-07,4.49307702e-07,3.7873531799999997e-07,3.19742438e-07,7.030028620000001e-07,1.68690243e-07,2.5223723e-06,85.6240786,47.5418133,3.2501372e-10,9.206287300000001,0.00140286936,0.0962589674,2.44178141e-06,4.5035343399999997e-07,0.00138366065,0.09338163029999999,2.44178141e-06,4.5035343399999997e-07,0.000845177364,0.035522613999999994,2.44178141e-06,4.5035343399999997e-07,0.00129503801,0.0818194816,2.44178141e-06,4.5035343399999997e-07,2.446080803871155
113,1678756800,1.98780652e-05,1.98780691e-05,0.0056383182600000005,0.10907616837999998,0.0192168762,0.0035479173700000005,0.007314071009999999,0.0056900504199999995,1.76345047e-06,1.4842872950000002e-05,6.374125869999999,21.4,1.1825702900000001e-06,1.6768206499999997e-06,1.024263576e-06,7.935865369999999e-07,5.96914794e-07,4.54988433e-07,3.9916191400000004e-07,3.3374661600000004e-07,7.70287457e-07,1.7144712500000002e-07,2.53519961e-06,84.92228309999999,46.3443584,3.4870528699999995e-10,9.195770800000002,0.0014529068000000002,0.10529309179999999,3.07606277e-06,4.891012959999999e-07,0.0014097358100000003,0.0973795676,3.07606277e-06,4.891012959999999e-07,0.0008768171109999999,0.037985733,3.07606277e-06,4.891012959999999e-07,0.00135051903,0.0883957521,3.07606277e-06,4.891012959999999e-07,2.4461182594299316
113,1678757400,1.92436092e-05,1.92436123e-05,-0.00873105448,0.0212921995,0.0180625102,0.0034992790700000007,0.00721239905,0.005619913339999999,1.46116035e-06,1.364144035e-05,5.639860140000001,17.9,1.10986484e-06,1.5980936100000001e-06,9.888219050000001e-07,7.53936363e-07,5.88608529e-07,4.46589061e-07,3.91145408e-07,3.2660043199999995e-07,7.317480459999999e-07,1.70154474e-07,2.51619759e-06,85.2018925,47.0708208,3.33480418e-10,9.200382800000002,0.00142626342,0.09970927300000001,2.4495230199999997e-06,4.55837985e-07,0.00140194799,0.0959015263,2.4495230199999997e-06,4.55837985e-07,0.0008449856490000001,0.03515219239999999,2.4495230199999997e-06,4.55837985e-07,0.00131206668,0.0830334707,2.4495230199999997e-06,4.55837985e-07,2.446114349365234
113,1678758000,1.93067002e-05,1.93067055e-05,0.0031171538,-0.0019108270399999995,0.018265435,0.00350587921,0.00723387049,0.005614601350000001,1.37105854e-06,1.2056678600000002e-05,5.6136363199999995,15.6,1.17679304e-06,1.5894465400000002e-06,1.0340256700000001e-06,7.2977661e-07,5.53942944e-07,4.5433669699999996e-07,3.8169543e-07,3.2528274499999996e-07,7.20116387e-07,1.71966107e-07,2.5159489099999997e-06,85.3990084,46.9469367,3.3557321899999994e-10,9.200570599999999,0.0014166697000000002,0.09758264989999998,2.6587793999999997e-06,4.86529458e-07,0.00141491589,0.0974238184,2.6587793999999997e-06,4.86529458e-07,0.0008796260069999999,0.038219779700000005,2.6587793999999997e-06,4.86529458e-07,0.00131380053,0.0834484571,2.6587793999999997e-06,4.86529458e-07,2.445986342430115
113,1678758600,1.88685717e-05,1.8868577100000003e-05,0.00113546358,-0.011340571499999997,0.0175687975,0.0034666152799999995,0.00715324919,0.00557533979,1.2386977700000003e-06,1.121432555e-05,5.39335654,15.0,1.1028210300000001e-06,1.53545953e-06,9.449538300000001e-07,7.19882423e-07,5.31457883e-07,4.6102915500000005e-07,3.9213818799999995e-07,3.2223879e-07,7.262823019999999e-07,1.7001619e-07,2.52794572e-06,85.635374,47.82061939999999,3.23985984e-10,9.20499445,0.0014071486799999999,0.09588445720000001,2.6471079700000004e-06,4.5827380099999996e-07,0.0013747815,0.091895896,2.6471079700000004e-06,4.5827380099999996e-07,0.0008420802689999999,0.0353353909,2.6471079700000004e-06,4.5827380099999996e-07,0.0012861222100000002,0.0802740256,2.6471079700000004e-06,4.5827380099999996e-07,2.4460364103317263
113,1678759200,1.93495345e-05,1.9349541e-05,0.006398782861000001,0.0339891502,0.0182405616,0.00350665391,0.007243912520000001,0.00561862331,1.4340667599999999e-06,1.36380137e-05,5.9790209,17.3,1.15050335e-06,1.5613816399999999e-06,9.8805613e-07,7.76880822e-07,5.700773830000002e-07,4.6758520300000004e-07,3.79682384e-07,3.3582221300000003e-07,7.33736528e-07,1.70407576e-07,2.54059529e-06,85.2394168,47.1568013,3.3523660200000006e-10,9.201016499999998,0.00143644526,0.10088520650000002,2.8410801e-06,5.01205589e-07,0.00139290354,0.0939128227,2.8410801e-06,5.01205589e-07,0.000876507559,0.0381478257,2.8410801e-06,5.01205589e-07,0.0012947493900000002,0.08215592860000001,2.8410801e-06,5.01205589e-07,2.446022319793701
113,1678759800,1.89198028e-05,1.89198074e-05,-0.00392089212,-0.0024782675000000003,0.0171458856,0.00347291932,0.007166297399999999,0.00556649375,1.3111249e-06,1.16776746e-05,5.41433567,15.3,1.06034386e-06,1.56545263e-06,9.76244074e-07,7.10040969e-07,5.63426723e-07,4.5465355899999995e-07,3.78853914e-07,3.23810951e-07,7.330071050000001e-07,1.6906082e-07,2.52498713e-06,85.554015,47.6908864,3.2527063199999996e-10,9.20437815,0.00141025561,0.096917708,2.7254130599999997e-06,4.5782788900000004e-07,0.00139445778,0.09417871149999998,2.7254130599999997e-06,4.5782788900000004e-07,0.000843000599,0.035158487700000005,2.7254130599999997e-06,4.5782788900000004e-07,0.0012701082400000002,0.07842836099999999,2.7254130599999997e-06,4.5782788900000004e-07,2.446080136299133
113,1678760400,1.9693598900000003e-05,1.96936021e-05,0.009690595420000002,0.34436352559999994,0.0213144399,0.0035170515,0.0072455633799999985,0.005627956050000001,2.40171964e-06,2.2258491949999996e-05,5.93006996,26.2,1.0962021000000002e-06,1.58119903e-06,1.024317386e-06,8.855401289999999e-07,5.989222950000001e-07,4.77547008e-07,3.8221855300000004e-07,3.3844794600000003e-07,7.46314085e-07,1.70429205e-07,2.54561199e-06,85.087987,47.0158669,3.43553858e-10,9.19833475,0.00145138657,0.10717843090000001,2.7244408099999997e-06,4.804048640000001e-07,0.0014188024,0.10044148179999998,2.7244408099999997e-06,4.804048640000001e-07,0.0008391390110000001,0.0353535177,2.7244408099999997e-06,4.804048640000001e-07,0.0012854069400000002,0.0810393593,2.7244408099999997e-06,4.804048640000001e-07,2.4460967779159546
113,1678761000,2.01337041e-05,2.0133710299999995e-05,-0.004290367806000001,0.28524505697,0.0202714816,0.0035513293000000003,0.007311463250000001,0.00566495465,2.72220309e-06,2.469765555e-05,6.573426620000001,31.9,1.09351097e-06,1.54788148e-06,1.0740948600000002e-06,9.73861584e-07,6.34140079e-07,5.02690712e-07,4.2906890299999995e-07,3.4154731400000003e-07,7.72931669e-07,1.7128002899999998e-07,2.52581784e-06,84.3593606,46.3477823,3.5269229299999995e-10,9.194358099999999,0.00149980361,0.1184029088,2.95896671e-06,4.79625925e-07,0.0014338739599999999,0.101272586,2.95896671e-06,4.79625925e-07,0.0008437463660000002,0.035775993500000006,2.95896671e-06,4.79625925e-07,0.00125495708,0.077551895,2.95896671e-06,4.79625925e-07,2.4460482597351074
113,1678761600,1.93986558e-05,1.93986598e-05,-0.0055572656916,0.20995035100999998,0.019571664,0.00349727898,0.007182518800000001,0.0055898328399999996,2.04243068e-06,1.9238540900000003e-05,5.7972027100000005,24.6,1.1065018599999999e-06,1.56747074e-06,9.96534582e-07,8.0885344e-07,5.8455331e-07,4.51051096e-07,3.95532474e-07,3.4050863e-07,7.43903745e-07,1.7028416200000002e-07,2.53408301e-06,85.372613,47.36337350000001,3.36446535e-10,9.202124950000002,0.0014294834799999999,0.102672396,2.9380583e-06,4.7450856199999995e-07,0.0013943890700000002,0.09698547759999998,2.9380583e-06,4.7450856199999995e-07,0.000855505878,0.0360636057,2.9380583e-06,4.7450856199999995e-07,0.00128513516,0.080132342,2.9380583e-06,4.7450856199999995e-07,2.446175289154053
113,1678762200,2.0172871400000002e-05,2.01728742e-05,-0.00881318272,0.56660312184,0.022288560399999997,0.0035326243199999994,0.00727628919,0.00563855964,3.03502841e-06,2.391841095e-05,6.31643343,31.3,1.084072805e-06,1.47503554e-06,1.085344153e-06,1.0672955060000001e-06,6.45940849e-07,5.02333923e-07,4.05035116e-07,3.4376660099999997e-07,7.769044900000001e-07,1.7241740999999998e-07,2.52822757e-06,84.7032329,46.8005603,3.55270623e-10,9.19500055,0.00150061873,0.1229605909,2.79491372e-06,4.62402626e-07,0.00139544759,0.09801178240000001,2.79491372e-06,4.62402626e-07,0.0008291238350000001,0.0341274011,2.79491372e-06,4.62402626e-07,0.0012768007999999999,0.0787602499,2.79491372e-06,4.62402626e-07,2.4460788011550902
113,1678762800,2.11963327e-05,2.1196337599999996e-05,0.003258703980000001,0.7846807120600001,0.0244154957,0.00361262282,0.007439093419999999,0.0057556303999999996,3.81993924e-06,3.3531837800000004e-05,7.49650346,40.3,1.10402956e-06,1.5401657100000002e-06,1.15984704e-06,1.1325209740000002e-06,7.78734215e-07,5.605200439999999e-07,4.3137309000000007e-07,3.7937867100000005e-07,7.928715279999999e-07,1.72857301e-07,2.54581092e-06,83.70404549999998,45.3891581,3.78800754e-10,9.1856199,0.00155304676,0.136176334,2.4896209899999995e-06,4.665125989999999e-07,0.0014512379900000001,0.10610868650000001,2.4896209899999995e-06,4.665125989999999e-07,0.0008740902660000001,0.037452999900000006,2.4896209899999995e-06,4.665125989999999e-07,0.0012662438999999999,0.07861678400000001,2.4896209899999995e-06,4.665125989999999e-07,2.446045160293579
113,1678763400,1.91881829e-05,1.91881888e-05,-0.0069799760399999996,0.06640044267,0.019469298200000002,0.0034884976,0.00716586808,0.0055728237900000005,1.5258645800000001e-06,1.3464446799999998e-05,5.774475580000001,19.8,1.071058285e-06,1.57075323e-06,1.008938019e-06,7.75880411e-07,5.577575499999999e-07,4.6418455799999993e-07,3.8676214000000004e-07,3.36791397e-07,7.33927326e-07,1.6912649300000002e-07,2.5188573599999996e-06,85.2565745,47.293064699999995,3.31324675e-10,9.2030434,0.00142442761,0.0994864731,2.5922435e-06,4.48670095e-07,0.00140546057,0.09678219839999999,2.5922435e-06,4.48670095e-07,0.0008271639819999999,0.0344181125,2.5922435e-06,4.48670095e-07,0.00128888926,0.08062195530000002,2.5922435e-06,4.48670095e-07,2.4460569858551025
113,1678764000,1.9935068400000004e-05,1.99350704e-05,-0.0008818516000000011,0.43296991230000004,0.0219834843,0.0035329522299999997,0.0072524665599999994,0.00564596509,2.63776531e-06,2.4240712250000002e-05,6.31992996,28.2,1.0679337200000001e-06,1.5676863199999998e-06,1.05445513e-06,9.318716629999999e-07,6.646865689999999e-07,4.866447199999999e-07,4.0034417999999997e-07,3.4196720299999995e-07,7.4770927e-07,1.71995276e-07,2.53221321e-06,84.7396426,46.5976607,3.4920549900000005e-10,9.1949444,0.0014709897699999998,0.11364321549999998,2.63760071e-06,4.6834698e-07,0.0014240479999999998,0.10059757440000001,2.63760071e-06,4.6834698e-07,0.0008488292789999999,0.035666959,2.63760071e-06,4.6834698e-07,0.00127215966,0.0790792974,2.63760071e-06,4.6834698e-07,2.4460451126098635
113,1678764600,1.9747060800000003e-05,1.97470636e-05,0.0030362536199999997,0.09309497455,0.019703471700000006,0.0035341307300000005,0.0073012584699999996,0.00566831329,1.7619001600000004e-06,1.68534527e-05,6.16783227,22.2,1.11457882e-06,1.5882789199999997e-06,1.07011184e-06,8.46298764e-07,6.281386410000001e-07,4.71129111e-07,3.8711615299999996e-07,3.4198765600000003e-07,7.33101655e-07,1.71006571e-07,2.5217525999999997e-06,84.836114,46.5143111,3.45005376e-10,9.197081149999999,0.0014782111,0.1089142846,2.74066809e-06,4.76447832e-07,0.00142100137,0.0991291325,2.74066809e-06,4.76447832e-07,0.0008526583640000001,0.0363090819,2.74066809e-06,4.76447832e-07,0.00130603546,0.08245457910000001,2.74066809e-06,4.76447832e-07,2.446043348312378
113,1678765200,2.14828274e-05,2.14828292e-05,0.01023976757,0.6266308029000001,0.025129857499999998,0.0036418232699999996,0.00750608187,0.0058165757600000005,3.7614111900000003e-06,3.2637244699999995e-05,7.807692379999999,43.0,1.08518138e-06,1.5749215e-06,1.18205104e-06,1.0573762510000002e-06,6.8227346e-07,6.887530000000001e-07,5.70289261e-07,4.18617418e-07,7.779197270000001e-07,1.70698899e-07,2.53329877e-06,83.5087491,45.2710002,3.8726251999999997e-10,9.181702950000002,0.00156790958,0.1359966365,2.76816828e-06,4.789861769999999e-07,0.0014585315800000002,0.1073204136,2.76816828e-06,4.789861769999999e-07,0.000843764999,0.03555891430000001,2.76816828e-06,4.789861769999999e-07,0.00129082224,0.08092848300000001,2.76816828e-06,4.789861769999999e-07,2.4459494590759276
113,1678765800,1.99970765e-05,1.9997081699999998e-05,-0.00470428525,0.3503230462,0.0217249624,0.0035436443499999998,0.007291297099999999,0.00568138492,2.49376114e-06,2.3346685699999998e-05,6.281468510000001,31.8,1.12294391e-06,1.58772804e-06,1.067987674e-06,8.998830429999999e-07,6.326563129999999e-07,4.80698128e-07,4.0619863800000006e-07,3.3899967600000005e-07,7.53857721e-07,1.73887519e-07,2.5336424500000002e-06,84.64568499999999,46.3761937,3.51322337e-10,9.1944364,0.0014751684099999999,0.1112939205,2.52885117e-06,4.68704825e-07,0.00142766385,0.1017319226,2.52885117e-06,4.68704825e-07,0.0008764877459999999,0.037909017,2.52885117e-06,4.68704825e-07,0.0012820604600000001,0.07957685290000001,2.52885117e-06,4.68704825e-07,2.446044135093689
113,1678766400,2.14576094e-05,2.1457613599999998e-05,0.00958656095,0.60619613416,0.0217268499,0.00361606614,0.007451016660000001,0.005780874140000001,3.84831864e-06,2.92401453e-05,7.529720300000001,39.3,1.087435255e-06,1.62550823e-06,1.284067984e-06,1.154055811e-06,7.72392805e-07,5.53491211e-07,4.5231948100000004e-07,3.76931112e-07,7.423042680000001e-07,1.68829514e-07,2.5114249e-06,83.8203624,45.417571099999996,3.90951301e-10,9.182068099999999,0.0015448764999999999,0.1337684804,2.68750225e-06,4.60299839e-07,0.00145356451,0.1158979386,2.68750225e-06,4.60299839e-07,0.0008473683980000001,0.035260232,2.68750225e-06,4.60299839e-07,0.00131854337,0.08420396,2.68750225e-06,4.60299839e-07,2.4460158586502074
113,1678767000,2.12827039e-05,2.12827077e-05,0.00016788502999999996,1.2715716305,0.025698289899999997,0.0036085857200000002,0.007426555140000001,0.00575795281,4.28065479e-06,3.95254085e-05,7.2430069900000005,43.9,1.078286e-06,1.5762304e-06,1.1502704e-06,1.2806017559999999e-06,7.47340063e-07,5.24639288e-07,4.4467974400000006e-07,3.61355687e-07,7.71833603e-07,1.6992226699999997e-07,2.53612593e-06,83.6855984,45.2889582,3.8412891000000005e-10,9.1832157,0.00154425235,0.13319825300000002,2.43495075e-06,4.5504741e-07,0.0014536158599999997,0.112520533,2.43495075e-06,4.5504741e-07,0.0008465359509999999,0.0354001098,2.43495075e-06,4.5504741e-07,0.00129606025,0.08201490850000001,2.43495075e-06,4.5504741e-07,2.4460174083709716
113,1678767600,2.09065911e-05,2.09065936e-05,0.002310700699999999,0.7775698392000001,0.0234700094,0.0035921528600000004,0.007425334310000001,0.005742457469999999,3.1890732799999997e-06,2.9004098300000002e-05,7.35314705,41.2,1.08971739e-06,1.5319399399999997e-06,1.18242283e-06,1.0313806400000003e-06,7.088456819999999e-07,5.77216476e-07,5.01717781e-07,3.6670237200000005e-07,7.64417612e-07,1.7496161e-07,2.5239381400000004e-06,83.8845418,45.6841006,3.73727727e-10,9.185205,0.00152655136,0.1239096295,2.89366968e-06,4.919653550000001e-07,0.0014505417600000003,0.10744384550000001,2.89366968e-06,4.919653550000001e-07,0.0008371949379999998,0.0352644513,2.89366968e-06,4.919653550000001e-07,0.00128078541,0.07964302510000001,2.89366968e-06,4.919653550000001e-07,2.445967173576355
113,1678768200,2.1532284899999998e-05,2.1532286999999998e-05,0.0094515078,1.7340959487999998,0.0279382599,0.00361782757,0.00741678873,0.0057290202499999995,4.853972880000001e-06,4.21762637e-05,7.716783190000001,52.6,1.0630261399999998e-06,1.51257989e-06,1.13935001e-06,1.2256277959999998e-06,7.197761969999999e-07,6.011237159999999e-07,5.837269610000001e-07,4.2291633900000004e-07,7.84884066e-07,1.7269548600000001e-07,2.5403909600000005e-06,83.5280025,45.453541200000004,3.8745423700000003e-10,9.180653799999998,0.0015720504199999998,0.14594349459999997,2.52340305e-06,4.76739093e-07,0.00140939922,0.101815077,2.52340305e-06,4.76739093e-07,0.0008390665740000001,0.035454187600000006,2.52340305e-06,4.76739093e-07,0.00127998076,0.0798817661,2.52340305e-06,4.76739093e-07,2.4459746837615968
113,1678768800,1.9596942e-05,1.9596944400000002e-05,0.013711322530000004,0.31206173693999995,0.0220137747,0.00350863972,0.0072213917099999995,0.00562412662,2.28826757e-06,2.0354929199999996e-05,5.94930078,28.7,1.039711825e-06,1.5159553900000001e-06,1.067647513e-06,9.368905909999999e-07,5.96632689e-07,4.88849831e-07,3.8609531000000003e-07,3.38532391e-07,7.31168087e-07,1.71855769e-07,2.52507016e-06,84.9796015,46.9528053,3.41558941e-10,9.19778275,0.0014713860099999998,0.11141965950000002,2.5010817600000004e-06,4.41526895e-07,0.0014009174600000001,0.09843701599999999,2.5010817600000004e-06,4.41526895e-07,0.0008123489629999999,0.0330565356,2.5010817600000004e-06,4.41526895e-07,0.0012859753599999998,0.079578862,2.5010817600000004e-06,4.41526895e-07,2.4459466218948362
113,1678769400,1.96768171e-05,1.9676821700000003e-05,0.02039718584,1.0157574134,0.024048949200000003,0.00350355652,0.00718293738,0.00560701054,3.4153224899999994e-06,3.5201016e-05,5.620629369999999,28.8,1.0620652999999999e-06,1.55422723e-06,1.0185819140000001e-06,9.9460863e-07,6.02056749e-07,4.53085253e-07,3.7785055900000003e-07,3.46017644e-07,7.219025e-07,1.7017148500000003e-07,2.5378107e-06,85.08381890000001,46.916024199999995,3.44182262e-10,9.197825150000002,0.00144421472,0.10850707990000001,2.3082611900000004e-06,4.1698489399999993e-07,0.00139639655,0.10169103620000002,2.3082611900000004e-06,4.1698489399999993e-07,0.000835717872,0.0345129267,2.3082611900000004e-06,4.1698489399999993e-07,0.0012885718100000003,0.08004302890000001,2.3082611900000004e-06,4.1698489399999993e-07,2.4459906816482544
113,1678770000,2.13483058e-05,2.1348308000000002e-05,-0.03798684057,1.2663862262500003,0.025341125800000003,0.0035963786600000007,0.007365685229999999,0.00570685087,4.7547246199999995e-06,3.942397534999999e-05,7.2307692,42.2,1.1005766500000003e-06,1.49417068e-06,1.2048971759999998e-06,1.4023879810000002e-06,7.62396814e-07,5.127490829999998e-07,4.1361626e-07,3.39562058e-07,7.53217931e-07,1.72234714e-07,2.51828406e-06,83.766252,45.3369901,3.8817939799999997e-10,9.1808137,0.00154179734,0.137038442,2.83070447e-06,4.922144490000001e-07,0.00147151088,0.118995706,2.83070447e-06,4.922144490000001e-07,0.0008449351090000001,0.035804931899999996,2.83070447e-06,4.922144490000001e-07,0.0012514295999999999,0.07635672300000002,2.83070447e-06,4.922144490000001e-07,2.4459394454956054
113,1678770600,2.0808416300000004e-05,2.08084193e-05,0.01385492943,0.52668167982,0.0241198448,0.00358848825,0.007397264179999999,0.0057179093799999995,3.2127207799999997e-06,2.6591281899999996e-05,6.993006919999999,37.3,1.1165865200000003e-06,1.54330857e-06,1.1111350440000001e-06,1.128104279e-06,7.50385862e-07,5.32434033e-07,4.40095765e-07,3.59550998e-07,7.382945e-07,1.7143470500000001e-07,2.5128333899999997e-06,83.9511603,45.7336701,3.7127327499999996e-10,9.18756755,0.0015348196700000001,0.13098289359999998,2.4453429700000003e-06,4.4409410599999997e-07,0.0014504968100000001,0.10503787390000001,2.4453429700000003e-06,4.4409410599999997e-07,0.000842845119,0.0353011499,2.4453429700000003e-06,4.4409410599999997e-07,0.00128192131,0.0799247005,2.4453429700000003e-06,4.4409410599999997e-07,2.445952844619751
113,1678771200,2.09165704e-05,2.0916571800000003e-05,0.01455558377,0.7378041001,0.022536157,0.0035594379099999998,0.007321585980000001,0.0056796223,3.99329584e-06,2.8230415499999996e-05,6.737762289999999,31.4,1.02839979e-06,1.54514179e-06,1.191182195e-06,1.300245091e-06,6.895210990000001e-07,5.07135388e-07,3.96992013e-07,3.3205781000000007e-07,7.54122332e-07,1.7191224900000001e-07,2.5414924900000002e-06,84.56592910000002,46.5536647,3.77679967e-10,9.189905399999997,0.00150495484,0.13175442710000002,2.38080985e-06,4.38767618e-07,0.00142810108,0.11135936260000001,2.38080985e-06,4.38767618e-07,0.0008242733420000001,0.033749944299999994,2.38080985e-06,4.38767618e-07,0.0012853935099999998,0.0810021215,2.38080985e-06,4.38767618e-07,2.44592399597168
113,1678771800,2.1269882799999998e-05,2.1269887399999995e-05,0.012683237850000001,0.6259605747,0.0228098684,0.0036078275,0.0074562145699999995,0.005740442280000001,3.8028722400000006e-06,2.9285742500000003e-05,7.604894999999999,41.6,1.070422444e-06,1.5470444500000003e-06,1.008941599e-06,8.576144020000001e-07,7.44588771e-07,8.34403431e-07,6.51192644e-07,4.23132907e-07,8.02622132e-07,1.7382166700000002e-07,2.52109766e-06,83.7705135,45.974221899999996,3.81305337e-10,9.1845273,0.0015471122200000002,0.1359085999,2.54929248e-06,4.6767599499999994e-07,0.0013967809400000002,0.09625962639999999,2.54929248e-06,4.6767599499999994e-07,0.000840505413,0.035213913099999994,2.54929248e-06,4.6767599499999994e-07,0.00127197761,0.07895490940000001,2.54929248e-06,4.6767599499999994e-07,2.445962166786194
113,1678772400,1.90401818e-05,1.90401857e-05,-0.00760472794,0.0290669036,0.0180810226,0.00347749411,0.007154575420000001,0.00558509759,1.49106586e-06,1.4234532800000001e-05,5.5611887499999995,20.6,1.1347340100000002e-06,1.5286600099999999e-06,9.69546315e-07,7.74318054e-07,5.55627468e-07,4.4938425000000003e-07,3.85689182e-07,3.3342766399999993e-07,7.1393953e-07,1.7252138e-07,2.50221691e-06,85.3161574,47.2568905,3.28362249e-10,9.2036229,0.00142293426,0.1000935041,2.37870731e-06,4.46613724e-07,0.00137889281,0.0932546764,2.37870731e-06,4.46613724e-07,0.000858984202,0.035948558199999994,2.37870731e-06,4.46613724e-07,0.00128797226,0.0809285316,2.37870731e-06,4.46613724e-07,2.4459795713424684
113,1678773000,2.05463848e-05,2.05463888e-05,0.01603315434,0.5462214530999999,0.0234021055,0.0035675763,0.00736293933,0.00570782973,3.31005992e-06,2.7813926699999997e-05,6.882867060000001,35.9,1.07806533e-06,1.5499122600000002e-06,1.0015157750000002e-06,7.925544389999999e-07,7.3693359e-07,7.11486898e-07,5.716464170000001e-07,3.57590174e-07,7.837710860000001e-07,1.69363702e-07,2.5203282e-06,84.20315960000002,46.282971599999996,3.63899242e-10,9.189613999999999,0.0015078567600000001,0.12431865180000004,2.6927959e-06,4.4560648099999997e-07,0.00140104492,0.0962436842,2.6927959e-06,4.4560648099999997e-07,0.0008237280960000001,0.0336588565,2.6927959e-06,4.4560648099999997e-07,0.00129176505,0.0805721116,2.6927959e-06,4.4560648099999997e-07,2.4459959268569946
113,1678773600,1.9551505799999997e-05,1.9551507399999996e-05,0.0012582653199999995,0.32693922341,0.0207705676,0.0035058270700000006,0.007221359100000001,0.00561027294,2.38858352e-06,2.3165526750000002e-05,5.945804219999999,31.6,1.0831720700000002e-06,1.53484182e-06,1.022611673e-06,9.61543051e-07,5.85979601e-07,4.415439110000001e-07,3.94770975e-07,3.31022248e-07,7.293893500000001e-07,1.7136251399999998e-07,2.5194922599999996e-06,85.0629276,46.86578060000001,3.41081603e-10,9.198455550000002,0.00144880471,0.10906626850000001,3.08098088e-06,4.86176909e-07,0.00140473412,0.0984737056,3.08098088e-06,4.86176909e-07,0.000829496134,0.0346805422,3.08098088e-06,4.86176909e-07,0.0012807825200000001,0.07927471239999999,3.08098088e-06,4.86176909e-07,2.4459956169128416
113,1678774200,1.9182442800000002e-05,1.91824458e-05,-0.008197566316,0.50096650853,0.0198776644,0.00347400469,0.007145937159999999,0.00556761066,2.3215106999999996e-06,2.088903225e-05,5.4423077,25.5,1.06904586e-06,1.5280595100000001e-06,9.67721286e-07,8.33965833e-07,6.221118490000001e-07,4.5238250600000007e-07,3.9163547700000004e-07,3.2218499300000005e-07,7.176690760000001e-07,1.7199511600000002e-07,2.51442016e-06,85.45516099999999,47.492266799999996,3.31600564e-10,9.202597399999998,0.0014381399,0.10726451110000002,2.64513632e-06,4.4707211300000003e-07,0.00137968849,0.0930935659,2.64513632e-06,4.4707211300000003e-07,0.0008288727299999999,0.0341889926,2.64513632e-06,4.4707211300000003e-07,0.00127486289,0.0781051046,2.64513632e-06,4.4707211300000003e-07,2.4459964275360107
113,1678774800,1.97764976e-05,1.97765008e-05,-0.0126860196,0.5340797029200001,0.0207821699,0.00352407671,0.007268894479999999,0.00564945683,2.3726069399999997e-06,2.030085545e-05,6.375874080000001,26.9,1.09375497e-06,1.50011207e-06,1.003166761e-06,8.52174547e-07,6.434736039999999e-07,5.222555750000001e-07,4.613944219999999e-07,3.65096245e-07,7.496838989999999e-07,1.6982164300000003e-07,2.5272865799999995e-06,84.9066029,47.021711999999994,3.4365522799999994e-10,9.19924335,0.0014748923599999999,0.11335296800000001,2.65625835e-06,4.657600049999999e-07,0.00137372642,0.0935886627,2.65625835e-06,4.657600049999999e-07,0.000849083455,0.0357223188,2.65625835e-06,4.657600049999999e-07,0.0012715658400000002,0.07869049400000001,2.65625835e-06,4.657600049999999e-07,2.445937252044678
113,1678775400,2.20042219e-05,2.2004226700000004e-05,-0.0011385965099999999,1.8795064351799997,0.026763012800000003,0.003646562319999999,0.007504042969999999,0.0058017795300000004,5.4370647999999985e-06,4.7337387700000004e-05,7.715035009999999,47.2,1.16376921e-06,1.5336006300000002e-06,1.2350157330000002e-06,1.540444311e-06,7.60224696e-07,5.090692470000001e-07,4.31309242e-07,3.51497542e-07,7.90054429e-07,1.68632689e-07,2.5183949e-06,82.99200019999999,44.20325319999999,4.0326608799999996e-10,9.1748791,0.0015729159900000002,0.149639609,2.73068136e-06,4.93571135e-07,0.0014943968599999999,0.11541171990000001,2.73068136e-06,4.93571135e-07,0.0008931074759999999,0.03957726570000001,2.73068136e-06,4.93571135e-07,0.00126753825,0.078461804,2.73068136e-06,4.93571135e-07,2.445937895774841
113,1678776000,1.9791309600000002e-05,1.97913134e-05,0.010496402450000003,0.16803995435,0.019644895199999998,0.00353570452,0.00729682178,0.00566494518,1.99063933e-06,1.71520282e-05,6.152097849999999,23.3,1.13984842e-06,1.58806024e-06,1.0437706989999998e-06,8.725170870000001e-07,6.231542760000001e-07,4.7160736900000006e-07,3.916871069999999e-07,3.3656131100000003e-07,7.376180090000001e-07,1.70368395e-07,2.5203791499999996e-06,84.8509217,46.475167899999995,3.4694947200000003e-10,9.196308700000001,0.0014690401700000002,0.10936311130000001,2.9677249999999996e-06,5.02765038e-07,0.0014204519599999997,0.0981797329,2.9677249999999996e-06,5.02765038e-07,0.0008764013850000002,0.0378096535,2.9677249999999996e-06,5.02765038e-07,0.0013084079899999999,0.0825587989,2.9677249999999996e-06,5.02765038e-07,2.4459174633026124
113,1678776600,1.9488954100000002e-05,1.94889603e-05,0.00440393886,0.07485168170999999,0.019208543,0.0035116879500000004,0.00725787829,0.00562669228,1.70286086e-06,1.520028575e-05,6.00000006,20.1,1.09065081e-06,1.5114391699999998e-06,1.0157736699999999e-06,7.636265e-07,5.91588159e-07,5.33111201e-07,4.3666594700000007e-07,3.5826562599999995e-07,7.50289741e-07,1.73421647e-07,2.5195808400000004e-06,85.09851669999999,47.2883045,3.3733475199999996e-10,9.2007124,0.0014617257300000002,0.10665331200000001,2.2705198e-06,4.19228387e-07,0.00139885644,0.09518164280000001,2.2705198e-06,4.19228387e-07,0.0008470846409999999,0.03501041789999999,2.2705198e-06,4.19228387e-07,0.00127226572,0.0789739991,2.2705198e-06,4.19228387e-07,2.4460383892059325
113,1678777200,2.02750697e-05,2.0275074900000002e-05,-0.0002706321799999994,0.3056302727,0.021493637200000002,0.00356470599,0.0073393875600000005,0.005712490119999999,2.69404176e-06,2.4922470550000002e-05,6.652097909999999,38.0,1.13435425e-06,1.58448215e-06,1.02766323e-06,8.26291208e-07,7.04154055e-07,5.58255672e-07,4.998384110000001e-07,3.49772392e-07,7.69220619e-07,1.7178494299999998e-07,2.51169851e-06,84.3177587,46.169631499999994,3.56650876e-10,9.193195499999998,0.0014793706399999999,0.1171397936,2.9471725e-06,5.00872195e-07,0.0014111940900000002,0.0975405482,2.9471725e-06,5.00872195e-07,0.0008535877629999999,0.03667596359999999,2.9471725e-06,5.00872195e-07,0.0013121648900000001,0.0830352416,2.9471725e-06,5.00872195e-07,2.4460114002227784
113,1678777800,1.8587614299999998e-05,1.85876166e-05,0.0029894860260000007,-0.007034681499999999,0.0182978791,0.0034417165399999996,0.007085758569999999,0.005528124819999999,1.29145816e-06,1.17402813e-05,5.08391608,13.7,1.08401553e-06,1.52079744e-06,9.403397099999999e-07,6.830770000000001e-07,5.26096717e-07,4.45301947e-07,3.6983972999999996e-07,3.19753158e-07,7.155463399999999e-07,1.7146224199999998e-07,2.51753011e-06,85.8747474,48.14907469999999,3.17284322e-10,9.207481,0.00139395968,0.0940300144,2.34009507e-06,4.3622218200000005e-07,0.00135319876,0.08939269759999999,2.34009507e-06,4.3622218200000005e-07,0.0008441363,0.03514019980000001,2.34009507e-06,4.3622218200000005e-07,0.00128093749,0.0797387486,2.34009507e-06,4.3622218200000005e-07,2.4459836959838865
113,1678778400,1.9050723099999998e-05,1.9050732499999996e-05,0.002273296703,0.06359546356,0.017853389,0.0034751638199999996,0.007157455090000001,0.0055726601200000005,1.61184456e-06,1.4759066499999999e-05,5.494755209999999,19.8,1.10747758e-06,1.5041069400000001e-06,1.0010238200000003e-06,7.44615489e-07,5.83330626e-07,4.53903645e-07,3.7811619200000006e-07,3.3690631400000004e-07,7.260913099999999e-07,1.7299129e-07,2.5167809700000004e-06,85.43101499999999,47.546064199999996,3.28011522e-10,9.2042903,0.00142538206,0.10021507740000002,2.44264402e-06,4.3695951e-07,0.00138679356,0.0945935675,2.44264402e-06,4.3695951e-07,0.0008357638929999999,0.0348263842,2.44264402e-06,4.3695951e-07,0.00128560778,0.07959859150000001,2.44264402e-06,4.3695951e-07,2.4458922147750854
113,1678779000,2.17920801e-05,2.17920865e-05,-0.021240306813,1.27040043635,0.025879136599999998,0.00363850904,0.0074733857200000005,0.00576433436,5.028342859999999e-06,4.5363781700000004e-05,7.69230778,57.9,1.1041110199999999e-06,1.54781558e-06,1.3517205140000002e-06,1.237546187e-06,8.217238239999999e-07,5.493002699999999e-07,4.1619202300000006e-07,3.6450521e-07,7.88437318e-07,1.7155117200000001e-07,2.5431087999999996e-06,83.05115039999998,44.6390819,3.954302240000001e-10,9.17778195,0.00155596232,0.1397006655,2.47334021e-06,4.55499377e-07,0.00148973515,0.1183538936,2.47334021e-06,4.55499377e-07,0.0008346036960000001,0.034672414299999996,2.47334021e-06,4.55499377e-07,0.00129649662,0.0811595134,2.47334021e-06,4.55499377e-07,2.446003866195679
113,1678779600,2.22168179e-05,2.22168208e-05,-0.00186014059,1.3701050543,0.0267256508,0.0036515590100000004,0.007516382029999999,0.0057989871600000005,5.33578962e-06,4.586302239999999e-05,8.022727309999999,47.7,1.07072966e-06,1.53125847e-06,1.13726296e-06,1.2066904059999997e-06,7.48756822e-07,7.120269849999999e-07,6.77139128e-07,4.84580049e-07,8.15883543e-07,1.7264545800000002e-07,2.5514102100000002e-06,83.4028126,45.358419000000005,4.0649878700000005e-10,9.1772723,0.00157849078,0.14745177010000002,2.64470834e-06,4.47126974e-07,0.00143420137,0.10696597599999999,2.64470834e-06,4.47126974e-07,0.0008407702330000001,0.0352076216,2.64470834e-06,4.47126974e-07,0.00128928697,0.0803468662,2.64470834e-06,4.47126974e-07,2.446054220199585
113,1678780200,1.8938260999999998e-05,1.89382645e-05,0.0011796704499999998,0.021990241969999998,0.0182190144,0.0034665186800000003,0.00715862462,0.00555507809,1.3791543e-06,1.31245217e-05,5.4912587,16.8,1.04603682e-06,1.5265509699999997e-06,9.9311299e-07,7.544546270000001e-07,5.712916699999999e-07,4.650384060000001e-07,3.75285917e-07,3.29862832e-07,7.17735217e-07,1.7236351599999999e-07,2.51734521e-06,85.5273566,47.726607300000005,3.2521211199999993e-10,9.204870099999999,0.0014417311000000002,0.10090592000000001,2.5767887600000004e-06,4.3937760799999996e-07,0.00139538518,0.0950308145,2.5767887600000004e-06,4.3937760799999996e-07,0.000817727517,0.033449187400000004,2.5767887600000004e-06,4.3937760799999996e-07,0.0012612126,0.07713007150000001,2.5767887600000004e-06,4.3937760799999996e-07,2.445946717262268
113,1678780800,2.0493347599999997e-05,2.0493351e-05,0.0050795530953,0.40061398749000005,0.0219224765,0.0035814777500000005,0.0073989469,0.005720123190000001,2.79018271e-06,2.6349265699999997e-05,7.0454544100000005,34.4,1.1476741399999998e-06,1.5747193199999997e-06,1.14785707e-06,1.0135157269999999e-06,6.812633780000001e-07,5.00343921e-07,4.02243184e-07,3.4248016400000005e-07,7.47501346e-07,1.70369968e-07,2.5186679300000005e-06,84.1320108,45.5660147,3.6360131300000004e-10,9.1902771,0.00151597865,0.12082976459999999,3.14816399e-06,5.029255930000001e-07,0.00143407279,0.10317235250000001,3.14816399e-06,5.029255930000001e-07,0.000865045746,0.037752434200000004,3.14816399e-06,5.029255930000001e-07,0.00131158613,0.0842140184,3.14816399e-06,5.029255930000001e-07,2.4460379600524904
113,1678781400,2.1385069300000003e-05,2.13850717e-05,0.0050888074,0.3291117547,0.022106412699999998,0.0036539883200000004,0.007498129440000001,0.00584235243,2.87672075e-06,2.5146698050000005e-05,7.604895010000002,33.7,1.18421776e-06,1.9066950299999996e-06,1.36262378e-06,8.85220963e-07,6.48639297e-07,5.63091815e-07,3.9908520099999996e-07,3.3251610700000003e-07,7.3151468e-07,1.75342325e-07,2.50355874e-06,83.6652054,44.38094309999999,3.89980617e-10,9.1811816,0.0015151531999999998,0.1189417295,3.0304210000000006e-06,4.91020455e-07,0.0015322657099999999,0.11963398139999999,3.0304210000000006e-06,4.91020455e-07,0.00086292196,0.0370061694,3.0304210000000006e-06,4.91020455e-07,0.0014027563599999999,0.0984909661,3.0304210000000006e-06,4.91020455e-07,2.4460826873779298
113,1678782000,2.6039289099999998e-05,2.6039292099999996e-05,0.021552807825,1.0271462756000003,0.027460477800000004,0.00396811195,0.008197190899999998,0.00632132809,6.2826750600000014e-06,5.3353219450000004e-05,11.86013996,60.6,1.3428742900000002e-06,2.6861364899999996e-06,2.50801581e-06,9.892712479999999e-07,7.013766609999999e-07,5.92630426e-07,4.1641539799999995e-07,3.80489315e-07,7.26147315e-07,1.6722104800000003e-07,2.5090460100000007e-06,80.6720245,38.8252766,5.20634834e-10,9.1360949,0.00163326541,0.1380782869,3.65182879e-06,5.9260863e-07,0.0018404558899999999,0.19568650299999998,3.65182879e-06,5.9260863e-07,0.0008945312950000001,0.0403317647,3.65182879e-06,5.9260863e-07,0.0015454266499999997,0.12804891000000002,3.65182879e-06,5.9260863e-07,2.4460656881332397
113,1678782600,2.0815804800000002e-05,2.0815808499999998e-05,-0.0071334391,1.206169342972,0.024948941999999998,0.0035808777800000005,0.007383124180000001,0.005712871770000001,4.02173609e-06,3.7460210749999995e-05,6.856643290000001,43.6,1.10137851e-06,1.6193312800000003e-06,1.2477992e-06,1.0311738469999999e-06,6.899985049999999e-07,5.08046472e-07,4.1791519e-07,3.5252842999999996e-07,7.45012298e-07,1.6976064100000003e-07,2.52486419e-06,83.92508230000001,45.3768972,3.7306994800000003e-10,9.185928749999999,0.00150242474,0.12436866630000001,2.74166616e-06,4.671299560000001e-07,0.00145062633,0.1087872956,2.74166616e-06,4.671299560000001e-07,0.000847617013,0.03599734880000001,2.74166616e-06,4.671299560000001e-07,0.00131367451,0.08413781099999999,2.74166616e-06,4.671299560000001e-07,2.4460851907730103
113,1678783200,1.8928004399999996e-05,1.8928009899999998e-05,-0.005706918944,0.006651454300000001,0.0181754984,0.0034694656500000006,0.007126784950000001,0.005587427609999999,1.3043054199999997e-06,1.1656269950000001e-05,5.379370590000001,14.6,1.075299825e-06,1.5682242900000003e-06,9.758573100000002e-07,7.05454459e-07,5.593719740000001e-07,4.6337235299999996e-07,3.72685795e-07,3.32051122e-07,7.165385979999999e-07,1.7083501400000003e-07,2.5242678899999995e-06,85.55806700000001,47.661173299999994,3.25201444e-10,9.20481,0.00140933907,0.0971636524,2.46537976e-06,4.36479519e-07,0.00138751565,0.0935926639,2.46537976e-06,4.36479519e-07,0.0008575368369999999,0.0364345902,2.46537976e-06,4.36479519e-07,0.0012800429599999997,0.0799168515,2.46537976e-06,4.36479519e-07,2.445974850654602
113,1678783800,2.00910257e-05,2.0091027000000002e-05,0.008498108394,0.2741797869,0.0201811621,0.00355041341,0.007320260569999999,0.00568199007,2.70314919e-06,2.4597462800000002e-05,6.58391617,34.7,1.14035433e-06,1.63397468e-06,1.096616623e-06,9.42827286e-07,5.79929515e-07,4.83580427e-07,3.91980782e-07,3.36977465e-07,7.519167649999999e-07,1.7084420799999998e-07,2.5164252799999995e-06,84.59527829999999,45.995563,3.54429763e-10,9.1940104,0.0014596728,0.110627484,2.76567977e-06,4.82186216e-07,0.0014297126900000001,0.1028942671,2.76567977e-06,4.82186216e-07,0.000883869962,0.0380983478,2.76567977e-06,4.82186216e-07,0.0013130005599999999,0.08391615799999999,2.76567977e-06,4.82186216e-07,2.445941615104675
113,1678784400,1.9729803888888887e-05,1.9729805444444444e-05,-0.008744371188888888,0.14796175445555554,0.020555538999999998,0.0035284117333333337,0.007281914277777778,0.0056471667,1.985108888888889e-06,2.020067322222222e-05,6.371406422222223,26.22222222222222,1.1367359555555555e-06,1.5544486333333333e-06,1.0698995711111112e-06,8.673303655555556e-07,6.054952988888889e-07,4.5043520111111104e-07,4.0517882444444444e-07,3.482099322222222e-07,7.530392611111111e-07,1.680616e-07,2.506011422222222e-06,84.71798188888889,46.419452111111106,3.4554770777777773e-10,9.195168388888888,0.0014636957,0.10800816833333332,2.9947431111111113e-06,4.933204677777778e-07,0.0014158224777777776,0.09906054111111111,2.9947431111111113e-06,4.933204677777778e-07,0.0008546226088888888,0.036518000555555555,2.9947431111111113e-06,4.933204677777778e-07,0.0012912194444444443,0.08124646955555556,2.9947431111111113e-06,4.933204677777778e-07,2.4459963109758167
113,1678785000,1.962248645454545e-05,1.962249690909091e-05,-0.010021681236363635,0.1363401332545455,0.019720743272727274,0.003522209745454545,0.007260248245454545,0.005649970654545454,2.1064217545454543e-06,1.9114839272727274e-05,5.929752063636363,23.727272727272727,1.1326799272727274e-06,1.5719153727272724e-06,1.019289630909091e-06,8.74267350909091e-07,6.183732981818183e-07,4.596741590909091e-07,3.9747247636363633e-07,3.244065590909091e-07,7.255018954545454e-07,1.7026830909090912e-07,2.5173936454545458e-06,85.0473740909091,46.619060181818185,3.431152227272727e-10,9.19746390909091,0.001458050281818182,0.10716659263636363,2.320238990909091e-06,4.45564460909091e-07,0.001423854627272727,0.0998660300909091,2.320238990909091e-06,4.45564460909091e-07,0.0008587383345454547,0.03628328072727273,2.320238990909091e-06,4.45564460909091e-07,0.0012946079727272728,0.08204687381818182,2.320238990909091e-06,4.45564460909091e-07,2.445957964116877
113,1678785600,2.00489392e-05,2.0048941800000006e-05,0.0012570898299999991,0.15433229475000002,0.019930779899999997,0.00355703296,0.007324571689999999,0.005702344610000001,2.14630328e-06,1.93042261e-05,6.575174770000001,25.0,1.1697135900000002e-06,1.5888670300000002e-06,1.13999691e-06,8.9396269e-07,6.0014e-07,4.7304936499999994e-07,4.05915229e-07,3.4629853399999995e-07,7.37861463e-07,1.6849088099999996e-07,2.50009976e-06,84.45183060000001,45.8963272,3.5408552200000005e-10,9.192468250000001,0.00148900509,0.1123746629,2.4330943e-06,4.646272350000001e-07,0.00143826925,0.10336341070000002,2.4330943e-06,4.646272350000001e-07,0.000858624121,0.03664251589999999,2.4330943e-06,4.646272350000001e-07,0.00131635768,0.0845702544,2.4330943e-06,4.646272350000001e-07,2.4461061716079713
113,1678786200,2.032235e-05,2.0322356555555554e-05,0.004127049577777778,0.17916570916666666,0.019289051666666668,0.0035759757111111113,0.00737155858888889,0.005715026522222222,2.180962988888889e-06,1.8438570111111113e-05,6.886169233333333,26.444444444444443,1.1540375333333333e-06,1.6190763666666665e-06,9.952892611111112e-07,7.639581966666667e-07,6.381048733333334e-07,6.060952511111112e-07,5.528180877777778e-07,3.730324755555556e-07,7.710039088888889e-07,1.7205787555555556e-07,2.5156681555555555e-06,84.41718544444444,46.25802255555556,3.5893432555555554e-10,9.192427111111112,0.0014893484222222222,0.11515327555555557,2.4771492666666663e-06,4.788365277777779e-07,0.0014002723222222224,0.09479886277777777,2.4771492666666663e-06,4.788365277777779e-07,0.0008479064366666666,0.03618258644444444,2.4771492666666663e-06,4.788365277777779e-07,0.0013338224333333333,0.08649165799999999,2.4771492666666663e-06,4.788365277777779e-07,2.4460960229237876
113,1678786800,2.04838154e-05,2.04838201e-05,-0.012202108279999999,0.6216585236000001,0.022871403399999997,0.0035673814099999998,0.00733621648,0.00570259452,3.34389932e-06,3.0792722e-05,6.7377622200000005,39.3,1.0896088740000001e-06,1.58774473e-06,1.159055438e-06,1.030290187e-06,6.69368166e-07,5.083089959999999e-07,4.1886709800000005e-07,3.4221172599999995e-07,7.38602646e-07,1.71742065e-07,2.52607896e-06,84.2225238,45.7993382,3.6391213699999997e-10,9.1898707,0.0015069939799999999,0.120317903,2.47448603e-06,4.440956849999999e-07,0.0014559522999999998,0.10934798259999998,2.47448603e-06,4.440956849999999e-07,0.000855321281,0.035553771299999995,2.47448603e-06,4.440956849999999e-07,0.00128454724,0.07986748600000002,2.47448603e-06,4.440956849999999e-07,2.446005082130432
113,1678787400,2.1225403e-05,2.12254054e-05,0.0031493096000000005,0.75739051944,0.024858078299999996,0.0036189964200000002,0.00743518713,0.005751380800000001,4.17801578e-06,3.60265711e-05,7.3024474900000005,50.8,1.0616093e-06,1.56573421e-06,1.1478252449999998e-06,1.18483051e-06,8.046542999999999e-07,5.82019445e-07,4.3342025000000003e-07,3.5772257499999997e-07,7.877889310000001e-07,1.7018998900000003e-07,2.51687838e-06,83.3735511,45.136852600000005,3.7934991400000003e-10,9.182092699999998,0.00156816205,0.1364654655,2.77232286e-06,4.4690412800000006e-07,0.00145987594,0.10864072300000001,2.77232286e-06,4.4690412800000006e-07,0.000821172114,0.033389627399999997,2.77232286e-06,4.4690412800000006e-07,0.00129513027,0.081545319,2.77232286e-06,4.4690412800000006e-07,2.4459405660629274
113,1678788000,2.33982256e-05,2.33982304e-05,0.012408285893999997,1.83202108186,0.0314782075,0.00372694606,0.007662838349999999,0.00590446507,6.89963333e-06,5.865651285e-05,8.96853131,58.8,1.032111873e-06,1.61876829e-06,1.4374584100000001e-06,1.7511542149999999e-06,9.300160470000001e-07,5.764312790000001e-07,4.54600073e-07,3.7926262100000005e-07,8.164757759999999e-07,1.70608686e-07,2.5321680200000005e-06,82.13652600000002,43.3626904,4.385391849999999e-10,9.16470085,0.00166365962,0.1745660288,2.39658105e-06,4.37263695e-07,0.0015305520199999998,0.12722460669999996,2.39658105e-06,4.37263695e-07,0.000834053458,0.0346032521,2.39658105e-06,4.37263695e-07,0.0012865861199999999,0.08060265659999999,2.39658105e-06,4.37263695e-07,2.4460483312606813
113,1678788600,2.1193538100000002e-05,2.11935426e-05,-0.017821118060000002,0.7257250647,0.0241340838,0.00361193816,0.00744171012,0.00578850873,3.81120981e-06,3.6319653e-05,7.519230809999999,41.5,1.08590945e-06,1.53011035e-06,1.2022526499999999e-06,1.100863504e-06,7.38013388e-07,5.944058699999999e-07,4.93497195e-07,3.87076632e-07,7.721111019999999e-07,1.69311702e-07,2.52316828e-06,83.5005494,45.3449798,3.78944493e-10,9.1836454,0.00154491885,0.1320723795,2.4308164700000003e-06,4.49645068e-07,0.00147137358,0.109986599,2.4308164700000003e-06,4.49645068e-07,0.000843102361,0.0353587445,2.4308164700000003e-06,4.49645068e-07,0.00126161844,0.0781670636,2.4308164700000003e-06,4.49645068e-07,2.446078085899353
113,1678789200,2.4706407e-05,2.47064113e-05,-0.01491877881,2.4774589389,0.032889388400000004,0.00376523914,0.00772549587,0.005919985670000001,8.57780804e-06,6.752555675e-05,9.477272719999998,69.4,1.0772969e-06,1.57684401e-06,1.64833339e-06,2.015553226e-06,9.95770226e-07,6.13191999e-07,4.59957654e-07,3.94846503e-07,8.42361459e-07,1.72384463e-07,2.55664151e-06,81.7714176,42.931984299999996,4.73504009e-10,9.15758335,0.0016875029900000002,0.19382906900000002,2.92565721e-06,4.7562274700000003e-07,0.0015505764999999999,0.1394164109,2.92565721e-06,4.7562274700000003e-07,0.0008392978020000001,0.0350372201,2.92565721e-06,4.7562274700000003e-07,0.00127768063,0.07999741269999999,2.92565721e-06,4.7562274700000003e-07,2.4460330247879027
113,1678789800,2.1688649399999998e-05,2.16886532e-05,0.00962542705,0.9548211779699999,0.025646495000000002,0.00363070692,0.00747179234,0.005769757380000001,4.4660114699999996e-06,3.502975434999999e-05,7.653846079999999,40.6,1.10119913e-06,1.5408194699999998e-06,1.3584283599999997e-06,1.323484895e-06,7.559668950000001e-07,5.1802736e-07,4.271425009999999e-07,3.6679932999999993e-07,7.517721630000001e-07,1.70437047e-07,2.5302276699999997e-06,83.43121019999998,44.70516690000001,3.95442851e-10,9.17806255,0.0015530522099999999,0.1379094325,2.65657818e-06,4.82133948e-07,0.0014811918800000001,0.12161682599999998,2.65657818e-06,4.82133948e-07,0.0008396992840000001,0.0357230925,2.65657818e-06,4.82133948e-07,0.00129419663,0.08093517339999999,2.65657818e-06,4.82133948e-07,2.446079707145691
113,1678790400,2.15025999e-05,2.15026053e-05,0.004382034899999998,1.23416174125,0.026764306300000002,0.00362071092,0.00745701575,0.00578005075,4.92595244e-06,4.271051335e-05,7.349650200000001,49.7,1.05480883e-06,1.5554540000000002e-06,1.29145205e-06,1.3176852360000001e-06,7.31265848e-07,5.168263620000001e-07,4.1553076999999995e-07,3.6027454e-07,8.140799210000001e-07,1.7100218500000005e-07,2.5228858299999997e-06,83.4921588,45.0559262,3.90141037e-10,9.17968,0.00155916776,0.140304406,2.55621519e-06,4.52011453e-07,0.0014680120099999998,0.11423215309999998,2.55621519e-06,4.52011453e-07,0.000828227383,0.03432076430000001,2.55621519e-06,4.52011453e-07,0.0012865115,0.08025135280000001,2.55621519e-06,4.52011453e-07,2.4460644006729124
113,1678791000,2.2771413499999997e-05,2.2771418300000004e-05,0.018720879779999998,1.4946176422000002,0.03056767,0.00371102206,0.00765246247,0.005894142220000001,6.05749222e-06,5.2431464399999996e-05,8.74999996,66.5,1.05287554e-06,1.6174965899999999e-06,1.4028631000000001e-06,1.4499278499999999e-06,8.26004743e-07,6.24758218e-07,4.66972581e-07,3.9842812700000004e-07,8.367136949999999e-07,1.7173368800000003e-07,2.5378788199999997e-06,82.2109655,43.544212699999996,4.17331654e-10,9.168889100000001,0.0016362984699999999,0.15343749750000002,2.93648008e-06,4.841553099999999e-07,0.00151867358,0.125898281,2.93648008e-06,4.841553099999999e-07,0.0008246399349999999,0.0343676138,2.93648008e-06,4.841553099999999e-07,0.00130178772,0.0831507979,2.93648008e-06,4.841553099999999e-07,2.446103596687317
113,1678791600,2.10423212e-05,2.1042323299999998e-05,-0.018237528979999997,1.872288745969,0.023358178600000005,0.0035582585000000005,0.00730991493,0.005679598900000001,4.985246579999999e-06,5.017075465e-05,6.568181899999999,27.8,1.0605983400000002e-06,1.5246037e-06,1.12902765e-06,1.257271292e-06,7.58709097e-07,5.562239769999999e-07,4.5906302e-07,3.49185696e-07,7.360513979999999e-07,1.7017739000000001e-07,2.52018268e-06,84.2248969,46.0441978,3.81340741e-10,9.1863912,0.00150866133,0.1336996056,2.37324204e-06,4.4271325500000003e-07,0.00144655175,0.1127698395,2.37324204e-06,4.4271325500000003e-07,0.0008506892440000001,0.0355148087,2.37324204e-06,4.4271325500000003e-07,0.00126188043,0.0769043916,2.37324204e-06,4.4271325500000003e-07,2.446131372451782
113,1678792200,2.1296770699999998e-05,2.1296772300000004e-05,0.010388929289999998,0.4595176845,0.0233267416,0.0036401628599999998,0.007514200809999999,0.0058160187600000005,3.18387496e-06,2.7804102200000006e-05,7.69230775,39.2,1.09225262e-06,1.5120682100000002e-06,1.238423857e-06,1.201029035e-06,7.33902154e-07,5.549751109999999e-07,4.57266692e-07,3.848667429999999e-07,7.76334279e-07,1.7059551000000002e-07,2.52662853e-06,83.443599,45.094238999999995,3.8176682200000006e-10,9.181782199999999,0.0015870094100000002,0.1343802934,2.49192422e-06,4.2583453099999997e-07,0.0014884911899999999,0.11369938439999998,2.49192422e-06,4.2583453099999997e-07,0.0008245609379999999,0.0333064899,2.49192422e-06,4.2583453099999997e-07,0.00128291313,0.0806270039,2.49192422e-06,4.2583453099999997e-07,2.446132493019104
113,1678792800,2.03756686e-05,2.0375674399999997e-05,-0.011770380100000002,0.30253777764999995,0.0204659041,0.00356779805,0.0073584348899999995,0.00569947269,2.50810813e-06,2.1350358699999998e-05,6.66608389,25.3,1.0860797499999999e-06,1.5108620400000002e-06,1.0929489180000002e-06,8.917652989999999e-07,7.0906056e-07,5.98124421e-07,4.78356968e-07,3.56286723e-07,7.70649602e-07,1.7147877900000002e-07,2.52218849e-06,84.426261,46.4774479,3.5892870700000003e-10,9.1928412,0.00152152391,0.12422077940000001,2.45782154e-06,4.34133016e-07,0.0014097388400000001,0.0986029454,2.45782154e-06,4.34133016e-07,0.000847308337,0.0350141925,2.45782154e-06,4.34133016e-07,0.00127544287,0.07878229960000001,2.45782154e-06,4.34133016e-07,2.446106958389282
113,1678793400,2.09728457e-05,2.09728479e-05,0.010598444622000002,0.56261336384,0.022913696200000003,0.00360030172,0.007422606790000001,0.00574136752,3.4707771999999998e-06,2.7049933400000003e-05,7.2727272,38.6,1.038196524e-06,1.56205155e-06,1.155550264e-06,1.0108693719999998e-06,7.311569009999999e-07,6.034407649999999e-07,4.6654635499999997e-07,4.0090583399999993e-07,8.11105989e-07,1.7135628100000003e-07,2.53520824e-06,83.9080539,46.0253812,3.73842031e-10,9.186142100000001,0.00153338641,0.1292301254,2.49700023e-06,4.5288738700000013e-07,0.0014483445899999999,0.10562182249999999,2.49700023e-06,4.5288738700000013e-07,0.0008196094920000001,0.033883913700000004,2.49700023e-06,4.5288738700000013e-07,0.00126688531,0.0785722323,2.49700023e-06,4.5288738700000013e-07,2.4461143255233764
113,1678794000,2.0063495799999998e-05,2.00635026e-05,-0.01871060562,0.5628846842865001,0.0213413505,0.0035399266399999997,0.007278891269999999,0.0056551812,3.0860478e-06,2.66286887e-05,6.35664343,36.9,1.1056310900000002e-06,1.54016289e-06,1.1070275600000002e-06,9.8486308e-07,6.030231650000001e-07,4.69317947e-07,4.1653932700000004e-07,3.49301137e-07,7.51452296e-07,1.73648536e-07,2.53072601e-06,84.5473974,46.3787881,3.5158015600000005e-10,9.194512900000001,0.00146381849,0.11326305649999999,2.5331377000000003e-06,4.57525237e-07,0.0014371532000000001,0.1040845476,2.5331377000000003e-06,4.57525237e-07,0.000845559598,0.0356313544,2.5331377000000003e-06,4.57525237e-07,0.00127499482,0.079186913,2.5331377000000003e-06,4.57525237e-07,2.446063280105591
113,1678794600,2.35266958e-05,2.3526698399999994e-05,0.003150490318,1.6793501846,0.0306341055,0.0037596306600000003,0.007735542940000001,0.00596006829,6.16702051e-06,5.513487989999999e-05,9.39160833,65.3,1.0830430400000001e-06,1.56312126e-06,1.43097787e-06,1.568100063e-06,8.96470448e-07,6.663005e-07,5.765407610000001e-07,4.21620171e-07,8.404097119999999e-07,1.73827481e-07,2.5428954800000004e-06,81.6688567,43.0756176,4.35794259e-10,9.163707500000001,0.00169247698,0.1678344576,2.56588797e-06,4.55518654e-07,0.0015351731199999999,0.1286081609,2.56588797e-06,4.55518654e-07,0.0008437218869999999,0.0352731731,2.56588797e-06,4.55518654e-07,0.00128401889,0.0796648005,2.56588797e-06,4.55518654e-07,2.4460901021957397
113,1678795200,1.9868611599999998e-05,1.98686178e-05,0.0036205850499999984,0.34396030165,0.0204383018,0.00352868697,0.00723215817,0.0056481456,2.4537694799999995e-06,2.30990777e-05,6.13636356,25.5,1.069644815e-06,1.57264108e-06,1.0422096650000002e-06,9.254680569999998e-07,6.70634587e-07,4.86862619e-07,3.9108980600000003e-07,3.38787637e-07,7.406267899999999e-07,1.71488379e-07,2.5248200000000005e-06,84.8100954,46.703751,3.48657975e-10,9.1956282,0.00148295085,0.11611805400000001,3.0065596600000004e-06,4.58139168e-07,0.0014097295,0.0976387786,3.0065596600000004e-06,4.58139168e-07,0.000828418487,0.034452478999999994,3.0065596600000004e-06,4.58139168e-07,0.0012876700399999997,0.08083130619999998,3.0065596600000004e-06,4.58139168e-07,2.446084761619568
113,1678795800,2.4366572199999998e-05,2.4366575800000003e-05,0.007556347429999999,1.0028866088300004,0.0273505113,0.0038160365300000006,0.007863620699999999,0.0060488082,5.434741600000001e-06,4.41180685e-05,10.27797201,60.6,1.11216313e-06,1.6043303099999999e-06,1.3837309099999999e-06,1.8501684739999997e-06,9.6987348e-07,6.92908404e-07,5.477219959999999e-07,4.22272714e-07,8.54591353e-07,1.73012564e-07,2.57244399e-06,81.4951748,42.9055048,4.58495397e-10,9.15945355,0.0017381947999999998,0.183430912,2.93091242e-06,4.87966213e-07,0.0015523621299999998,0.1293276085,2.93091242e-06,4.87966213e-07,0.0008606183120000001,0.0370771218,2.93091242e-06,4.87966213e-07,0.00129636951,0.0816146945,2.93091242e-06,4.87966213e-07,2.446117377281189
113,1678796400,2.00594572e-05,2.00594623e-05,0.023743743546,0.38152233630000004,0.0229999121,0.0035460101799999998,0.007329061049999999,0.0056825745899999995,2.7170729200000002e-06,2.5072573849999996e-05,6.47552438,33.0,1.14199772e-06,1.5267543700000002e-06,1.074780821e-06,9.277650550000001e-07,6.48829225e-07,4.81467384e-07,4.1911141100000004e-07,3.5516400300000003e-07,7.701141400000002e-07,1.71054704e-07,2.51262166e-06,84.3937104,46.244135299999996,3.52314203e-10,9.19271635,0.00148280559,0.11510444450000001,2.67789866e-06,4.7530608300000007e-07,0.0014066411100000001,0.098066296,2.67789866e-06,4.7530608300000007e-07,0.0008588740229999999,0.036554539399999995,2.67789866e-06,4.7530608300000007e-07,0.00129672585,0.082371154,2.67789866e-06,4.7530608300000007e-07,2.446059775352478
113,1678797000,2.07358835e-05,2.07358855e-05,0.017140199890000003,0.3800416773,0.023278883,0.0036017480699999994,0.007441920350000001,0.00576865585,3.0000498799999998e-06,2.76773261e-05,6.96328662,38.0,1.06559303e-06,1.5299217299999998e-06,1.190729196e-06,1.0178010119999999e-06,7.244987479999999e-07,5.26627974e-07,4.5774270199999987e-07,3.7390165799999996e-07,7.87140069e-07,1.70631917e-07,2.52330505e-06,83.7582079,45.7003251,3.6698951e-10,9.187980399999999,0.00153766419,0.12462714550000001,2.1684771300000003e-06,4.2391803599999997e-07,0.00146474573,0.107480952,2.1684771300000003e-06,4.2391803599999997e-07,0.0008434752639999999,0.034931665800000004,2.1684771300000003e-06,4.2391803599999997e-07,0.00127536957,0.0787654304,2.1684771300000003e-06,4.2391803599999997e-07,2.4460314989089964
113,1678797600,2.0343263600000004e-05,2.03432657e-05,0.010848536809999998,0.2751984856,0.021047573599999998,0.0035694609499999997,0.00733880393,0.00570190526,2.48582807e-06,2.17585627e-05,6.83566439,27.2,1.068906996e-06,1.5680027200000002e-06,1.125180374e-06,9.51072509e-07,6.551551330000001e-07,5.06574845e-07,4.3402253800000007e-07,3.66422089e-07,7.87036213e-07,1.72375863e-07,2.53686247e-06,84.3253199,46.2637801,3.5775880700000006e-10,9.19273855,0.0015108453200000003,0.11729489410000002,2.8030010399999996e-06,4.6932524600000005e-07,0.0014478784899999999,0.1053425354,2.8030010399999996e-06,4.6932524600000005e-07,0.0008510527970000001,0.0357052419,2.8030010399999996e-06,4.6932524600000005e-07,0.0012669125400000003,0.0779744336,2.8030010399999996e-06,4.6932524600000005e-07,2.446083903312683
113,1678798200,2.1882548599999997e-05,2.1882552e-05,0.00227684898,1.0993075699400001,0.028530112100000005,0.00366002588,0.007539459430000001,0.00583024152,4.9997576900000004e-06,4.75817249e-05,8.15034968,58.3,1.13297962e-06,1.60927023e-06,1.308952166e-06,1.2183849609999998e-06,7.560738600000001e-07,5.50611008e-07,4.4842188e-07,4.0605310399999994e-07,8.06821575e-07,1.71522267e-07,2.53212547e-06,82.9146096,44.263131099999995,3.96413878e-10,9.17696535,0.00158283377,0.14140992950000003,2.9002352299999995e-06,5.02294198e-07,0.00148141374,0.11511782909999999,2.9002352299999995e-06,5.02294198e-07,0.00085022065,0.036500691,2.9002352299999995e-06,5.02294198e-07,0.0013077695399999999,0.08335992340000001,2.9002352299999995e-06,5.02294198e-07,2.446048140525818
113,1678798800,2.27880798e-05,2.27880854e-05,0.0017273191200000014,1.1246280895000003,0.0242514264,0.00370331971,0.007621221879999998,0.005885091529999999,5.0074577899999995e-06,3.99075372e-05,8.853147060000001,45.9,1.0932194499999998e-06,1.51541701e-06,1.16925057e-06,1.292917774e-06,8.510627980000001e-07,7.40320487e-07,7.19815065e-07,4.6479735899999993e-07,8.349738960000001e-07,1.6822758299999999e-07,2.54396195e-06,82.7415302,44.652455399999994,4.1960570800000004e-10,9.171595,0.00163438128,0.1558837351,2.53976803e-06,4.551067959999999e-07,0.00146345683,0.11298752190000001,2.53976803e-06,4.551067959999999e-07,0.0008492871700000002,0.03557460589999999,2.53976803e-06,4.551067959999999e-07,0.0012630650499999999,0.0778396754,2.53976803e-06,4.551067959999999e-07,2.445998930931091
113,1678799400,1.99886181e-05,1.9988620500000003e-05,0.0020682310299999997,0.1089950049,0.0193225667,0.0035541432299999996,0.00731911991,0.0057042471399999985,2.02888289e-06,1.956013535e-05,6.46328684,28.3,1.13976387e-06,1.5582733299999998e-06,1.09314905e-06,8.45486613e-07,6.42961204e-07,4.94337958e-07,4.1814429699999993e-07,3.4809689399999996e-07,7.44813152e-07,1.7367231600000003e-07,2.53559085e-06,84.60260500000001,46.4886146,3.48980496e-10,9.196220300000002,0.00148485779,0.1118088685,2.43039822e-06,4.52146793e-07,0.00142675934,0.1000531626,2.43039822e-06,4.52146793e-07,0.0008659556360000001,0.036649341999999994,2.43039822e-06,4.52146793e-07,0.00129859911,0.0822948969,2.43039822e-06,4.52146793e-07,2.4460364818572997
113,1678800000,1.90441549e-05,1.9044157400000002e-05,-0.01584856561474,0.0417537893,0.018885691500000003,0.00347898439,0.0071407643000000005,0.005578882140000001,1.4500622199999998e-06,1.3695912449999999e-05,5.4003497099999995,18.4,1.05800286e-06,1.46722448e-06,1.015433795e-06,7.76752477e-07,5.552214349999999e-07,4.74302617e-07,4.09425881e-07,3.43364763e-07,7.25863453e-07,1.70392249e-07,2.52600478e-06,85.3891519,47.7305029,3.26952916e-10,9.20363055,0.00142990239,0.10086369260000001,2.58529934e-06,4.49830216e-07,0.0013856835,0.09398325569999999,2.58529934e-06,4.49830216e-07,0.0008430169630000001,0.0350835683,2.58529934e-06,4.49830216e-07,0.0012498366300000001,0.0760131826,2.58529934e-06,4.49830216e-07,2.446059155464172
113,1678800600,1.9772173099999998e-05,1.97721769e-05,0.007620077030000001,0.40883848828999997,0.0210861842,0.0035140197999999996,0.007244582910000001,0.00563220355,2.68785514e-06,2.3841530149999998e-05,6.16083902,30.1,1.07208326e-06,1.5201024300000002e-06,1.070805923e-06,7.47307082e-07,6.08263468e-07,5.59459601e-07,4.955954019999999e-07,3.6086143199999997e-07,7.50761315e-07,1.68836446e-07,2.53196515e-06,84.9687801,47.08190990000001,3.4507803199999996e-10,9.1967883,0.00145273943,0.1086744696,2.74398476e-06,4.6561860600000004e-07,0.0014005370099999998,0.0978663055,2.74398476e-06,4.6561860600000004e-07,0.0008334355099999999,0.0348761861,2.74398476e-06,4.6561860600000004e-07,0.00126798239,0.0775353424,2.74398476e-06,4.6561860600000004e-07,2.4461230993270875
113,1678801200,1.87766503e-05,1.87766529e-05,0.0006871416300000006,0.0121808247,0.0177675704,0.0034560708,0.007124702029999999,0.00554174312,1.37819266e-06,1.24887606e-05,5.23251756,15.2,1.113316327e-06,1.48561405e-06,9.62842417e-07,7.13358242e-07,5.54152861e-07,4.55971987e-07,3.83335439e-07,3.2457983000000003e-07,7.12866824e-07,1.6744350300000002e-07,2.51481723e-06,85.7251411,47.8487286,3.22214156e-10,9.205265100000002,0.00141363955,0.0974370189,2.82674471e-06,4.6685975100000004e-07,0.00135680188,0.08896335749999998,2.82674471e-06,4.6685975100000004e-07,0.000863093237,0.0367904619,2.82674471e-06,4.6685975100000004e-07,0.00128400542,0.0803985134,2.82674471e-06,4.6685975100000004e-07,2.4460407733917235
113,1678801800,1.85936647e-05,1.8593667399999997e-05,-0.007770001899999999,-0.02293350106,0.0170720675,0.00344100077,0.00708700572,0.0055334469800000004,1.25034749e-06,1.121682305e-05,5.040209750000001,13.3,1.0589087399999999e-06,1.52288503e-06,9.431876039999998e-07,6.837901859999999e-07,5.44027548e-07,4.36219013e-07,3.7362966000000003e-07,3.1138660799999996e-07,7.28116284e-07,1.7041277200000003e-07,2.5242131e-06,85.8611023,48.2505824,3.1688024099999997e-10,9.208545250000002,0.00138934093,0.09373477969999999,2.5940662e-06,4.42941958e-07,0.0013762604299999998,0.0923703736,2.5940662e-06,4.42941958e-07,0.0008298959139999999,0.034135617800000004,2.5940662e-06,4.42941958e-07,0.0012665432200000002,0.0776843965,2.5940662e-06,4.42941958e-07,2.446099281311035
113,1678802400,1.96283764e-05,1.96283789e-05,-0.0030543175900000006,0.21791516799999994,0.0192987806,0.0035195190500000003,0.00725557562,0.005639877270000001,2.0185969499999998e-06,1.793049755e-05,5.89685304,26.1,1.0835305239999999e-06,1.52840898e-06,1.054723824e-06,8.62459744e-07,6.20293426e-07,4.6525995399999996e-07,3.9965264499999997e-07,3.425863e-07,7.583500029999999e-07,1.7181595699999998e-07,2.52704231e-06,85.02709000000002,47.0323327,3.40830055e-10,9.198749049999998,0.0014665757499999997,0.10913535240000001,2.5367547e-06,4.4678724299999994e-07,0.0014053602800000002,0.09769957209999999,2.5367547e-06,4.4678724299999994e-07,0.0008456508269999999,0.0349721312,2.5367547e-06,4.4678724299999994e-07,0.00128792758,0.0794737364,2.5367547e-06,4.4678724299999994e-07,2.4460357904434202
113,1678803000,1.92661852e-05,1.92661905e-05,-0.01260719303,0.20339973827,0.019275223,0.0034827930700000002,0.00713304788,0.00557802133,1.9041850999999996e-06,1.802972295e-05,5.62937056,22.2,1.0702096900000001e-06,1.50968034e-06,1.0275449e-06,8.365960350000001e-07,5.73300519e-07,4.6601071500000003e-07,3.9220430100000007e-07,3.21109971e-07,7.328005689999999e-07,1.71649133e-07,2.5319435500000005e-06,85.3604215,47.478251799999995,3.33009772e-10,9.20201295,0.00143477639,0.10426638699999999,2.5120768e-06,4.27970491e-07,0.00139799763,0.0961551269,2.5120768e-06,4.27970491e-07,0.0008270461470000001,0.0337173533,2.5120768e-06,4.27970491e-07,0.00128223566,0.0784405839,2.5120768e-06,4.27970491e-07,2.4460490703582765
113,1678803600,1.946698e-05,1.94669833e-05,0.00719663777,0.10346936097,0.0185875086,0.00350711674,0.007244624600000001,0.00561864247,1.76817323e-06,1.56198754e-05,6.0069928500000005,24.1,1.12808852e-06,1.4978045200000002e-06,1.033123823e-06,7.849648200000002e-07,6.077959610000001e-07,4.854852699999999e-07,4.0112968299999995e-07,3.40764128e-07,7.40315273e-07,1.7160843e-07,2.54235293e-06,85.2026435,47.2159416,3.37043012e-10,9.2008342,0.00145867755,0.1061989359,2.78891721e-06,4.89125313e-07,0.00139682516,0.0955930182,2.78891721e-06,4.89125313e-07,0.0008504933080000001,0.0364762785,2.78891721e-06,4.89125313e-07,0.00127324661,0.07926745140000001,2.78891721e-06,4.89125313e-07,2.446080446243286
113,1678804200,1.8516530400000003e-05,1.8516539e-05,0.002595144247039999,0.006151766519999999,0.017633504600000002,0.0034330712800000004,0.0070938992400000015,0.0055158535,1.24612122e-06,1.1183783900000001e-05,5.00349642,12.8,1.09492892e-06,1.4833173300000002e-06,9.466124340000001e-07,6.92475551e-07,5.33297041e-07,4.21262336e-07,3.71749216e-07,3.14920095e-07,6.985361059999999e-07,1.73714146e-07,2.5274366599999997e-06,86.1280785,48.406821799999996,3.14315867e-10,9.212504000000001,0.0013971960400000001,0.09498497749999998,2.19736652e-06,4.1153267399999994e-07,0.00134439648,0.08771595810000002,2.19736652e-06,4.1153267399999994e-07,0.0008350397570000001,0.03427186110000001,2.19736652e-06,4.1153267399999994e-07,0.00129132457,0.0806035969,2.19736652e-06,4.1153267399999994e-07,2.4460132360458373
113,1678804800,1.8546676399999997e-05,1.8546679600000002e-05,0.00023018359499999975,-0.0080912406349,0.017832145700000003,0.0034364905899999998,0.00707839425,0.00551498563,1.2856850800000001e-06,1.1464951e-05,5.06468518,14.7,1.07788504e-06,1.50780083e-06,9.408135820000001e-07,6.723531629999999e-07,5.49573182e-07,4.4467998000000007e-07,3.6627415200000004e-07,3.1492607700000004e-07,7.15529214e-07,1.7405187200000001e-07,2.50941163e-06,85.9112672,48.1663326,3.16410074e-10,9.20863,0.0013926500999999999,0.09427460550000001,2.93095209e-06,4.97875944e-07,0.00136368068,0.0903728805,2.93095209e-06,4.97875944e-07,0.0008596987719999999,0.0367058366,2.93095209e-06,4.97875944e-07,0.0012552530799999997,0.07548854140000001,2.93095209e-06,4.97875944e-07,2.4459778308868407
113,1678805400,1.8485143599999997e-05,1.84851455e-05,-0.0029944315599999983,0.002039091386999998,0.017310988999999995,0.0034301242900000002,0.007075132539999999,0.005494898109999999,1.26372454e-06,1.14550244e-05,5.0769230499999995,14.0,1.06144399e-06,1.5119344799999998e-06,9.50269319e-07,6.77388149e-07,5.431066020000001e-07,4.4045135400000004e-07,3.7021863e-07,3.0792155799999995e-07,7.085603850000001e-07,1.68188643e-07,2.5030149500000002e-06,85.9404486,48.1718484,3.16038807e-10,9.2067498,0.00139429553,0.09433769189999999,2.7743111799999997e-06,4.78194112e-07,0.00135156429,0.08892195449999998,2.7743111799999997e-06,4.78194112e-07,0.0008258892629999998,0.034115216000000004,2.7743111799999997e-06,4.78194112e-07,0.00128030674,0.0797829439,2.7743111799999997e-06,4.78194112e-07,2.446102023124695
113,1678806000,1.8564777700000004e-05,1.8564783699999997e-05,-0.00809184478,-0.004404629469999999,0.017623576100000003,0.0034382260699999992,0.00707418636,0.005515565669999999,1.23399372e-06,1.1178635200000002e-05,5.04720283,13.7,1.09304607e-06,1.51151951e-06,9.46397853e-07,6.72273191e-07,5.18243272e-07,4.39094469e-07,3.59688084e-07,3.22725158e-07,7.19690673e-07,1.7288791500000002e-07,2.52676985e-06,85.95835070000001,48.252886100000005,3.15922803e-10,9.210411100000002,0.0013835303900000002,0.09285068760000001,2.80675487e-06,4.73360472e-07,0.0013515187600000001,0.089041654,2.80675487e-06,4.73360472e-07,0.00084810897,0.03567213749999999,2.80675487e-06,4.73360472e-07,0.0012738686499999998,0.07884576480000001,2.80675487e-06,4.73360472e-07,2.446073079109192
113,1678806600,1.84890895e-05,1.84890951e-05,0.0017411547319999994,0.0061256915000000006,0.0176661193,0.00342832675,0.00708427681,0.005521254980000001,1.2372331799999999e-06,1.116282415e-05,4.9947552800000015,13.7,1.044508e-06,1.51998231e-06,9.59937478e-07,6.63737974e-07,5.231584240000001e-07,4.40306084e-07,3.6491725e-07,3.24067455e-07,7.184090669999999e-07,1.72617295e-07,2.51287536e-06,86.1864512,48.429582599999996,3.1434243200000003e-10,9.2107067,0.00137696765,0.09257827599999999,2.08639615e-06,3.92999307e-07,0.0013726333,0.0910641576,2.08639615e-06,3.92999307e-07,0.000805137703,0.0318909458,2.08639615e-06,3.92999307e-07,0.0012866521400000002,0.0803982946,2.08639615e-06,3.92999307e-07,2.4460623502731322
113,1678807200,1.8542723900000002e-05,1.85427269e-05,0.002422858149999999,-0.00051493172,0.0173897709,0.0034348293,0.0070929358,0.005517838949999999,1.24423287e-06,1.1614803899999999e-05,5.052447519999999,14.6,1.08407713e-06,1.5029095400000003e-06,9.469635849999999e-07,6.730568559999999e-07,5.355427039999999e-07,4.3117219099999997e-07,3.72680259e-07,3.1347948299999995e-07,7.12257909e-07,1.71543282e-07,2.5276605900000004e-06,86.0841525,48.3226005,3.16000542e-10,9.2094544,0.0013971661700000002,0.09443997,2.5674155199999997e-06,4.40494222e-07,0.00135226399,0.08813311360000001,2.5674155199999997e-06,4.40494222e-07,0.0008319939719999999,0.0342770688,2.5674155199999997e-06,4.40494222e-07,0.00127835906,0.0796124981,2.5674155199999997e-06,4.40494222e-07,2.44613094329834
113,1678807800,1.8549497300000003e-05,1.8549499800000003e-05,0.006335359299999998,-0.01315318684,0.0173847252,0.0034377228899999993,0.00708902146,0.005520328230000001,1.23940684e-06,1.122291725e-05,5.03146851,14.0,1.047934179e-06,1.56206067e-06,9.57088508e-07,6.697528379999999e-07,5.13305642e-07,4.3369540400000003e-07,3.70794731e-07,3.20079012e-07,7.22500079e-07,1.7097176999999996e-07,2.50654286e-06,86.0018674,48.1009705,3.17737178e-10,9.20723705,0.00138025134,0.0924155135,2.3257345100000005e-06,4.4256637200000005e-07,0.00135159214,0.08939436199999999,2.3257345100000005e-06,4.4256637200000005e-07,0.0008239440540000001,0.0340905844,2.3257345100000005e-06,4.4256637200000005e-07,0.00129344578,0.08130428949999999,2.3257345100000005e-06,4.4256637200000005e-07,2.446022367477417
113,1678808400,1.84568609e-05,1.8456865599999997e-05,0.00260617847,0.0057155284,0.017070127299999998,0.0034262547999999995,0.007074963889999999,0.00550098818,1.2359788700000001e-06,1.14274641e-05,5.12937065,14.6,1.0890703539999997e-06,1.4990578199999999e-06,9.311835159999998e-07,6.67914186e-07,4.99959221e-07,4.2639543699999997e-07,3.7401887e-07,3.2324977599999997e-07,7.22231676e-07,1.74960113e-07,2.5203521800000002e-06,86.15675,48.5339725,3.12700844e-10,9.2116273,0.00136858033,0.0907153356,2.58180412e-06,4.58365502e-07,0.00136295048,0.08999313950000001,2.58180412e-06,4.58365502e-07,0.000822692349,0.0340807324,2.58180412e-06,4.58365502e-07,0.0012724971599999998,0.0789604246,2.58180412e-06,4.58365502e-07,2.4459917068481447
113,1678809000,1.8533908399999997e-05,1.85339107e-05,-0.0013647517670000004,0.011352849869999999,0.017309546899999997,0.00343333075,0.007079602490000001,0.00551639484,1.24599996e-06,1.1593317200000001e-05,5.11013983,14.2,1.0750224199999999e-06,1.5541425700000003e-06,9.15001026e-07,6.54286471e-07,5.39232991e-07,4.31428355e-07,3.67818235e-07,3.153637020000001e-07,7.179563239999999e-07,1.72802456e-07,2.52387084e-06,86.0348877,48.2474304,3.16513163e-10,9.207999000000001,0.00137942201,0.0923365645,2.60801016e-06,4.629136710000001e-07,0.0013455836500000002,0.0886077747,2.60801016e-06,4.629136710000001e-07,0.0008664935259999999,0.0369994565,2.60801016e-06,4.629136710000001e-07,0.00127030142,0.0786054601,2.60801016e-06,4.629136710000001e-07,2.4460182428359984
113,1678809600,1.8559988100000004e-05,1.85599917e-05,0.00539787863,-0.0030387138500000003,0.0175554493,0.00343812484,0.0070918071999999995,0.005527000160000001,1.27881438e-06,1.206076705e-05,5.099650389999999,15.7,1.0966352800000003e-06,1.5302398499999997e-06,9.443792690000001e-07,6.65370396e-07,5.210499929999999e-07,4.2843519000000007e-07,3.68969221e-07,3.3075068499999996e-07,7.12530893e-07,1.69284066e-07,2.51229739e-06,85.92255300000001,48.105796399999996,3.17102182e-10,9.208292599999998,0.0013851753599999999,0.0930540472,2.40141262e-06,4.4465093500000006e-07,0.0013628391,0.0896727105,2.40141262e-06,4.4465093500000006e-07,0.000851843309,0.03591588720000001,2.40141262e-06,4.4465093500000006e-07,0.0012670377900000003,0.07864439140000001,2.40141262e-06,4.4465093500000006e-07,2.446079444885254
113,1678810200,1.8732821799999998e-05,1.87328275e-05,0.001227356799999999,-0.011229392797000002,0.017726045699999998,0.00345427289,0.007124992759999999,0.00553383691,1.33587058e-06,1.179692895e-05,5.16083921,16.7,1.0733968699999998e-06,1.5928852199999998e-06,9.787781439999998e-07,6.880353670000001e-07,5.249275840000001e-07,4.32169085e-07,3.6847011100000005e-07,3.1769526700000003e-07,7.06862788e-07,1.7212969799999998e-07,2.5110389e-06,85.8099968,47.801615600000005,3.21267089e-10,9.2073316,0.0013923342,0.0939430933,2.6035784500000003e-06,4.47570204e-07,0.0013887215999999999,0.093351028,2.6035784500000003e-06,4.47570204e-07,0.0008484910929999999,0.0353700342,2.6035784500000003e-06,4.47570204e-07,0.0012729840299999999,0.0801749335,2.6035784500000003e-06,4.47570204e-07,2.4460216999053954
113,1678810800,1.8507200900000002e-05,1.85072041e-05,-0.006755596535,-0.00226700706,0.017654870700000002,0.00343179145,0.00708064448,0.005506850359999999,1.24119769e-06,1.13278328e-05,5.0437064,14.3,1.0534182600000001e-06,1.5054820999999999e-06,9.38693369e-07,6.844486160000001e-07,5.337515710000001e-07,4.46209814e-07,3.71520754e-07,3.20361247e-07,7.12076027e-07,1.69089913e-07,2.51851318e-06,86.01989500000002,48.340358699999996,3.15404756e-10,9.208671800000001,0.0013982993700000002,0.0946416561,2.4849014499999997e-06,4.335604090000001e-07,0.0013529628699999999,0.0891430844,2.4849014499999997e-06,4.335604090000001e-07,0.0008217070879999999,0.0334055785,2.4849014499999997e-06,4.335604090000001e-07,0.0012749485599999999,0.0785976829,2.4849014499999997e-06,4.335604090000001e-07,2.446024942398071
113,1678811400,1.8445238500000003e-05,1.8445243e-05,-0.0005831663599999997,0.01167271687,0.0183158496,0.00342439723,0.0070699121500000005,0.00550200975,1.29315334e-06,1.166694475e-05,5.14510488,14.7,1.06648105e-06,1.52524789e-06,9.293322850000001e-07,6.66164503e-07,5.27867573e-07,4.17897356e-07,3.65298358e-07,3.27486727e-07,7.046448969999999e-07,1.7409329600000004e-07,2.5180700100000008e-06,86.2682356,48.4704062,3.135203689999999e-10,9.2113048,0.00137710456,0.09209882100000001,2.641165e-06,4.5791081799999995e-07,0.00134076317,0.0873372559,2.641165e-06,4.5791081799999995e-07,0.000833602736,0.0348473154,2.641165e-06,4.5791081799999995e-07,0.0012869231,0.0803291195,2.641165e-06,4.5791081799999995e-07,2.4460198163986204
113,1678812000,1.86386383e-05,1.86386443e-05,-0.008321596693000002,-0.0168766099,0.0173484755,0.00344907737,0.007105333620000001,0.00553882296,1.2392455700000003e-06,1.1219617600000003e-05,5.1520980100000004,15.8,1.1092825200000002e-06,1.5075406599999999e-06,9.499083539999999e-07,7.025995519999999e-07,5.0982136e-07,4.3247866700000005e-07,3.5901167499999997e-07,3.20412359e-07,7.23554114e-07,1.72773682e-07,2.53188727e-06,85.9376079,48.161783,3.1785709499999996e-10,9.209200599999999,0.00139880433,0.09444915880000002,2.6141047000000006e-06,4.57859323e-07,0.00135874423,0.0896817799,2.6141047000000006e-06,4.57859323e-07,0.0008549989919999999,0.036093929600000005,2.6141047000000006e-06,4.57859323e-07,0.0012825826000000002,0.0797117226,2.6141047000000006e-06,4.57859323e-07,2.4460519552230835
113,1678812600,1.8535146399999997e-05,1.85351489e-05,-0.00209600187,0.0039030492,0.0188216399,0.0034340813900000005,0.007077338210000001,0.005522192739999999,1.24858165e-06,1.14072279e-05,5.07342663,14.3,1.0575276000000002e-06,1.5702909300000002e-06,9.4230465e-07,6.496948560000001e-07,5.39395883e-07,4.3633841400000007e-07,3.68271105e-07,3.16861537e-07,7.10946214e-07,1.70297282e-07,2.50558857e-06,85.9157079,48.111241199999995,3.1665459200000005e-10,9.2073938,0.00138435594,0.0927297566,2.52454635e-06,4.5197936099999996e-07,0.0013612035399999999,0.0896249073,2.52454635e-06,4.5197936099999996e-07,0.000840779729,0.0347734041,2.52454635e-06,4.5197936099999996e-07,0.00127253501,0.07924971700000001,2.52454635e-06,4.5197936099999996e-07,2.446034240722656
113,1678813200,1.8644889799999998e-05,1.8644896999999997e-05,0.007345321669999999,0.01014245615,0.0177928582,0.00344217395,0.00711723999,0.00553776077,1.3024754599999997e-06,1.19252795e-05,5.02097902,15.2,1.0497182220000001e-06,1.5698769699999999e-06,9.40163245e-07,7.12880948e-07,5.309291499999999e-07,4.3932026e-07,3.7090374300000004e-07,3.1689158899999997e-07,7.13000074e-07,1.7360693300000002e-07,2.50506948e-06,85.82471,47.975985099999995,3.1919213299999997e-10,9.207106800000002,0.0014010742399999999,0.095775587,2.51876628e-06,4.401237679999999e-07,0.0013511292599999998,0.0891044386,2.51876628e-06,4.401237679999999e-07,0.0008287957360000001,0.033673965300000004,2.51876628e-06,4.401237679999999e-07,0.00129821957,0.0817329808,2.51876628e-06,4.401237679999999e-07,2.446001744270325
113,1678813800,1.8583801099999997e-05,1.85838031e-05,-0.005803144939999999,-0.00548289128,0.0174381422,0.0034400606900000007,0.00708117073,0.005529718580000001,1.2088357599999999e-06,1.10234638e-05,5.024475600000001,13.1,1.11896218e-06,1.51361203e-06,9.65392172e-07,6.64409464e-07,5.380568290000001e-07,4.2846952800000006e-07,3.6998984e-07,3.13158763e-07,7.033478e-07,1.73043062e-07,2.50339531e-06,86.05962760000001,48.01752549999999,3.1816332000000007e-10,9.20858925,0.0013893822400000001,0.0932630864,2.54606451e-06,4.4287203200000006e-07,0.0013706987000000003,0.09142393730000001,2.54606451e-06,4.4287203200000006e-07,0.00085314278,0.0359260224,2.54606451e-06,4.4287203200000006e-07,0.0012787849899999998,0.0792292934,2.54606451e-06,4.4287203200000006e-07,2.446008634567261
113,1678814400,1.86915677e-05,1.8691570899999998e-05,0.00715160022,0.029412573650000003,0.0181501909,0.00344399671,0.007111342670000001,0.00553568255,1.33296952e-06,1.22484679e-05,5.24999995,16.2,1.12947253e-06,1.5374316999999999e-06,9.327996120000002e-07,6.76706422e-07,5.27391621e-07,4.28933764e-07,3.7959112e-07,3.25468885e-07,7.275602880000001e-07,1.7029087799999998e-07,2.5101108e-06,85.8035731,47.903932100000006,3.2020042800000006e-10,9.206244600000002,0.0013874599499999998,0.0936478737,2.60035658e-06,4.5327513299999997e-07,0.00135406863,0.08918431299999999,2.60035658e-06,4.5327513299999997e-07,0.00083968346,0.0349158085,2.60035658e-06,4.5327513299999997e-07,0.001300838,0.0824878002,2.60035658e-06,4.5327513299999997e-07,2.4460544109344484
113,1678815000,1.85234612e-05,1.8523465800000004e-05,-0.008557333410000001,-0.026097141489999996,0.0175159244,0.0034381314199999997,0.00705881171,0.00550072049,1.2349404800000001e-06,1.1310706500000001e-05,4.923076930000001,13.0,1.0824566140000002e-06,1.4861963199999998e-06,9.63705063e-07,6.766053150000001e-07,5.317920310000001e-07,4.3620237200000003e-07,3.68111698e-07,3.27716676e-07,7.167148459999999e-07,1.69217668e-07,2.5030005e-06,85.88906449999999,48.1348915,3.1599545700000005e-10,9.208703000000002,0.0013915626300000001,0.09348910489999998,2.68677305e-06,4.6029373200000004e-07,0.00136899578,0.090896437,2.68677305e-06,4.6029373200000004e-07,0.0008454607569999999,0.0353945876,2.68677305e-06,4.6029373200000004e-07,0.00126207326,0.076686635,2.68677305e-06,4.6029373200000004e-07,2.4460147857666015
113,1678815600,1.85597782e-05,1.85597846e-05,-0.0023112471999999994,0.0027108794519999997,0.0171270966,0.00343588271,0.007093707070000001,0.005525315310000001,1.30810749e-06,1.162625975e-05,5.18881112,14.3,1.07459255e-06,1.5327587e-06,9.67103822e-07,6.67828517e-07,5.298187080000001e-07,4.33696034e-07,3.73396801e-07,3.15018696e-07,7.02129493e-07,1.7038797699999997e-07,2.5131006799999996e-06,86.0095316,48.094178799999995,3.16811242e-10,9.2099437,0.00138283094,0.0933131576,2.31962901e-06,4.3705301500000004e-07,0.00137095623,0.0909682285,2.31962901e-06,4.3705301500000004e-07,0.000832725028,0.0344709162,2.31962901e-06,4.3705301500000004e-07,0.00128735873,0.0799672045,2.31962901e-06,4.3705301500000004e-07,2.445941114425659
113,1678816200,1.84644564e-05,1.8464460899999997e-05,-0.00209683777,-0.010218003100000001,0.0171532004,0.00342915716,0.007070486599999999,0.00552338379,1.22091365e-06,1.1554961549999999e-05,4.853146869999999,12.9,1.0674570099999999e-06,1.48914788e-06,9.57543004e-07,6.89249163e-07,5.15853744e-07,4.4161697e-07,3.6088862900000005e-07,3.1469469400000005e-07,7.024275199999999e-07,1.7154516900000002e-07,2.52177667e-06,86.1415944,48.3670177,3.14707237e-10,9.209975349999999,0.00139353925,0.093937325,2.38926574e-06,4.3686228999999995e-07,0.0013554532,0.08936627450000001,2.38926574e-06,4.3686228999999995e-07,0.0008210388369999999,0.0334744626,2.38926574e-06,4.3686228999999995e-07,0.00127787837,0.0793815891,2.38926574e-06,4.3686228999999995e-07,2.4459290504455566
113,1678816800,1.8668754400000004e-05,1.86687595e-05,0.0031080600000000006,0.0030295417000000013,0.018025150900000002,0.00344795097,0.007103540629999999,0.005533648470000001,1.2997683699999999e-06,1.1886800400000001e-05,5.3653846000000005,13.9,1.12092364e-06,1.5164034000000003e-06,9.54874221e-07,6.682469560000001e-07,5.30259837e-07,4.33271933e-07,3.76630932e-07,3.2325845799999996e-07,7.35594689e-07,1.66492659e-07,2.5083721600000002e-06,85.82249010000001,47.9078151,3.20238792e-10,9.20624395,0.0013918269899999998,0.0943781278,2.5056504099999995e-06,4.83147042e-07,0.0013516979,0.0890624723,2.5056504099999995e-06,4.83147042e-07,0.0008661308469999999,0.0376607477,2.5056504099999995e-06,4.83147042e-07,0.00128091034,0.0791975174,2.5056504099999995e-06,4.83147042e-07,2.4459555625915526
113,1678817400,1.8575474100000002e-05,1.8575478999999998e-05,0.0017314141599999993,0.004958413600000001,0.0172461543,0.00343938009,0.007093101039999999,0.005523193979999999,1.27166346e-06,1.1905447150000002e-05,4.9335663599999995,13.9,1.0650089800000001e-06,1.56628314e-06,9.335580999999999e-07,6.581991949999999e-07,5.329293119999999e-07,4.3848867e-07,3.6732812299999996e-07,3.1400718200000004e-07,7.201414319999999e-07,1.71496152e-07,2.52023372e-06,86.050713,48.1647446,3.1733284500000004e-10,9.209091099999998,0.00139033217,0.093335047,2.8523811399999998e-06,4.56504573e-07,0.00135897404,0.0897463071,2.8523811399999998e-06,4.56504573e-07,0.0008235245310000002,0.0334113388,2.8523811399999998e-06,4.56504573e-07,0.0012865352099999997,0.080822592,2.8523811399999998e-06,4.56504573e-07,2.4459410667419434
113,1678818000,1.85133964e-05,1.85134019e-05,-0.00799371611,-0.00472247359,0.0165203645,0.0034324815500000002,0.007059429199999999,0.00549316012,1.25953432e-06,1.1193633749999998e-05,5.06468531,14.4,1.0519711050000002e-06,1.5426401200000001e-06,9.26810023e-07,6.90409498e-07,5.261629490000001e-07,4.26807714e-07,3.68719119e-07,3.286630349999999e-07,7.10413043e-07,1.68498233e-07,2.5155650099999996e-06,85.93760219999999,48.1859458,3.15929182e-10,9.20821495,0.00137607195,0.09226556320000001,2.29203194e-06,4.26019117e-07,0.00136298071,0.08996834309999999,2.29203194e-06,4.26019117e-07,0.0008315329329999999,0.0340527219,2.29203194e-06,4.26019117e-07,0.00128253565,0.079869877,2.29203194e-06,4.26019117e-07,2.446017527580261
113,1678818600,1.85307798e-05,1.8530787899999998e-05,-0.0020293855599999994,-0.00419687565,0.0175074826,0.0034350049699999998,0.00707969177,0.00552253287,1.2286124700000001e-06,1.1465408e-05,5.15209791,13.9,1.05323393e-06,1.5015362000000002e-06,9.50892415e-07,6.784831089999999e-07,5.257279810000001e-07,4.5432208e-07,3.7272307e-07,3.26534075e-07,7.21684499e-07,1.68921411e-07,2.5113086200000003e-06,85.81819490000001,48.232073299999996,3.15560558e-10,9.209393599999999,0.0013846466800000001,0.09237379250000001,2.3690005000000002e-06,4.3481972799999994e-07,0.00137242149,0.09097997,2.3690005000000002e-06,4.3481972799999994e-07,0.000824633378,0.0337353485,2.3690005000000002e-06,4.3481972799999994e-07,0.0012648731899999998,0.07790754759999999,2.3690005000000002e-06,4.3481972799999994e-07,2.445988154411316
113,1678819200,1.8501722299999998e-05,1.85017245e-05,-0.0007746836599999987,0.00690261589,0.0177412528,0.0034306125199999996,0.00706789765,0.00552650311,1.25249463e-06,1.1469968799999999e-05,5.07692315,15.9,1.09436006e-06,1.5523353700000001e-06,9.25927047e-07,6.469390749999999e-07,5.132863989999999e-07,4.2488980099999995e-07,3.7596897300000003e-07,3.21568347e-07,7.064372540000001e-07,1.7521755500000003e-07,2.51389931e-06,86.1514091,48.282363200000006,3.1524498499999996e-10,9.210374650000002,0.00137410479,0.09156294820000001,2.7522583499999998e-06,4.40297955e-07,0.00134587655,0.08777971710000002,2.7522583499999998e-06,4.40297955e-07,0.0008582803829999999,0.035738052,2.7522583499999998e-06,4.40297955e-07,0.0012888126999999999,0.0815451741,2.7522583499999998e-06,4.40297955e-07,2.4459815979003907
113,1678819800,1.88367053e-05,1.8836710400000003e-05,0.0013699164159999995,0.015646440350000002,0.017469623099999998,0.0034584815,0.007156275109999999,0.00556679954,1.24940804e-06,1.16426393e-05,5.33216778,14.8,1.07994662e-06,1.6097853799999997e-06,9.90731625e-07,6.716740550000001e-07,5.26043023e-07,4.2336853499999994e-07,3.68411982e-07,3.20458973e-07,7.17011439e-07,1.6923533999999998e-07,2.5416195500000003e-06,85.821417,47.8240769,3.23488346e-10,9.20571035,0.00138050091,0.0922910616,2.94951003e-06,4.83402702e-07,0.00140571643,0.09533794649999999,2.94951003e-06,4.83402702e-07,0.000841755414,0.035652772,2.94951003e-06,4.83402702e-07,0.00129756299,0.080874217,2.94951003e-06,4.83402702e-07,2.446020483970642
113,1678820400,1.86395292e-05,1.86395319e-05,0.005552326146999999,0.0037237888999999995,0.017057127999999998,0.0034437782,0.007124447510000001,0.005555931720000001,1.27347288e-06,1.196564035e-05,5.14160842,12.8,1.068993165e-06,1.55457055e-06,9.510489879999999e-07,6.675040449999999e-07,5.404100559999999e-07,4.3193187200000004e-07,3.8195378299999996e-07,3.12404275e-07,7.161281719999999e-07,1.7164921200000003e-07,2.52312951e-06,85.9502001,48.0850296,3.19062036e-10,9.2071,0.00138971292,0.0937817466,2.5247991799999995e-06,4.4899881699999995e-07,0.0013672992300000002,0.0905019206,2.5247991799999995e-06,4.4899881699999995e-07,0.0008522743129999999,0.0358285773,2.5247991799999995e-06,4.4899881699999995e-07,0.00128015668,0.0798859265,2.5247991799999995e-06,4.4899881699999995e-07,2.4459860563278197
113,1678821000,1.85432988e-05,1.85433e-05,0.0043288777799999996,0.00372083773,0.0180445084,0.0034366912400000003,0.00710018251,0.00550456388,1.25038941e-06,1.10262928e-05,5.09440562,13.8,1.09204885e-06,1.5030508700000001e-06,9.56174583e-07,6.749431749999999e-07,5.35537151e-07,4.40451424e-07,3.5857282200000003e-07,3.1797206500000006e-07,7.14809539e-07,1.71911397e-07,2.50611622e-06,86.07900839999999,48.1982444,3.1622193399999996e-10,9.2094576,0.00138564116,0.092743462,3.00025533e-06,4.8729171e-07,0.00137128364,0.0918769481,3.00025533e-06,4.8729171e-07,0.000867965269,0.0371500891,3.00025533e-06,4.8729171e-07,0.0012504782300000001,0.07614022880000001,3.00025533e-06,4.8729171e-07,2.4459988355636595
113,1678821600,1.84001664e-05,1.84001718e-05,0.008206381113999999,-0.0221707403,0.0172530827,0.0034266447399999996,0.007063254099999999,0.005507338329999999,1.19767361e-06,1.0863106850000001e-05,4.832167879999998,13.2,1.06026261e-06,1.47458031e-06,9.405542009999999e-07,6.79824791e-07,5.332902779999999e-07,4.35035505e-07,3.6425467e-07,3.0488266e-07,7.20789797e-07,1.68973359e-07,2.5175927100000003e-06,86.10290069999999,48.524447099999996,3.1236216800000006e-10,9.21052195,0.00138244735,0.0927706513,2.68990368e-06,4.54470101e-07,0.00136358081,0.0902731033,2.68990368e-06,4.54470101e-07,0.000837870957,0.0348068716,2.68990368e-06,4.54470101e-07,0.0012477669999999999,0.07507348209999999,2.68990368e-06,4.54470101e-07,2.445921516418457
113,1678822200,1.84515159e-05,1.8451520500000004e-05,0.009698669644000001,-0.010831537970000001,0.018018174399999996,0.00342836687,0.007079739579999999,0.00551676242,1.20592823e-06,1.1069130799999999e-05,5.005244729999999,12.8,1.0558940699999998e-06,1.5011831099999998e-06,9.45424191e-07,6.636763309999999e-07,5.30020187e-07,4.34750564e-07,3.80508684e-07,3.25157942e-07,7.10135057e-07,1.7303452e-07,2.50591496e-06,86.09201440000001,48.3870934,3.13982552e-10,9.210293499999999,0.0013866833,0.0929314995,2.50866321e-06,4.382385269999999e-07,0.00135702761,0.0894832042,2.50866321e-06,4.382385269999999e-07,0.0008232271399999999,0.033871671199999995,2.50866321e-06,4.382385269999999e-07,0.0012711844,0.07823828029999999,2.50866321e-06,4.382385269999999e-07,2.4459091901779173
113,1678822800,1.85308496e-05,1.8530853300000002e-05,-0.01600459837023,-0.005572504901000001,0.016907058000000003,0.00343498681,0.007068523040000001,0.005511459999999999,1.2164116200000001e-06,1.1140527500000001e-05,5.12587413,12.9,1.070365135e-06,1.5354035300000003e-06,9.50942101e-07,6.68340777e-07,5.320387229999999e-07,4.32766045e-07,3.6949091900000006e-07,3.2003459999999995e-07,7.04929736e-07,1.66420731e-07,2.51465794e-06,86.03038890000002,48.141475899999996,3.16731551e-10,9.209102599999998,0.00139415518,0.094435989,2.4546352899999997e-06,4.5270293800000004e-07,0.0013517632,0.0891814055,2.4546352899999997e-06,4.5270293800000004e-07,0.000842799197,0.0354462149,2.4546352899999997e-06,4.5270293800000004e-07,0.0012869968699999999,0.079764041,2.4546352899999997e-06,4.5270293800000004e-07,2.446014976501465
113,1678823400,1.86314467e-05,1.8631448899999998e-05,-0.011914646130000001,-0.02017450319,0.017347166,0.0034448959700000004,0.007107279080000001,0.005534799219999999,1.2702557500000001e-06,1.160942145e-05,5.14685321,14.2,1.09109743e-06,1.5295725399999998e-06,9.474346029999999e-07,6.81763566e-07,5.257649450000001e-07,4.42759425e-07,3.89217605e-07,3.1879972e-07,7.060310849999999e-07,1.74198419e-07,2.50905747e-06,85.9505486,48.06271489999999,3.18697768e-10,9.2074981,0.0013913652699999999,0.093916057,2.7520798e-06,4.6738669099999997e-07,0.0013575955700000002,0.089022042,2.7520798e-06,4.6738669099999997e-07,0.0008424199629999999,0.035694354100000006,2.7520798e-06,4.6738669099999997e-07,0.00129773685,0.0816768391,2.7520798e-06,4.6738669099999997e-07,2.4459387063980103
113,1678824000,1.84893169e-05,1.8489319900000002e-05,0.00664826674,-0.010523918750000002,0.017717137099999995,0.00343165633,0.0070885404,0.005517742559999999,1.2004469800000001e-06,1.172890035e-05,5.04020985,14.0,1.055336826e-06,1.51555646e-06,9.367908080000001e-07,6.67983418e-07,5.31130193e-07,4.4382925e-07,3.68154168e-07,3.16492093e-07,7.190129920000001e-07,1.71299656e-07,2.5190467399999997e-06,86.089454,48.39152550000001,3.1526091999999997e-10,9.208063899999999,0.00138550304,0.0929242309,2.44219321e-06,4.5600495799999994e-07,0.0013679345499999999,0.08998371549999999,2.44219321e-06,4.5600495799999994e-07,0.0008376170919999999,0.034828514399999996,2.44219321e-06,4.5600495799999994e-07,0.00125730214,0.0766123886,2.44219321e-06,4.5600495799999994e-07,2.4458867073059083
113,1678824600,1.8523171099999998e-05,1.85231812e-05,-0.003887440389999999,-0.0191410334,0.017252797700000003,0.0034365056799999993,0.00707756054,0.00551090812,1.19601211e-06,1.0989104400000002e-05,4.99125866,14.2,1.06348744e-06,1.52674299e-06,9.29122153e-07,6.84399071e-07,5.28710035e-07,4.3474971000000006e-07,3.7350485200000003e-07,3.19750058e-07,7.199924330000001e-07,1.67882572e-07,2.5132007699999995e-06,85.9861157,48.280327199999995,3.1586755099999995e-10,9.20871955,0.0013822945899999999,0.0926465254,2.39324582e-06,4.3911678599999997e-07,0.0013671045899999999,0.0912607974,2.39324582e-06,4.3911678599999997e-07,0.0008384073280000001,0.034816483800000006,2.39324582e-06,4.3911678599999997e-07,0.00126876128,0.0770992227,2.39324582e-06,4.3911678599999997e-07,2.446014165878296
113,1678825200,1.8552378799999998e-05,1.85523829e-05,-0.0019044228999999999,0.0019788285700000005,0.017798631999999998,0.0034344131,0.00709918351,0.00552391597,1.31021144e-06,1.1588017450000002e-05,5.236014000000002,14.8,1.0983002399999997e-06,1.5180173899999999e-06,9.148134110000001e-07,6.831446959999999e-07,5.288754529999999e-07,4.33141563e-07,3.68787218e-07,3.2861122499999997e-07,7.14124673e-07,1.7341439899999999e-07,2.51494691e-06,86.02476,48.2417021,3.17027511e-10,9.2092343,0.00138926701,0.0936795611,2.2927795499999996e-06,4.3259692899999997e-07,0.0013593821199999999,0.08961077999999999,2.2927795499999996e-06,4.3259692899999997e-07,0.000848056234,0.035200823,2.2927795499999996e-06,4.3259692899999997e-07,0.00126013788,0.0779277428,2.2927795499999996e-06,4.3259692899999997e-07,2.4460209131240847
113,1678825800,1.82715824e-05,1.82715847e-05,-0.00613445441,-0.01159672364,0.016869052599999997,0.00341100607,0.00702888946,0.00546043088,1.1986395400000001e-06,1.11855346e-05,4.7377622,13.3,1.04350229e-06,1.47060975e-06,9.033752800000001e-07,6.651621479999999e-07,5.23581004e-07,4.3569024300000004e-07,3.67067693e-07,3.29269463e-07,7.22372399e-07,1.6911554200000002e-07,2.50594444e-06,86.327138,48.7952717,3.09589831e-10,9.211439299999999,0.00137842199,0.09243455260000001,2.47592026e-06,4.30243237e-07,0.00133529181,0.0865682684,2.47592026e-06,4.30243237e-07,0.0008254585050000001,0.033783379200000005,2.47592026e-06,4.30243237e-07,0.00125092635,0.0762267345,2.47592026e-06,4.30243237e-07,2.445935869216919
113,1678826400,1.85747087e-05,1.85747145e-05,-0.0024559447099999996,0.004572095599999999,0.0178229796,0.0034381940699999996,0.0070782684200000005,0.005531003309999999,1.2454123099999997e-06,1.1652332599999999e-05,4.951048939999999,13.5,1.06980519e-06,1.5031263200000002e-06,9.628358939999999e-07,6.84627121e-07,5.2284209e-07,4.3557694599999997e-07,3.6867409399999995e-07,3.35387892e-07,7.17171025e-07,1.72527083e-07,2.5147361000000003e-06,85.8485416,48.1854815,3.17088338e-10,9.208116,0.00139079552,0.09407219680000001,2.42842529e-06,4.43662075e-07,0.0013591024700000001,0.0887406016,2.42842529e-06,4.43662075e-07,0.000833111762,0.03462339639999999,2.42842529e-06,4.43662075e-07,0.0012717210899999998,0.0794257715,2.42842529e-06,4.43662075e-07,2.4460072040557863
113,1678827000,1.83899169e-05,1.83899205e-05,-0.0016200733900000003,-0.012672704399999998,0.017628500499999998,0.0034218337599999996,0.007059787020000001,0.00549877402,1.2126898900000002e-06,1.1401333550000001e-05,5.0437063,13.3,1.11063607e-06,1.48050658e-06,9.311903320000001e-07,6.59110745e-07,5.12503634e-07,4.2965736499999997e-07,3.6708338600000003e-07,3.1355281599999994e-07,7.194038749999999e-07,1.69670878e-07,2.50158544e-06,86.07437489999998,48.2637137,3.1386605500000003e-10,9.209130599999998,0.00137424551,0.09151830000000001,2.61111928e-06,4.57071876e-07,0.0013458845800000002,0.0879457588,2.61111928e-06,4.57071876e-07,0.0008388941799999999,0.035059492600000006,2.61111928e-06,4.57071876e-07,0.00128501466,0.079958106,2.61111928e-06,4.57071876e-07,2.4460729122161866
113,1678827600,1.83984569e-05,1.83984606e-05,0.00460595162,0.026600737450000002,0.018139738499999995,0.0034194885,0.00704645698,0.00548085467,1.2760060399999998e-06,1.152690195e-05,4.98251748,14.6,1.06545873e-06,1.48845632e-06,9.115922360000001e-07,6.788614390000001e-07,5.2517755e-07,4.318373839999999e-07,3.8103621699999996e-07,3.2281754000000005e-07,7.1779516e-07,1.71702607e-07,2.50446378e-06,86.14770549999999,48.451216,3.1368696800000004e-10,9.209155200000001,0.00138232581,0.0925061255,2.72885379e-06,4.62329218e-07,0.00134053166,0.0880870371,2.72885379e-06,4.62329218e-07,0.0008369528160000001,0.0350308391,2.72885379e-06,4.62329218e-07,0.00126246761,0.07772601009999999,2.72885379e-06,4.62329218e-07,2.446046304702759
113,1678828200,2.02246993e-05,2.0224701600000002e-05,0.007661626369999999,0.51666346152,0.0207715319,0.0035362031699999997,0.007278589059999998,0.00563624446,3.0344697299999996e-06,2.3846302e-05,6.4090908099999995,33.4,1.09597141e-06,1.53221284e-06,1.079730335e-06,1.004809768e-06,6.24197379e-07,4.92847487e-07,4.0995430200000003e-07,3.7591845099999993e-07,7.816599680000001e-07,1.72297315e-07,2.54271104e-06,84.77476720000001,46.8430695,3.5558305799999997e-10,9.1964076,0.0014696004400000001,0.11833036649999999,2.4538010600000006e-06,4.32543161e-07,0.00140750314,0.09958220100000001,2.4538010600000006e-06,4.32543161e-07,0.000842970132,0.034798460499999996,2.4538010600000006e-06,4.32543161e-07,0.00128392471,0.080326485,2.4538010600000006e-06,4.32543161e-07,2.445949935913086
113,1678828800,1.8434062200000003e-05,1.84340647e-05,-0.007134780556000001,0.006108206489999999,0.017994861499999997,0.00342611199,0.00703336159,0.005491982670000001,1.2589235200000001e-06,1.139440035e-05,4.90034962,13.4,1.0790255800000002e-06,1.4695291100000002e-06,9.438845350000001e-07,6.577199239999999e-07,5.338173730000001e-07,4.48323131e-07,3.74023641e-07,3.1763119900000003e-07,7.106753860000001e-07,1.72130218e-07,2.5102113100000007e-06,86.1662523,48.4929777,3.12994028e-10,9.2106235,0.0013840926,0.0933583765,2.42605976e-06,4.4176018200000003e-07,0.00135133834,0.0886448925,2.42605976e-06,4.4176018200000003e-07,0.000857024879,0.035865040699999996,2.42605976e-06,4.4176018200000003e-07,0.0012426935300000003,0.0761686422,2.42605976e-06,4.4176018200000003e-07,2.4459224939346313
113,1678829400,1.8355221699999995e-05,1.8355228900000004e-05,-0.0006117314499999995,0.010277726769999999,0.017319884299999998,0.00341747991,0.007036883110000001,0.005488492730000001,1.24344941e-06,1.13707617e-05,5.034965,14.3,1.06430191e-06,1.49299477e-06,9.274665720000001e-07,6.683468670000001e-07,5.35123967e-07,4.23986659e-07,3.59261338e-07,3.21499581e-07,7.03452858e-07,1.6973160300000002e-07,2.51141629e-06,86.19615160000001,48.529902799999995,3.11826446e-10,9.2113582,0.00138798288,0.09375098899999999,2.8424558899999993e-06,4.71538998e-07,0.00134177781,0.087378643,2.8424558899999993e-06,4.71538998e-07,0.000848478779,0.035482278199999995,2.8424558899999993e-06,4.71538998e-07,0.00125839449,0.0767645751,2.8424558899999993e-06,4.71538998e-07,2.445986104011536
113,1678830000,1.8768777499999997e-05,1.87687806e-05,0.00852906321,-0.006673718469999999,0.0177051037,0.0034547916800000003,0.007143662019999999,0.00556549445,1.36661299e-06,1.21530093e-05,5.309440660000001,15.1,1.19613897e-06,1.51402205e-06,9.351259080000001e-07,6.777481169999999e-07,5.263170759999999e-07,4.32431016e-07,3.7888469300000005e-07,3.17551918e-07,7.23260584e-07,1.70680117e-07,2.512173e-06,85.728536,47.687868599999995,3.22436158e-10,9.206460850000003,0.00138543312,0.0932778796,2.76928239e-06,4.94332969e-07,0.00136128256,0.089841642,2.76928239e-06,4.94332969e-07,0.000889685666,0.0389294644,2.76928239e-06,4.94332969e-07,0.00127913352,0.0808686051,2.76928239e-06,4.94332969e-07,2.446050691604614
113,1678830600,1.85413929e-05,1.85413961e-05,-0.00883919233,-0.009638698785999999,0.016957675100000003,0.00343558276,0.007083388559999999,0.005515178589999999,1.23198451e-06,1.15294316e-05,5.043706309999999,15.1,1.08447194e-06,1.5103655299999999e-06,9.431094569999999e-07,6.842250629999999e-07,5.199374929999999e-07,4.31063311e-07,3.785188890000001e-07,3.2118109199999996e-07,7.11780287e-07,1.72612551e-07,2.5133984000000005e-06,86.0362,48.2394186,3.16143685e-10,9.208972800000002,0.0013861821600000001,0.0931203054,2.79379077e-06,4.6626531e-07,0.0013600234600000002,0.09030730910000001,2.79379077e-06,4.6626531e-07,0.0008407658959999999,0.035123549999999996,2.79379077e-06,4.6626531e-07,0.00127243509,0.078282102,2.79379077e-06,4.6626531e-07,2.44612717628479
113,1678831200,1.84988471e-05,1.8498851000000003e-05,0.008201889020000002,0.0231808703,0.0182433574,0.0034279313999999996,0.00709618064,0.0055218114700000005,1.29053925e-06,1.18848313e-05,5.06468542,13.4,1.0403208440000002e-06,1.58700899e-06,9.357568059999998e-07,6.70627239e-07,5.22142695e-07,4.23817322e-07,3.63388217e-07,3.2100615699999997e-07,7.105901060000001e-07,1.686987e-07,2.50605151e-06,85.9909679,48.138413,3.15653499e-10,9.208670549999999,0.0013706594500000001,0.09169581879999998,2.2433527700000004e-06,4.12718973e-07,0.00136898275,0.0910011672,2.2433527700000004e-06,4.12718973e-07,0.000812755633,0.0327530133,2.2433527700000004e-06,4.12718973e-07,0.0012986769299999999,0.08143229910000001,2.2433527700000004e-06,4.12718973e-07,2.4460204362869264
113,1678831800,2.0153208499999995e-05,2.01532134e-05,-0.00812062845,0.97487135339,0.0214530063,0.00351826942,0.00722486599,0.005611693240000001,3.54735251e-06,3.2716727000000005e-05,6.171328669999999,27.7,1.1194307e-06,1.54318247e-06,1.086210261e-06,1.0035462410000001e-06,6.18829378e-07,4.93170805e-07,4.0446163399999996e-07,3.4576710799999994e-07,7.59047421e-07,1.6883455e-07,2.53409499e-06,84.862184,46.711587900000005,3.57119786e-10,9.1956169,0.00145278854,0.11596662050000002,2.64033913e-06,4.5355971699999997e-07,0.00139832015,0.1018259225,2.64033913e-06,4.5355971699999997e-07,0.000862981679,0.036290946,2.64033913e-06,4.5355971699999997e-07,0.00128896707,0.0809325851,2.64033913e-06,4.5355971699999997e-07,2.44601891040802
113,1678832400,1.9927210400000002e-05,1.9927214e-05,0.01793049615,1.1196553604,0.021556739499999998,0.0035021218800000004,0.007235316229999999,0.00560473566,3.14473599e-06,2.9684885000000003e-05,6.15384606,26.3,1.1340415200000001e-06,1.51883972e-06,1.0528502040000001e-06,1.0166628570000002e-06,6.02031192e-07,4.733620359999999e-07,4.0996766000000005e-07,3.38787332e-07,7.29204608e-07,1.7028167e-07,2.51750765e-06,85.0187725,46.7799141,3.53146126e-10,9.195523650000002,0.00144076834,0.1202589715,2.6352361799999997e-06,4.6394043699999995e-07,0.0013777243700000001,0.0939307551,2.6352361799999997e-06,4.6394043699999995e-07,0.0008603399540000001,0.0365537416,2.6352361799999997e-06,4.6394043699999995e-07,0.0012960139399999999,0.08220638150000001,2.6352361799999997e-06,4.6394043699999995e-07,2.4460432052612306
113,1678833000,1.87040003e-05,1.87040061e-05,0.004971294929999999,0.0207021234,0.018396063499999997,0.00344850102,0.00712408425,0.00553317745,1.39465582e-06,1.34724473e-05,5.25174822,17.3,1.1053703999999998e-06,1.5046749299999999e-06,9.54010215e-07,7.009976949999999e-07,5.4964846e-07,4.401714510000001e-07,3.83436837e-07,3.3163285e-07,7.1178047e-07,1.72166332e-07,2.4980896299999997e-06,85.7356896,47.85580219999999,3.2020989400000003e-10,9.2070312,0.00139532902,0.09489019920000001,2.88392807e-06,4.817664040000001e-07,0.00135868431,0.08946210010000001,2.88392807e-06,4.817664040000001e-07,0.000852365869,0.0361644127,2.88392807e-06,4.817664040000001e-07,0.0012800759499999998,0.07994219450000001,2.88392807e-06,4.817664040000001e-07,2.4460766077041627
113,1678833600,1.83009889e-05,1.83009921e-05,-0.0117256656,0.0216368489,0.0173788816,0.0034083142899999997,0.007015912389999999,0.005461849390000001,1.23950934e-06,1.13062433e-05,5.14510483,13.9,1.013479852e-06,1.4416551300000002e-06,9.637349660000002e-07,6.755905e-07,5.32948981e-07,4.4750140699999997e-07,3.7523167800000006e-07,3.20868015e-07,7.0669766e-07,1.6766444700000002e-07,2.5051042300000003e-06,86.18430600000002,48.6845589,3.10441864e-10,9.21134685,0.0013933585900000002,0.09418614850000001,2.2469627299999995e-06,3.89003958e-07,0.00135810598,0.08981896199999999,2.2469627299999995e-06,3.89003958e-07,0.0008001635259999999,0.031334096500000005,2.2469627299999995e-06,3.89003958e-07,0.0012380246100000003,0.0750831056,2.2469627299999995e-06,3.89003958e-07,2.445979452133179
113,1678834200,1.87443608e-05,1.8744365799999997e-05,-0.0009478916000000004,0.23482024050000003,0.0196464688,0.00343909535,0.00710317021,0.005506962020000001,1.9254102800000003e-06,1.891230915e-05,5.29020982,22.9,1.023830374e-06,1.50195048e-06,9.42186222e-07,7.459060520000001e-07,5.76885006e-07,4.41337772e-07,3.77879903e-07,3.34240871e-07,7.44030108e-07,1.7169592399999997e-07,2.5122205199999997e-06,85.74969360000001,48.2562302,3.19296406e-10,9.209486000000002,0.0014061854499999998,0.0991963669,2.4831360100000004e-06,4.1658933e-07,0.00135350904,0.0897924995,2.4831360100000004e-06,4.1658933e-07,0.000821363428,0.03332065329999999,2.4831360100000004e-06,4.1658933e-07,0.0012651497600000001,0.0775754906,2.4831360100000004e-06,4.1658933e-07,2.4460681200027468
113,1678834800,1.85512075e-05,1.85512102e-05,-0.005123922530000002,-0.002535006510000001,0.017515313900000003,0.00343694353,0.00708026734,0.00551859481,1.2250175e-06,1.0878768900000002e-05,4.942307690000001,12.9,1.06861447e-06,1.53590096e-06,9.5642147e-07,6.813172260000001e-07,5.096231470000001e-07,4.36737369e-07,3.68578751e-07,3.2679431e-07,7.092436840000001e-07,1.70985292e-07,2.5113674e-06,86.01080960000002,48.149643600000005,3.16744527e-10,9.20889315,0.00138365855,0.09230261859999998,2.40057236e-06,4.4187214300000007e-07,0.0013702685600000002,0.0904855845,2.40057236e-06,4.4187214300000007e-07,0.0008377530940000001,0.035020636499999994,2.40057236e-06,4.4187214300000007e-07,0.0012912313700000001,0.080346152,2.40057236e-06,4.4187214300000007e-07,2.4460163831710817
113,1678835400,2.46251709e-05,2.4625175700000002e-05,0.034330071932,4.755503559099999,0.031884932,0.0036720232,0.0075214051200000005,0.00578022316,9.284704099999999e-06,7.598769499999999e-05,8.08216789,45.7,1.071244465e-06,1.6601771999999997e-06,1.297523123e-06,2.212416682e-06,1.0419849369999998e-06,5.97637463e-07,4.90992406e-07,4.2304902999999994e-07,8.011751850000001e-07,1.72960465e-07,2.5433922000000006e-06,82.88569600000001,44.7994063,4.780849770000001e-10,9.165982499999998,0.00159000766,0.20434146150000002,2.81885381e-06,4.61930468e-07,0.0014667124299999998,0.1238076704,2.81885381e-06,4.61930468e-07,0.000850417273,0.0360238454,2.81885381e-06,4.61930468e-07,0.00130141782,0.0836677723,2.81885381e-06,4.61930468e-07,2.4461101293563843
113,1678836000,1.8858032000000002e-05,1.88580349e-05,0.004483199209999999,0.058533049729999995,0.017856298,0.0034566921599999993,0.00713515299,0.005543630359999999,1.45381883e-06,1.2626233750000002e-05,5.35314683,18.1,1.0214163149999999e-06,1.5293736e-06,9.419825689999999e-07,6.86808344e-07,5.4129479e-07,4.90988234e-07,4.33138917e-07,3.52607596e-07,7.413154410000001e-07,1.6856832299999998e-07,2.5214565899999998e-06,85.63681220000001,48.1523548,3.21958665e-10,9.2074975,0.00140939859,0.0981488441,2.17427101e-06,4.11339761e-07,0.00136273385,0.090498664,2.17427101e-06,4.11339761e-07,0.000820600259,0.0332745819,2.17427101e-06,4.11339761e-07,0.0012618058100000002,0.07799929600000001,2.17427101e-06,4.11339761e-07,2.4459969282150267
113,1678836600,1.85051651e-05,1.8505166900000002e-05,-0.00016673136999999938,-0.00709918947,0.0176960235,0.0034334099899999996,0.00708513593,0.0055141943300000005,1.2405907500000001e-06,1.1371527199999998e-05,4.9458041999999995,14.0,1.0884467550000001e-06,1.46795952e-06,9.436572059999999e-07,6.68741931e-07,5.418180100000002e-07,4.35051182e-07,3.7135174999999994e-07,3.28238209e-07,7.10722549e-07,1.7121176e-07,2.5253381599999997e-06,86.02384450000001,48.40386530000001,3.14337482e-10,9.210655800000001,0.00139176713,0.0933261319,2.56886684e-06,4.59129893e-07,0.00135812205,0.08905032610000001,2.56886684e-06,4.59129893e-07,0.000836692776,0.0349426377,2.56886684e-06,4.59129893e-07,0.0012648590300000002,0.0775741016,2.56886684e-06,4.59129893e-07,2.44596905708313
113,1678837200,1.95188047e-05,1.95188071e-05,-0.01434219342,0.41515439290000006,0.0197244616,0.0034968326099999994,0.00719737919,0.00559927199,2.5341712199999996e-06,2.4276512200000003e-05,5.76573432,24.1,1.096051975e-06,1.55472903e-06,1.031122485e-06,8.63404379e-07,5.98439088e-07,4.6535525100000006e-07,3.71444056e-07,3.2636075299999994e-07,7.6011459e-07,1.7019298299999999e-07,2.52215107e-06,85.0987929,47.001267500000004,3.40643274e-10,9.199209100000001,0.00142046896,0.1057598407,2.37881037e-06,4.48021603e-07,0.0014115250999999999,0.09762196899999999,2.37881037e-06,4.48021603e-07,0.000838143956,0.0352682869,2.37881037e-06,4.48021603e-07,0.00129250486,0.0818365115,2.37881037e-06,4.48021603e-07,2.446039152145386
113,1678837800,1.9382694e-05,1.93826973e-05,-0.01729576742,0.132324869225,0.019843898199999998,0.00350257249,0.0072057132900000005,0.0056064559100000005,1.686802e-06,1.439589475e-05,5.68007,22.9,1.1027321099999998e-06,1.52785299e-06,1.050558597e-06,8.06510711e-07,5.591657100000001e-07,4.69707424e-07,4.0570991699999996e-07,3.39360542e-07,7.41457957e-07,1.69438526e-07,2.5187811699999996e-06,85.084533,47.0388262,3.36107801e-10,9.200507649999999,0.00144139793,0.102940827,2.56698142e-06,4.4350027100000005e-07,0.0014078155600000001,0.09795872850000001,2.56698142e-06,4.4350027100000005e-07,0.0008392644479999999,0.034833948299999994,2.56698142e-06,4.4350027100000005e-07,0.00129106309,0.08083332160000001,2.56698142e-06,4.4350027100000005e-07,2.4460933446884154
113,1678838400,1.8765853999999997e-05,1.87658579e-05,-0.007254803770000001,0.01661598344,0.0174857315,0.00345323873,0.0071054338,0.00554339994,1.3156223299999998e-06,1.179125485e-05,5.2779719499999995,16.5,1.08931636e-06,1.5716630500000001e-06,9.6120138e-07,6.9659351e-07,5.4254279e-07,4.1960100800000003e-07,3.79612184e-07,3.2819772499999994e-07,7.07736811e-07,1.69655884e-07,2.51672989e-06,85.8774091,47.835411799999996,3.21801564e-10,9.206658299999999,0.00139205837,0.09406169439999999,2.54718866e-06,4.6765977e-07,0.00139976509,0.0952619641,2.54718866e-06,4.6765977e-07,0.0008436209910000001,0.035480431800000004,2.54718866e-06,4.6765977e-07,0.0012717764100000002,0.0785071378,2.54718866e-06,4.6765977e-07,2.445998787879944
113,1678839000,1.90319065e-05,1.9031909500000003e-05,-0.0080071828,0.0296706381,0.018225919400000002,0.0034783236599999997,0.00715644439,0.005583889809999999,1.44970876e-06,1.3544744999999999e-05,5.372377630000001,17.3,1.0564159300000001e-06,1.5745768299999997e-06,9.93173843e-07,7.474848330000001e-07,5.639002009999999e-07,4.4730896300000005e-07,3.76450025e-07,3.30426243e-07,7.391023649999999e-07,1.71229964e-07,2.51584629e-06,85.5344759,47.5601091,3.27800915e-10,9.2038697,0.00141319799,0.0978698541,2.2665741199999998e-06,4.1559985999999996e-07,0.0014090833099999998,0.0957742066,2.2665741199999998e-06,4.1559985999999996e-07,0.0008222715219999999,0.033137910000000007,2.2665741199999998e-06,4.1559985999999996e-07,0.0012858524,0.08058500440000001,2.2665741199999998e-06,4.1559985999999996e-07,2.44602575302124
113,1678839600,1.90036955e-05,1.90036979e-05,-0.0043200482800000006,-0.00603221116,0.017838522699999998,0.0034790615999999996,0.007181133000000001,0.00558961504,1.3621444200000003e-06,1.2599572199999999e-05,5.346153859999999,16.1,1.10701134e-06,1.52016985e-06,1.003747016e-06,7.30802334e-07,5.59535523e-07,4.516602219999999e-07,3.860353569999999e-07,3.3224990400000005e-07,7.2871827e-07,1.7114273900000002e-07,2.5107119e-06,85.5265496,47.4985171,3.2712896400000003e-10,9.2033533,0.00143007661,0.1001925435,2.6320483e-06,4.63098484e-07,0.00137487351,0.0921515163,2.6320483e-06,4.63098484e-07,0.000853204118,0.0361179763,2.6320483e-06,4.63098484e-07,0.00128647748,0.07991045900000002,2.6320483e-06,4.63098484e-07,2.446030592918396
113,1678840200,2.2524955600000002e-05,2.2524958599999997e-05,-0.0017007598500000005,1.6007169059000002,0.025924102900000003,0.00363624579,0.0074754575,0.00575892827,6.155428160000001e-06,4.7233623000000004e-05,7.372377700000001,41.9,1.15250007e-06,1.6442193699999998e-06,1.094228079e-06,1.5513407359999998e-06,9.296564779999999e-07,5.662741579999999e-07,4.686820649999999e-07,3.6320492600000005e-07,7.749309649999999e-07,1.67531792e-07,2.5498731900000003e-06,83.60116710000001,45.2368181,4.2081461800000003e-10,9.17767415,0.00155619779,0.15758552139999998,2.85508059e-06,4.81824086e-07,0.00144472152,0.11418106810000002,2.85508059e-06,4.81824086e-07,0.0008539440419999999,0.0364828643,2.85508059e-06,4.81824086e-07,0.0013291246199999998,0.0865554585,2.85508059e-06,4.81824086e-07,2.446164679527283
113,1678840800,1.9645570799999998e-05,1.9645572399999997e-05,0.010655928229999998,0.2914708549599999,0.0199353046,0.0035148796400000003,0.0072286343,0.00562127803,2.09521121e-06,1.8232371500000004e-05,6.02097896,22.1,1.13449578e-06,1.6115074099999997e-06,1.0376894319999996e-06,7.794806660000001e-07,5.917892270000001e-07,4.755043609999999e-07,3.7091664699999995e-07,3.3555000299999997e-07,7.58428211e-07,1.7064186e-07,2.5567367200000002e-06,85.20207689999998,47.1002093,3.42577336e-10,9.1987919,0.00143602188,0.10540255800000001,2.55981123e-06,4.84202309e-07,0.0014048136799999999,0.0975910817,2.55981123e-06,4.84202309e-07,0.000874918263,0.0377827578,2.55981123e-06,4.84202309e-07,0.0012983237199999998,0.082165125,2.55981123e-06,4.84202309e-07,2.446036767959595
113,1678841400,2.66664394e-05,2.6666444099999998e-05,-0.0109612203,3.2168507784000004,0.029773358200000006,0.0037277103299999995,0.007651376709999999,0.00586456006,1.4907972479999999e-05,0.00014955734014999997,8.25699291,40.8,1.17725596e-06,1.61186449e-06,1.104477227e-06,2.5442175730000002e-06,1.5824219870000001e-06,7.675632210000001e-07,5.758411920000001e-07,4.02389293e-07,8.328650879999999e-07,1.6840733199999997e-07,2.5658900500000004e-06,82.7785421,44.726059299999996,5.39509814e-10,9.16168715,0.0016304166499999998,0.24185879300000002,2.80497324e-06,4.829565060000001e-07,0.001479506,0.126563109,2.80497324e-06,4.829565060000001e-07,0.000877248397,0.038186505899999994,2.80497324e-06,4.829565060000001e-07,0.0013143169,0.084741429,2.80497324e-06,4.829565060000001e-07,2.4461010932922362
113,1678842000,1.9806033099999998e-05,1.98060355e-05,0.012144797499999995,0.2591832827,0.0200247221,0.0035330944999999994,0.00728328349,0.005651058120000001,2.1453663999999995e-06,1.9515957250000002e-05,6.03146848,23.0,1.19152484e-06,1.58274832e-06,1.06929699e-06,8.311132409999999e-07,5.7057409e-07,4.69801167e-07,3.9140234399999995e-07,3.3979333500000003e-07,7.42675555e-07,1.7123076900000002e-07,2.54281618e-06,84.90527339999998,46.5299277,3.47139394e-10,9.19659415,0.00143588205,0.103950472,2.4066087499999997e-06,4.4608464100000003e-07,0.00142873121,0.10168766630000001,2.4066087499999997e-06,4.4608464100000003e-07,0.000844286659,0.03565770309999999,2.4066087499999997e-06,4.4608464100000003e-07,0.0013266865,0.085843827,2.4066087499999997e-06,4.4608464100000003e-07,2.4460768938064574
113,1678842600,1.90602255e-05,1.9060227599999998e-05,-0.00441063385,-0.013684548700000002,0.0175596093,0.0034848416899999997,0.007186890369999999,0.00561159818,1.27844841e-06,1.2000398749999998e-05,5.39685312,14.5,1.135352854e-06,1.5774400400000003e-06,9.62575997e-07,7.522671870000001e-07,5.26383166e-07,4.56747308e-07,3.891708739999999e-07,3.31054927e-07,7.17923279e-07,1.70700186e-07,2.5104737e-06,85.36651950000001,47.2343894,3.29469233e-10,9.2017034,0.0014199237200000002,0.0976653789,2.98700363e-06,4.93752287e-07,0.00138894197,0.09350151150000001,2.98700363e-06,4.93752287e-07,0.000856991949,0.037035196000000006,2.98700363e-06,4.93752287e-07,0.00130284778,0.08242093859999998,2.98700363e-06,4.93752287e-07,2.4459792613983153
113,1678843200,2.16563586e-05,2.16563608e-05,0.0001106650699999984,1.6506724221700004,0.025133204000000003,0.0036218318000000005,0.007416435589999999,0.00576249443,4.75584774e-06,4.173159415e-05,7.1153846099999996,42.1,1.2064881399999998e-06,1.67817064e-06,1.19900444e-06,1.2239158029999999e-06,6.90602425e-07,5.29258635e-07,4.13221368e-07,3.52546213e-07,7.9576411e-07,1.7482533100000001e-07,2.5643581299999995e-06,83.88624800000001,45.019742,3.94276813e-10,9.182507,0.0015007769599999997,0.13212231659999998,2.4793358000000004e-06,4.60715746e-07,0.00144715165,0.11133733450000001,2.4793358000000004e-06,4.60715746e-07,0.0008576625570000001,0.0364405441,2.4793358000000004e-06,4.60715746e-07,0.0013595590899999998,0.09179268650000001,2.4793358000000004e-06,4.60715746e-07,2.446078634262085
113,1678843800,2.04715232e-05,2.04715267e-05,-0.006701703721000001,0.669991825685,0.020225151400000002,0.0035491419100000003,0.007281976569999999,0.005667223670000001,3.33473092e-06,3.0186549550000004e-05,6.42307696,26.2,1.1229316199999998e-06,1.5984107500000003e-06,9.79199339e-07,1.0943286809999998e-06,7.35959538e-07,4.946945449999999e-07,4.07627767e-07,3.4932345400000004e-07,7.43961977e-07,1.7056905100000002e-07,2.5386995100000005e-06,84.64160920000002,46.405885500000004,3.6547712500000003e-10,9.1916814,0.00147763081,0.12523848640000002,2.77461491e-06,4.7034010800000004e-07,0.0014132831200000002,0.100144755,2.77461491e-06,4.7034010800000004e-07,0.0008390377069999999,0.035083107999999995,2.77461491e-06,4.7034010800000004e-07,0.0013106095699999998,0.0832336904,2.77461491e-06,4.7034010800000004e-07,2.446046471595764
113,1678844400,2.23854577e-05,2.2385461600000004e-05,0.0022484007500000007,3.81714696895,0.025753010399999998,0.00356912318,0.00729711799,0.0056680488299999995,9.100862370000001e-06,8.92157058e-05,6.4597902000000005,31.1,1.0868292839999998e-06,1.57137145e-06,9.9874084e-07,1.8839808290000003e-06,9.18426638e-07,5.05328911e-07,4.374139200000001e-07,3.44141886e-07,7.53512838e-07,1.6971837499999997e-07,2.52324861e-06,84.24866550000002,45.9927174,4.23651737e-10,9.1812711,0.00150963317,0.16939483049999998,2.99801524e-06,4.93578293e-07,0.00142462895,0.11047962820000001,2.99801524e-06,4.93578293e-07,0.000869855583,0.0377492609,2.99801524e-06,4.93578293e-07,0.0012726428099999998,0.07827302259999999,2.99801524e-06,4.93578293e-07,2.4460363388061523
113,1678845000,1.8958965100000002e-05,1.8958968000000002e-05,-0.0028949605030000004,0.013373532200000001,0.0188759479,0.00347255897,0.00712799827,0.00557013963,1.29653401e-06,1.16094083e-05,5.596153809999999,14.8,1.0872015499999998e-06,1.6008044700000001e-06,9.886792040000001e-07,7.00596797e-07,5.45318789e-07,4.3992786699999993e-07,3.8288539700000004e-07,3.19692454e-07,7.30768516e-07,1.70750382e-07,2.51282336e-06,85.618545,47.4878922,3.26851525e-10,9.204047450000001,0.0014066211000000003,0.095920319,2.88836999e-06,4.791019950000001e-07,0.0013843318,0.0935372451,2.88836999e-06,4.791019950000001e-07,0.00083704131,0.035308721099999996,2.88836999e-06,4.791019950000001e-07,0.0013011282399999998,0.081935845,2.88836999e-06,4.791019950000001e-07,2.446008014678955
113,1678845600,1.9777315499999997e-05,1.9777321799999998e-05,0.006053603899999999,0.3056130572,0.0207798734,0.00352081493,0.00726431127,0.00562792176,2.27762903e-06,1.977739945e-05,6.34615389,27.6,1.09224791e-06,1.57394228e-06,1.06131674e-06,8.21587888e-07,6.2911812e-07,4.93255536e-07,4.0459722599999995e-07,3.4284888400000006e-07,7.823319339999999e-07,1.7295140899999997e-07,2.5144280199999996e-06,84.6784955,46.7005463,3.45343382e-10,9.195935599999999,0.0014555378099999998,0.1075903445,2.6180359099999998e-06,4.768001869999999e-07,0.0014053484299999999,0.09957440520000001,2.6180359099999998e-06,4.768001869999999e-07,0.000843373576,0.03601523699999999,2.6180359099999998e-06,4.768001869999999e-07,0.00128895978,0.08101763370000001,2.6180359099999998e-06,4.768001869999999e-07,2.445989751815796
113,1678846200,1.90251895e-05,1.90251964e-05,-0.0171390913,0.00913262026,0.0177150958,0.00347999556,0.00715418511,0.00556319105,1.27555271e-06,1.17176538e-05,5.5034963900000005,15.0,1.10970352e-06,1.5436345199999996e-06,1.02343036e-06,7.53018876e-07,5.39853502e-07,4.5298736399999995e-07,3.7708795300000004e-07,3.2276947899999993e-07,7.164938419999999e-07,1.71349952e-07,2.50221102e-06,85.47968360000002,47.254613400000004,3.29376672e-10,9.2024445,0.0014265827300000001,0.099167232,2.6586318100000002e-06,4.53111677e-07,0.0013954217200000001,0.0948896064,2.6586318100000002e-06,4.53111677e-07,0.0008443001069999999,0.035108786399999994,2.6586318100000002e-06,4.53111677e-07,0.0012996148,0.08120646499999999,2.6586318100000002e-06,4.53111677e-07,2.446006655693054
113,1678846800,1.89785241e-05,1.8978533199999998e-05,0.01060064554,0.0066227101,0.018240900799999998,0.0034730140300000003,0.0071801233300000005,0.005588084409999999,1.35336579e-06,1.1963366649999997e-05,5.358391620000001,14.7,1.0384990100000003e-06,1.5892734499999998e-06,9.9784732e-07,7.16512472e-07,5.50997611e-07,4.53873747e-07,3.87549968e-07,3.2407562899999995e-07,7.32570589e-07,1.71288979e-07,2.5267001300000006e-06,85.5779306,47.7118305,3.25977088e-10,9.205565199999999,0.00141229105,0.0969495021,2.1919720600000002e-06,4.0147517999999995e-07,0.0013944631400000002,0.0942453614,2.1919720600000002e-06,4.0147517999999995e-07,0.000824940309,0.03326276560000001,2.1919720600000002e-06,4.0147517999999995e-07,0.0013008396,0.08153826800000001,2.1919720600000002e-06,4.0147517999999995e-07,2.4460161447525026
113,1678847400,1.9068731e-05,1.90687344e-05,-0.00794768955,0.0007719326399999991,0.0181297137,0.0034847958899999996,0.007159067699999999,0.0056013962899999995,1.2986032300000002e-06,1.166904595e-05,5.4825174400000005,15.8,1.1305933499999998e-06,1.6281157e-06,1.009301347e-06,7.0003314e-07,5.30571475e-07,4.6136229e-07,3.6521507599999996e-07,3.18904945e-07,6.98859927e-07,1.72178376e-07,2.51917143e-06,85.621494,47.2258098,3.3068775900000003e-10,9.2023184,0.00141613734,0.096950158,2.8792251299999998e-06,4.7908038e-07,0.0014084971199999998,0.09557463,2.8792251299999998e-06,4.7908038e-07,0.0008563456040000001,0.036398519500000004,2.8792251299999998e-06,4.7908038e-07,0.0013143799100000003,0.08394329000000002,2.8792251299999998e-06,4.7908038e-07,2.446061682701111
113,1678848000,1.87613956e-05,1.87613985e-05,0.003904768709999999,0.0055244293399999995,0.0174953061,0.0034532842600000003,0.0071179439,0.00554274742,1.3205312299999999e-06,1.2144127400000001e-05,5.232517419999999,14.6,1.06683751e-06,1.58946061e-06,9.465749449999999e-07,6.96754526e-07,5.29559375e-07,4.41276368e-07,3.7662339399999997e-07,3.2281824599999997e-07,7.27780957e-07,1.6984768299999996e-07,2.51313961e-06,85.7241695,47.8159698,3.2108020699999996e-10,9.206965,0.0013909531600000001,0.09408779440000001,2.3945208599999996e-06,4.3777224499999997e-07,0.0013793585100000001,0.09251431759999999,2.3945208599999996e-06,4.3777224499999997e-07,0.000820279671,0.0335929323,2.3945208599999996e-06,4.3777224499999997e-07,0.0012963528700000002,0.08129448310000001,2.3945208599999996e-06,4.3777224499999997e-07,2.4460567474365233
113,1678848600,1.9597774e-05,1.95977795e-05,0.004723880226400001,0.18175120454,0.020932841799999997,0.00351654772,0.0072498968600000005,0.00564404315,2.1435284100000002e-06,1.9143757450000003e-05,6.041958039999999,28.2,1.10689189e-06,1.57361378e-06,1.005871808e-06,7.386754019999999e-07,5.64419627e-07,5.369203529999999e-07,4.70081429e-07,3.54377512e-07,7.55401076e-07,1.6650054599999998e-07,2.5260268000000003e-06,85.04609560000002,47.059736099999995,3.4098448599999996e-10,9.19942745,0.0014428814100000001,0.105587815,2.68533173e-06,4.717995770000001e-07,0.00137657784,0.09401471139999999,2.68533173e-06,4.717995770000001e-07,0.0008470886889999999,0.03557581490000001,2.68533173e-06,4.717995770000001e-07,0.0012998747400000002,0.08203844939999999,2.68533173e-06,4.717995770000001e-07,2.4460307121276856
113,1678849200,1.8656136e-05,1.8656140799999998e-05,-0.008010033099999998,0.00269595151,0.018262433700000004,0.0034465063000000003,0.00708363194,0.00552305411,1.2538008700000002e-06,1.116267225e-05,5.23426571,14.2,1.08845626e-06,1.5185142699999998e-06,9.73232646e-07,6.946790729999999e-07,5.37525775e-07,4.3512333e-07,3.6100761899999997e-07,3.2192116700000006e-07,7.15034392e-07,1.70768369e-07,2.51178519e-06,85.861581,47.96788190000001,3.19310149e-10,9.2067688,0.0014078305999999999,0.09568124659999999,2.6998496899999996e-06,4.54002889e-07,0.00135853679,0.08990119299999999,2.6998496899999996e-06,4.54002889e-07,0.000838338875,0.0347072385,2.6998496899999996e-06,4.54002889e-07,0.00128446385,0.08000676599999999,2.6998496899999996e-06,4.54002889e-07,2.4460522651672365
113,1678849800,1.92186994e-05,1.9218701699999997e-05,-0.00279601167,0.0773346872,0.018810303000000004,0.00349061273,0.007201809470000001,0.00561055641,1.47301027e-06,1.3163455150000001e-05,5.5332168,18.9,1.08821805e-06,1.5379560299999997e-06,9.987340259999998e-07,7.775399669999999e-07,5.82642458e-07,4.7166383999999993e-07,3.928434960000001e-07,3.35942741e-07,7.40058305e-07,1.67965622e-07,2.5157643200000003e-06,85.31773180000002,47.319295,3.31575949e-10,9.2036502,0.0014373738200000002,0.1019793328,2.4798538299999998e-06,4.3057994399999994e-07,0.00139820899,0.09530384900000001,2.4798538299999998e-06,4.3057994399999994e-07,0.000831388913,0.034058666700000004,2.4798538299999998e-06,4.3057994399999994e-07,0.00128876226,0.0809956154,2.4798538299999998e-06,4.3057994399999994e-07,2.4460367441177366
113,1678850400,1.9842866400000003e-05,1.98428729e-05,-0.0018702280700000004,0.20504102239999997,0.0206535728,0.0035309806800000003,0.007293785969999999,0.00564689393,2.2675391799999997e-06,2.05781192e-05,6.28321674,32.2,1.1135418800000003e-06,1.5713308799999999e-06,1.022937803e-06,8.99770077e-07,6.41607962e-07,4.84060138e-07,3.9976339699999996e-07,3.37659247e-07,7.508107990000001e-07,1.7055698099999997e-07,2.5293489e-06,84.63967949999999,46.5509316,3.47190179e-10,9.1961233,0.00147370407,0.11172321040000002,3.1025856100000003e-06,4.92742273e-07,0.00141412622,0.0984102009,3.1025856100000003e-06,4.92742273e-07,0.000863098304,0.03686419169999999,3.1025856100000003e-06,4.92742273e-07,0.0012804480200000001,0.080350985,3.1025856100000003e-06,4.92742273e-07,2.4460027694702147
113,1678851000,1.9611181600000004e-05,1.96111856e-05,0.009289305729999999,0.40876744244,0.01983227,0.0035003812499999993,0.00723015682,0.00560450564,2.55748683e-06,2.13311461e-05,5.72727276,25.3,1.068892394e-06,1.55550843e-06,1.026594549e-06,9.343743779999999e-07,6.06873912e-07,4.6454003899999993e-07,3.87884818e-07,3.41455656e-07,7.21190326e-07,1.7316244799999998e-07,2.52506645e-06,85.14687849999999,47.0710799,3.43096316e-10,9.19904785,0.00144949238,0.10987044490000002,2.5718537300000004e-06,4.4377546900000005e-07,0.00140964035,0.0999288245,2.5718537300000004e-06,4.4377546900000005e-07,0.000823674254,0.0337389519,2.5718537300000004e-06,4.4377546900000005e-07,0.00127554164,0.079034774,2.5718537300000004e-06,4.4377546900000005e-07,2.4459863185882567
113,1678851600,1.92349275e-05,1.92349292e-05,0.0029083986699999995,0.021627248577999997,0.018356716399999997,0.0034953924699999994,0.00722839135,0.00562275569,1.4895513200000001e-06,1.38522687e-05,5.596153889999999,16.0,1.1332198099999999e-06,1.5371983800000001e-06,1.040854944e-06,7.66551139e-07,5.57396838e-07,4.6498616200000004e-07,3.7825155499999997e-07,3.30559076e-07,7.242796879999999e-07,1.7009767100000002e-07,2.5140027e-06,85.2757344,47.0865995,3.3321043900000003e-10,9.200394450000001,0.00142013463,0.0997110561,3.15280749e-06,5.083123220000001e-07,0.0014211418699999999,0.0978502406,3.15280749e-06,5.083123220000001e-07,0.000865631209,0.0372957532,3.15280749e-06,5.083123220000001e-07,0.0012718606099999998,0.07905185890000001,3.15280749e-06,5.083123220000001e-07,2.446112847328186
113,1678852200,1.99478017e-05,1.99478081e-05,0.0013795541999999995,0.23963566679999998,0.020496160200000002,0.0035355990599999997,0.0073006385100000005,0.00566866261,2.2890797e-06,2.0749415099999998e-05,6.30244766,29.3,1.1030794260000002e-06,1.51684845e-06,1.0837662350000001e-06,9.62108154e-07,6.323623590000001e-07,4.839368929999998e-07,4.02745631e-07,3.43123613e-07,7.549756319999999e-07,1.71947291e-07,2.51897358e-06,84.7245755,46.5474919,3.4992868400000004e-10,9.195218,0.0014878602899999998,0.1143404689,2.5108900600000003e-06,4.547303980000001e-07,0.0014303020999999999,0.1019677837,2.5108900600000003e-06,4.547303980000001e-07,0.000831943215,0.034864358899999996,2.5108900600000003e-06,4.547303980000001e-07,0.00128135236,0.07951835089999999,2.5108900600000003e-06,4.547303980000001e-07,2.446005845069885
113,1678852800,1.9139525500000002e-05,1.9139526600000003e-05,0.002350182870000001,0.15154737500600002,0.0194548819,0.00347926181,0.007180071569999999,0.0055739493299999995,1.7706772199999998e-06,1.66448629e-05,5.491258709999999,20.8,1.09520527e-06,1.5443069500000002e-06,9.78573823e-07,7.88168742e-07,5.78072881e-07,4.5175640100000004e-07,3.8545477599999996e-07,3.29379987e-07,7.266751509999998e-07,1.7432726000000001e-07,2.5178099399999995e-06,85.4886964,47.4934285,3.3030799100000006e-10,9.2027501,0.00142594378,0.1022006124,2.54595307e-06,4.46625928e-07,0.00138867581,0.0942775906,2.54595307e-06,4.46625928e-07,0.0008277953000000001,0.034295442800000006,2.54595307e-06,4.46625928e-07,0.0012908781900000002,0.0807111644,2.54595307e-06,4.46625928e-07,2.446006727218628
113,1678853400,2.01433062e-05,2.01433112e-05,-0.004365598949999998,0.28801884904999997,0.020628351899999998,0.00355565268,0.00732335744,0.005693212259999999,2.3853930999999996e-06,2.02222406e-05,6.725524350000001,28.9,1.0978537999999998e-06,1.54548079e-06,1.0453739450000002e-06,9.188305939999999e-07,6.5158451e-07,5.0116681e-07,4.69661435e-07,3.6310808399999996e-07,7.760431200000001e-07,1.70430768e-07,2.53209415e-06,84.4989085,46.435461600000004,3.5362900600000006e-10,9.193700250000001,0.00149994792,0.11544991289999999,2.80757348e-06,4.56953745e-07,0.0014040071599999999,0.09937475500000001,2.80757348e-06,4.56953745e-07,0.000838990119,0.035255406100000004,2.80757348e-06,4.56953745e-07,0.0012908352899999999,0.0816393105,2.80757348e-06,4.56953745e-07,2.446064901351929
113,1678854000,2.0456920599999998e-05,2.04569256e-05,-0.0070296893,0.3818879745,0.0214414645,0.0035804542099999994,0.00736177379,0.00571791831,2.94003269e-06,2.732863575e-05,6.9300700200000005,37.6,1.0890915600000002e-06,1.5473875899999997e-06,1.14576006e-06,9.172609929999999e-07,7.329147360000001e-07,5.07082634e-07,4.69298926e-07,3.64748111e-07,7.449903629999999e-07,1.6966238300000001e-07,2.54020588e-06,84.0701626,45.9310378,3.60729815e-10,9.1903231,0.00151734603,0.1202174785,2.7686897600000004e-06,4.42451436e-07,0.0014228414099999999,0.1025573344,2.7686897600000004e-06,4.42451436e-07,0.0008348148830000001,0.034301108399999995,2.7686897600000004e-06,4.42451436e-07,0.0012988589300000001,0.08229862760000001,2.7686897600000004e-06,4.42451436e-07,2.446021890640259
113,1678854600,2.0994997899999998e-05,2.09950023e-05,0.00026508368160000023,0.8289100839,0.0237135364,0.0035961446,0.00741160968,0.005743658319999999,3.5999248799999997e-06,3.102725195e-05,6.95279733,37.1,1.0355240960000002e-06,1.55741877e-06,1.1107453170000002e-06,1.219544242e-06,7.203173289999999e-07,5.446249900000001e-07,4.495939010000001e-07,3.77745216e-07,7.801855590000001e-07,1.69240778e-07,2.5324857699999997e-06,83.9145169,45.8422477,3.7545785699999996e-10,9.186607,0.0015520334900000002,0.1350769737,2.6506062e-06,4.38747274e-07,0.0014431886,0.10522407410000001,2.6506062e-06,4.38747274e-07,0.0008330285380000002,0.0340959793,2.6506062e-06,4.38747274e-07,0.00128303869,0.0793090496,2.6506062e-06,4.38747274e-07,2.4460567951202394
113,1678855200,2.1058672400000002e-05,2.10586761e-05,-0.0284219858,0.6773085889,0.0239685011,0.00360851963,0.007419795380000001,0.00574242126,3.5919797199999998e-06,3.0187704349999997e-05,7.575174679999999,44.6,1.068309816e-06,1.53892437e-06,1.2502069700000002e-06,1.1516001189999998e-06,7.12070724e-07,5.29445671e-07,4.2531070799999996e-07,3.68294861e-07,7.755248679999999e-07,1.71750092e-07,2.53786278e-06,83.653201,45.399698199999996,3.75841636e-10,9.18515845,0.0015470273199999999,0.1296918706,2.6947189700000002e-06,4.5570394399999994e-07,0.00147070088,0.1120351096,2.6947189700000002e-06,4.5570394399999994e-07,0.000838097707,0.034799508199999996,2.6947189700000002e-06,4.5570394399999994e-07,0.00128902396,0.08022846750000001,2.6947189700000002e-06,4.5570394399999994e-07,2.44606409072876
113,1678855800,1.9471358e-05,1.94713634e-05,-0.0008244502100000003,0.5580810412000001,0.0217275419,0.00349180812,0.00719077577,0.0055811525,2.47435161e-06,2.40812281e-05,5.99650339,26.8,1.07871459e-06,1.5398036000000002e-06,1.0795977419999999e-06,8.722617930000001e-07,5.84065387e-07,4.4690841200000003e-07,3.8320118999999997e-07,3.37801153e-07,7.283948860000001e-07,1.6910413700000002e-07,2.51579648e-06,85.0706899,46.9264007,3.39451648e-10,9.198968,0.0014518068200000001,0.110004189,2.5600535e-06,4.42855447e-07,0.0013938000100000001,0.09645560859999999,2.5600535e-06,4.42855447e-07,0.0008463396850000001,0.0355428711,2.5600535e-06,4.42855447e-07,0.00127715643,0.0795182601,2.5600535e-06,4.42855447e-07,2.446052098274231
113,1678856400,1.92038076e-05,1.92038118e-05,0.00484308714,0.08139489479999999,0.0193105724,0.0034904548,0.0071867951499999996,0.005613916379999999,1.6724258099999999e-06,1.57308039e-05,5.65209789,21.6,1.0940942839999998e-06,1.5456823099999999e-06,1.005670624e-06,7.821760520000001e-07,5.71271705e-07,4.6502811599999997e-07,3.8131941499999997e-07,3.3871151199999997e-07,7.173709579999999e-07,1.7088048800000003e-07,2.5296504799999996e-06,85.31168,47.370975699999995,3.3187906100000004e-10,9.2027973,0.0014237915299999998,0.10070430859999999,2.66511754e-06,4.6726362e-07,0.00140151412,0.096643654,2.66511754e-06,4.6726362e-07,0.0008516769759999999,0.0361122433,2.66511754e-06,4.6726362e-07,0.00127033321,0.07846631699999998,2.66511754e-06,4.6726362e-07,2.44612774848938
113,1678857000,1.95456933e-05,1.95456966e-05,0.00856395992,0.16418235464999997,0.0206249298,0.0035171475299999996,0.007240157979999999,0.0056324470000000005,2.0327091800000003e-06,1.99491987e-05,5.89335671,26.4,1.0870795970000001e-06,1.56770819e-06,1.046277225e-06,8.214156940000001e-07,5.913905400000001e-07,4.98751367e-07,3.9862215200000003e-07,3.43964947e-07,7.23667164e-07,1.7394979099999998e-07,2.51995946e-06,84.903975,46.8262646,3.3946259600000006e-10,9.198081400000001,0.0014588647,0.10658620700000002,2.51369973e-06,4.4631782500000004e-07,0.0014155961699999998,0.09881770640000001,2.51369973e-06,4.4631782500000004e-07,0.0008418133289999999,0.03516157809999999,2.51369973e-06,4.4631782500000004e-07,0.0012763776999999998,0.07905470249999999,2.51369973e-06,4.4631782500000004e-07,2.4460850238800047
113,1678857600,2.0461066099999998e-05,2.0461073e-05,0.013578066760000002,0.63365453997,0.0232495622,0.003559416679999999,0.007328979869999999,0.00568166824,3.48691198e-06,3.096099440000001e-05,6.664335720000001,40.0,1.0988872e-06,1.5347935299999997e-06,1.1802109939999998e-06,1.004177283e-06,6.57576352e-07,4.987927780000001e-07,4.1273719100000006e-07,3.5151792000000004e-07,7.823378049999999e-07,1.70660881e-07,2.53883593e-06,84.2800608,46.1435958,3.6195894300000003e-10,9.191636300000003,0.0014865405099999999,0.119158308,2.49861714e-06,4.4951618799999995e-07,0.00144324395,0.1069675916,2.49861714e-06,4.4951618799999995e-07,0.0008442795229999999,0.035147391900000005,2.49861714e-06,4.4951618799999995e-07,0.001284281,0.0804340581,2.49861714e-06,4.4951618799999995e-07,2.4460633516311647
113,1678858200,1.9861190100000003e-05,1.98611938e-05,-0.007082609449999999,0.18641999899999998,0.019786442900000003,0.0035322920699999995,0.00726489468,0.00565620444,2.14263496e-06,1.79652875e-05,6.447552479999999,25.7,1.0618529699999998e-06,1.4986219699999998e-06,1.02479115e-06,8.22407155e-07,6.1825252e-07,5.737680950000001e-07,4.979808880000001e-07,3.8366718399999994e-07,7.653471910000001e-07,1.7186663299999998e-07,2.5120149999999996e-06,84.7552255,47.0032293,3.47015439e-10,9.1964542,0.00148594266,0.113170854,2.33887585e-06,4.32163907e-07,0.0014012840900000001,0.0959850476,2.33887585e-06,4.32163907e-07,0.0008263139610000001,0.0335717291,2.33887585e-06,4.32163907e-07,0.00127220155,0.0783159475,2.33887585e-06,4.32163907e-07,2.4460412502288817
113,1678858800,1.93940326e-05,1.93940375e-05,0.005726065379999999,0.31577018739999996,0.0207579338,0.00349137016,0.007186102769999999,0.00558575288,2.36354675e-06,2.184872825e-05,5.86538461,26.1,1.06939853e-06,1.52877656e-06,1.0664361069999999e-06,8.82199217e-07,5.82167655e-07,4.52427751e-07,3.77537028e-07,3.23179088e-07,7.27407038e-07,1.7073210499999998e-07,2.51672306e-06,85.1225437,47.0608127,3.37028964e-10,9.2006602,0.0014360464600000002,0.10500304249999999,2.82271326e-06,4.7338859000000005e-07,0.00140406901,0.0995396518,2.82271326e-06,4.7338859000000005e-07,0.000833345943,0.03463797720000001,2.82271326e-06,4.7338859000000005e-07,0.00126551756,0.0791020248,2.82271326e-06,4.7338859000000005e-07,2.4459492206573485
113,1678859400,1.88352054e-05,1.88352088e-05,0.007762463556999999,0.01811704073,0.0184269183,0.0034604125999999997,0.007140943550000001,0.00555022914,1.34089471e-06,1.28308718e-05,5.35664323,15.5,1.0737378499999999e-06,1.56017733e-06,9.98678633e-07,6.9889524e-07,5.454191209999999e-07,4.4675896099999995e-07,3.597564759999999e-07,3.3092556900000003e-07,7.27716633e-07,1.7165712599999997e-07,2.50384319e-06,85.538668,47.6087923,3.2377398199999994e-10,9.20480715,0.0014074291800000001,0.0966305975,2.54933091e-06,4.46041817e-07,0.00140133983,0.094799579,2.54933091e-06,4.46041817e-07,0.000851279801,0.0354955386,2.54933091e-06,4.46041817e-07,0.0012694392,0.07832859730000001,2.54933091e-06,4.46041817e-07,2.4460464000701903
113,1678860000,1.9679840200000004e-05,1.96798474e-05,0.0004257658600000002,0.30111631317,0.0207618682,0.0035121888999999997,0.007217392760000001,0.005620500989999999,2.4712338800000002e-06,2.2638957199999997e-05,6.17307694,26.7,1.0525068400000001e-06,1.5200499199999999e-06,1.087023986e-06,9.517182329999999e-07,6.079676480000001e-07,4.66408667e-07,3.9077344200000004e-07,3.40357766e-07,7.31651638e-07,1.7137629e-07,2.5200366300000005e-06,84.90823470000001,46.9786758,3.43775706e-10,9.19845075,0.00146632032,0.1104033683,2.3418760999999997e-06,4.2797467399999995e-07,0.0014291023,0.10393234230000001,2.3418760999999997e-06,4.2797467399999995e-07,0.0008316730369999999,0.03385906029999999,2.3418760999999997e-06,4.2797467399999995e-07,0.00127186132,0.07784836369999999,2.3418760999999997e-06,4.2797467399999995e-07,2.445982813835144
113,1678860600,1.92945811e-05,1.9294587100000003e-05,-0.013766893940999999,0.0537320914,0.0177514685,0.00349567669,0.0072059267199999985,0.005613540320000001,1.61758012e-06,1.4720756300000001e-05,5.7237762100000005,20.2,1.054980793e-06,1.5484556100000002e-06,1.02721216e-06,7.892762209999999e-07,6.101165789999999e-07,4.50357026e-07,4.0056693899999995e-07,3.3319797899999997e-07,7.39888064e-07,1.73110286e-07,2.5201090299999997e-06,85.2116419,47.293661099999994,3.3300775700000004e-10,9.2020879,0.0014438677799999999,0.104125143,2.8394430499999995e-06,4.56751588e-07,0.00140206812,0.0961818331,2.8394430499999995e-06,4.56751588e-07,0.0008210645719999999,0.033807874,2.8394430499999995e-06,4.56751588e-07,0.00128035166,0.07918493780000001,2.8394430499999995e-06,4.56751588e-07,2.4459936141967775
113,1678861200,1.98561157e-05,1.9856117e-05,0.008849926700000002,0.2921951568800001,0.0215637011,0.0035361548499999998,0.007305985499999999,0.00567598133,2.4194525399999997e-06,2.2900866600000003e-05,6.183566399999999,28.2,1.113521575e-06,1.5978669199999998e-06,1.063829486e-06,8.795482860000001e-07,6.51098513e-07,4.6261282499999996e-07,4.11340292e-07,3.36787688e-07,7.26092588e-07,1.71017661e-07,2.5142880700000004e-06,84.5426385,46.21964559999999,3.48763804e-10,9.193369,0.0014755934800000001,0.111103437,2.5517063199999997e-06,4.579568550000001e-07,0.00143067565,0.1012196035,2.5517063199999997e-06,4.579568550000001e-07,0.0008544275400000001,0.0358422042,2.5517063199999997e-06,4.579568550000001e-07,0.00129834801,0.08093058189999999,2.5517063199999997e-06,4.579568550000001e-07,2.446061110496521
113,1678861800,1.9821512099999998e-05,1.9821517899999997e-05,-0.0021138786899999986,0.6452566216,0.0221210473,0.00351869096,0.007211139700000001,0.00561564217,2.9701139500000006e-06,2.802972725e-05,5.98776212,28.4,1.08784174e-06,1.5568168e-06,1.036482588e-06,9.9582864e-07,6.21827913e-07,4.831143099999999e-07,3.82191779e-07,3.39000931e-07,7.31370237e-07,1.70536424e-07,2.5056837099999996e-06,84.7460509,46.471439999999994,3.478962280000001e-10,9.195538699999998,0.00146491059,0.1146073591,2.77483311e-06,4.89250731e-07,0.00141617743,0.0996709949,2.77483311e-06,4.89250731e-07,0.0008345400289999999,0.035057102199999995,2.77483311e-06,4.89250731e-07,0.0012848904399999999,0.07989729320000001,2.77483311e-06,4.89250731e-07,2.4459622383117674
113,1678862400,1.9459196300000002e-05,1.94592005e-05,-0.004501247695,0.18994743504999997,0.020846094000000003,0.00350439029,0.00720613128,0.005605509160000001,2.0689820700000004e-06,1.88564803e-05,5.85139866,24.6,1.075938024e-06,1.52331245e-06,1.08376258e-06,8.30551914e-07,5.953474829999999e-07,4.71201275e-07,3.8436681800000004e-07,3.41378397e-07,7.186342719999999e-07,1.7203938299999998e-07,2.53299936e-06,85.061398,47.12108500000001,3.36887282e-10,9.200968300000001,0.00146758164,0.10767557389999997,2.3539958399999996e-06,4.2955398800000005e-07,0.00140527059,0.09914693729999999,2.3539958399999996e-06,4.2955398800000005e-07,0.000832930366,0.0343410107,2.3539958399999996e-06,4.2955398800000005e-07,0.0012655347799999997,0.07737395289999999,2.3539958399999996e-06,4.2955398800000005e-07,2.4460422515869142
113,1678863000,1.87609691e-05,1.8760972800000002e-05,0.016207355947999998,-0.00339244766,0.0173653229,0.0034586047099999994,0.0071651251,0.005569008120000001,1.34303029e-06,1.19656181e-05,5.15209791,14.0,1.0926603999999999e-06,1.5428164099999999e-06,9.360225830000001e-07,7.139942500000001e-07,5.6343657e-07,4.3847209599999996e-07,3.7251977000000007e-07,3.21451705e-07,7.226248900000002e-07,1.7115265099999998e-07,2.50530964e-06,85.7222111,47.846495000000004,3.21917758e-10,9.2055757,0.0014051572999999999,0.09640134149999999,2.5321223600000005e-06,4.50918507e-07,0.00135598177,0.0897792322,2.5321223600000005e-06,4.50918507e-07,0.0008450124490000001,0.0352432132,2.5321223600000005e-06,4.50918507e-07,0.00129820182,0.08177916500000001,2.5321223600000005e-06,4.50918507e-07,2.4459854125976563
113,1678863600,2.4679200700000004e-05,2.4679204899999998e-05,-0.007231971130000001,1.2467115068,0.02880632639999999,0.0038315521900000003,0.00789434743,0.00608011346,6.26838676e-06,4.957551625000001e-05,10.769230720000001,58.4,1.22428891e-06,2.24236492e-06,1.955656811e-06,1.3288461630000002e-06,7.716155969999999e-07,6.030334449999999e-07,4.1219774199999996e-07,3.55823172e-07,7.47565332e-07,1.71712683e-07,2.52644152e-06,81.5598294,41.5213535,4.79180917e-10,9.152383350000001,0.0016157515599999998,0.146150371,3.3309636399999994e-06,5.1419519e-07,0.00166763449,0.1669295626,3.3309636399999994e-06,5.1419519e-07,0.0008618109500000001,0.037217294500000005,3.3309636399999994e-06,5.1419519e-07,0.0014568809599999999,0.110115526,3.3309636399999994e-06,5.1419519e-07,2.4459821701049806
113,1678864200,2.0216465400000003e-05,2.02164685e-05,-0.006859072690000001,0.29474939359999996,0.021167855,0.00356544259,0.007368029119999999,0.00569827745,2.4001758600000004e-06,2.285786395e-05,6.66958054,28.2,1.10729302e-06,1.6451113900000002e-06,1.13212141e-06,9.05180351e-07,6.20900249e-07,5.209071729999999e-07,3.9580877300000004e-07,3.3503266199999997e-07,7.57527221e-07,1.68133329e-07,2.5201799999999995e-06,84.3642099,45.836752600000004,3.5848385800000003e-10,9.189962350000002,0.00148311296,0.11426996950000001,2.40687775e-06,4.53273127e-07,0.00142763784,0.1017504234,2.40687775e-06,4.53273127e-07,0.000841723621,0.0355830259,2.40687775e-06,4.53273127e-07,0.0013425904700000001,0.0876304486,2.40687775e-06,4.53273127e-07,2.445921802520752
113,1678864800,1.9750411400000003e-05,1.9750414999999997e-05,-0.00447440884,0.24862305606000001,0.0207481817,0.0035264470100000002,0.00727686921,0.005646242230000001,2.2014724299999997e-06,2.07928593e-05,6.10139843,27.2,1.1273306699999999e-06,1.5772555399999998e-06,1.085874061e-06,8.14976086e-07,6.29925859e-07,4.61663013e-07,3.95728813e-07,3.34488318e-07,7.44961462e-07,1.7011014100000001e-07,2.53286505e-06,84.87610499999998,46.6494775,3.45180471e-10,9.196632300000001,0.0014555729799999998,0.10695626489999999,2.58175511e-06,4.68059475e-07,0.00140862574,0.09902412399999999,2.58175511e-06,4.68059475e-07,0.000853345577,0.0361348267,2.58175511e-06,4.68059475e-07,0.0013085484299999999,0.08228670699999999,2.58175511e-06,4.68059475e-07,2.446058964729309
113,1678865400,1.90606785e-05,1.9060683999999998e-05,0.010609397030000002,0.007622672969999998,0.018176737999999998,0.0034817236800000007,0.007188997380000001,0.005589611670000001,1.38886264e-06,1.23721056e-05,5.47727282,16.9,1.0682144459999999e-06,1.5478687400000001e-06,9.719613290000002e-07,7.56798677e-07,5.956557840000001e-07,4.6233328999999995e-07,3.84042252e-07,3.26607755e-07,7.28233072e-07,1.71036257e-07,2.51756113e-06,85.4784281,47.5849825,3.2769577799999994e-10,9.2047463,0.0014351147699999999,0.10063955570000001,2.8123338e-06,4.57668507e-07,0.00137931182,0.09275467690000001,2.8123338e-06,4.57668507e-07,0.0008288645190000001,0.0341364118,2.8123338e-06,4.57668507e-07,0.0012893214699999998,0.08067222269999999,2.8123338e-06,4.57668507e-07,2.4459871530532835
113,1678866000,1.89683171e-05,1.89683214e-05,-0.0003327807200000001,-0.006370313900000001,0.018006281,0.00347612016,0.0071599905,0.00557755766,1.35891319e-06,1.206257625e-05,5.33916086,14.3,1.08817665e-06,1.52641245e-06,9.922233900000001e-07,7.175097269999999e-07,5.61647376e-07,4.6278382999999994e-07,3.8051659900000007e-07,3.3924488e-07,7.2928448e-07,1.69684744e-07,2.5166086199999993e-06,85.4445565,47.6185565,3.25584667e-10,9.2045165,0.00141899831,0.09766303759999999,2.23711197e-06,4.459486220000001e-07,0.0013891260300000002,0.0937117921,2.23711197e-06,4.459486220000001e-07,0.0008304256880000002,0.0345780971,2.23711197e-06,4.459486220000001e-07,0.0012874744100000001,0.0808513406,2.23711197e-06,4.459486220000001e-07,2.4459367752075196
113,1678866600,1.8923133499999997e-05,1.8923136e-05,-0.003891856819999999,-0.014543823019999999,0.017779692399999998,0.0034724138500000002,0.0071532889399999995,0.00557637161,1.28925621e-06,1.137265155e-05,5.31993,14.0,1.03954348e-06,1.5569428100000002e-06,9.8443897e-07,7.26786263e-07,5.629616460000002e-07,4.69800578e-07,3.9091355299999997e-07,3.2945145500000007e-07,7.19558586e-07,1.7050448399999998e-07,2.51057376e-06,85.45422599999999,47.6151168,3.2533383400000003e-10,9.204156600000001,0.0014365756300000001,0.09990683850000001,1.98861992e-06,4.1271687899999996e-07,0.00138979508,0.0931420735,1.98861992e-06,4.1271687899999996e-07,0.000811035052,0.0326105592,1.98861992e-06,4.1271687899999996e-07,0.0012735654400000001,0.08000877099999999,1.98861992e-06,4.1271687899999996e-07,2.446042227745056
113,1678867200,1.92544467e-05,1.92544508e-05,-0.00759536368,0.19712310850000003,0.019150451300000003,0.00348722276,0.0071690908,0.00557044455,1.98919554e-06,1.777832715e-05,5.695804150000001,24.3,1.0755604969999999e-06,1.5115298200000002e-06,1.0126175929999998e-06,8.177746199999999e-07,5.91536251e-07,4.5637947200000006e-07,3.9802580599999995e-07,3.4080647699999997e-07,7.32601849e-07,1.7306373600000002e-07,2.5173203999999995e-06,85.3453831,47.43602930000001,3.3326997900000005e-10,9.201495900000001,0.0014449336200000001,0.1056394434,2.7107276799999998e-06,4.7275160499999994e-07,0.00137961967,0.0942227296,2.7107276799999998e-06,4.7275160499999994e-07,0.0008606195209999998,0.03646996,2.7107276799999998e-06,4.7275160499999994e-07,0.00125935909,0.0778142654,2.7107276799999998e-06,4.7275160499999994e-07,2.4460474491119384
113,1678867800,1.97006621e-05,1.9700668e-05,0.003539157719999999,0.8302377528799998,0.0214159996,0.0035107066199999994,0.00722568294,0.0056245732,2.81653121e-06,2.6658612149999996e-05,5.96853141,24.5,1.13669474e-06,1.55567479e-06,1.02334854e-06,9.12117435e-07,5.87494967e-07,4.7194370700000003e-07,3.963009849999999e-07,3.38168515e-07,7.34196388e-07,1.6876814999999998e-07,2.52557243e-06,84.8874941,46.665058300000005,3.4447278e-10,9.1974894,0.0014462255,0.109976561,2.8356774499999995e-06,4.7406819899999993e-07,0.00140945758,0.09828942919999999,2.8356774499999995e-06,4.7406819899999993e-07,0.00084805713,0.0356346133,2.8356774499999995e-06,4.7406819899999993e-07,0.00130529988,0.0821656125,2.8356774499999995e-06,4.7406819899999993e-07,2.4460088491439818
113,1678868400,2.0783186000000003e-05,2.07831943e-05,-0.0003830698929999991,1.13760692086,0.0260648125,0.0035715706700000004,0.007345705940000001,0.00568216029,3.9468357499999995e-06,3.466800445e-05,7.173076889999999,47.6,1.1101584000000003e-06,1.5271732099999998e-06,1.1778953539999999e-06,1.0674092480000002e-06,6.63863335e-07,5.64898215e-07,4.584258599999999e-07,3.7173650100000003e-07,7.551333229999999e-07,1.69181519e-07,2.52566532e-06,84.0388978,45.6590268,3.7130506e-10,9.1869142,0.00149597496,0.12617192559999996,2.81031861e-06,4.66605806e-07,0.00143684152,0.107509842,2.81031861e-06,4.66605806e-07,0.0008589814189999999,0.0365040898,2.81031861e-06,4.66605806e-07,0.00126175999,0.07814996739999999,2.81031861e-06,4.66605806e-07,2.4459988594055178
113,1678869000,2.1365764e-05,2.13657665e-05,0.01419163967,1.85042226444,0.027224326,0.00357236743,0.007346798,0.005675780319999999,5.591288849999999e-06,5.3537366149999994e-05,6.90559439,40.9,1.0703769400000002e-06,1.51685312e-06,1.1554067099999998e-06,1.5152981349999998e-06,6.882156290000001e-07,5.27473481e-07,4.2237558199999996e-07,3.4648878099999995e-07,7.475999740000001e-07,1.72687065e-07,2.5200364000000003e-06,83.9590179,45.6419183,3.8979295900000007e-10,9.18313,0.00151706721,0.1429717084,2.6197192900000004e-06,4.47311939e-07,0.0014284385199999998,0.11094360750000001,2.6197192900000004e-06,4.47311939e-07,0.000825285181,0.033787461799999995,2.6197192900000004e-06,4.47311939e-07,0.0012878009900000001,0.0811251767,2.6197192900000004e-06,4.47311939e-07,2.4460357904434202
113,1678869600,1.9146299700000002e-05,1.91463022e-05,0.0081118942,0.03064344455,0.0177908538,0.0034887105,0.00719309769,0.00559678231,1.5048790699999999e-06,1.352657395e-05,5.70279719,17.4,1.0728828300000001e-06,1.5206063900000002e-06,9.9915342e-07,7.678276139999999e-07,6.02538929e-07,4.6630722300000004e-07,3.8261414699999996e-07,3.41911476e-07,7.280759010000001e-07,1.72205963e-07,2.5190031799999996e-06,85.477919,47.553846199999995,3.29729247e-10,9.203171199999998,0.00144389106,0.1025388508,2.4058773300000003e-06,4.20395655e-07,0.00139567517,0.0949064882,2.4058773300000003e-06,4.20395655e-07,0.000843173044,0.0346683226,2.4058773300000003e-06,4.20395655e-07,0.00126816034,0.07849240049999999,2.4058773300000003e-06,4.20395655e-07,2.445953607559204
113,1678870200,2.0844680600000002e-05,2.08446844e-05,0.008015556165999999,1.03117670841,0.023086266200000004,0.00356935632,0.007324841449999999,0.00568706161,4.02308418e-06,3.4793770899999994e-05,6.78146869,35.1,1.0528789300000001e-06,1.54907873e-06,1.18140512e-06,1.1561278269999999e-06,7.17271847e-07,5.13702032e-07,4.3937160900000006e-07,3.5386036599999997e-07,7.561390139999999e-07,1.69026469e-07,2.53339495e-06,84.0663076,45.883644399999994,3.73576687e-10,9.187650200000002,0.0015168100399999998,0.126590656,2.67949582e-06,4.5890885e-07,0.00142859739,0.1102675456,2.67949582e-06,4.5890885e-07,0.000834908954,0.0348814805,2.67949582e-06,4.5890885e-07,0.00127959583,0.0795981251,2.67949582e-06,4.5890885e-07,2.445996880531311
113,1678870800,1.9447262200000002e-05,1.9447265400000003e-05,0.0024338585199999993,0.1407644788,0.0198599442,0.0035049943899999997,0.007243960839999999,0.00564055923,1.78994016e-06,1.6281152100000003e-05,5.93706298,24.9,1.12857883e-06,1.5160635399999999e-06,1.0070274050000003e-06,8.14797733e-07,6.14603789e-07,4.79533017e-07,3.89736525e-07,3.40985675e-07,7.280737930000001e-07,1.7365705100000003e-07,2.53051379e-06,85.1169253,47.0934187,3.37173773e-10,9.2005169,0.00145245335,0.10548412700000001,3.15044785e-06,4.937573529999999e-07,0.0013923389899999999,0.09377183380000001,3.15044785e-06,4.937573529999999e-07,0.0008485224999999999,0.035980140199999996,3.15044785e-06,4.937573529999999e-07,0.00129026562,0.0812496161,3.15044785e-06,4.937573529999999e-07,2.4460138082504272
113,1678871400,2.0134216500000003e-05,2.01342214e-05,0.003073301200000001,0.19460217927,0.0214840352,0.0035640713999999995,0.00731153908,0.00568901725,2.1598077399999998e-06,1.90272721e-05,6.459790119999999,28.7,1.14099538e-06,1.54008288e-06,1.134675953e-06,8.69576912e-07,6.71523961e-07,5.04017273e-07,4.1682247600000003e-07,3.46273144e-07,7.481304930000001e-07,1.71227555e-07,2.5237558399999998e-06,84.3224886,46.046454700000005,3.53557445e-10,9.1932465,0.00150124566,0.1142290149,3.0230933400000003e-06,5.04776599e-07,0.0014380523,0.10284111309999999,3.0230933400000003e-06,5.04776599e-07,0.000864671761,0.0373423198,3.0230933400000003e-06,5.04776599e-07,0.00128435273,0.08053091990000001,3.0230933400000003e-06,5.04776599e-07,2.4459935426712036
113,1678872000,2.1035440399999998e-05,2.10354448e-05,-0.02286005806,0.9697921993499999,0.0247075743,0.0036026541699999996,0.00737761224,0.00571918873,4.3417172200000005e-06,3.99444849e-05,7.197552580000002,51.8,1.092017656e-06,1.5554683000000002e-06,1.2253760040000001e-06,1.25218825e-06,6.76652675e-07,4.858431350000001e-07,4.058490879999999e-07,3.48242924e-07,7.638776040000001e-07,1.7159745900000002e-07,2.54058994e-06,83.7637525,45.195752000000006,3.77655903e-10,9.184158200000002,0.00153349803,0.12828155400000002,2.88229202e-06,4.815785190000001e-07,0.00148541001,0.11670934959999998,2.88229202e-06,4.815785190000001e-07,0.0008375199979999999,0.0352064685,2.88229202e-06,4.815785190000001e-07,0.00126872047,0.0788745789,2.88229202e-06,4.815785190000001e-07,2.446002650260925
113,1678872600,1.9008908000000002e-05,1.90089105e-05,-0.0051322641134,0.004218932664000001,0.0176020738,0.00347579742,0.00717647099,0.00559275649,1.33621517e-06,1.1922598599999999e-05,5.59615388,16.8,1.11523871e-06,1.5191626599999999e-06,9.813762069999998e-07,7.60166411e-07,5.506541829999999e-07,4.6501492600000003e-07,3.7983811800000005e-07,3.2870118600000004e-07,7.227780790000001e-07,1.7063157399999998e-07,2.5108437500000003e-06,85.43572600000002,47.459813399999994,3.27833998e-10,9.202441799999999,0.00143118163,0.09983115299999999,2.86987064e-06,4.801541649999999e-07,0.0013767065400000001,0.092299128,2.86987064e-06,4.801541649999999e-07,0.000858368607,0.036718206399999995,2.86987064e-06,4.801541649999999e-07,0.00127169697,0.0792228294,2.86987064e-06,4.801541649999999e-07,2.4460410594940187
113,1678873200,2.04796033e-05,2.04796082e-05,-0.011355185050000001,0.5513625287469999,0.0236931069,0.00357030027,0.007351803019999999,0.0057027180500000005,2.99838382e-06,2.7190673850000002e-05,6.93881119,38.1,1.06410369e-06,1.56265456e-06,1.10867594e-06,1.0773913670000002e-06,6.89871228e-07,5.148391530000001e-07,4.1447409699999996e-07,3.46351523e-07,7.578690749999999e-07,1.70735526e-07,2.53282212e-06,84.154855,45.9871648,3.62622282e-10,9.1902632,0.00151248838,0.1230405985,2.6386009700000004e-06,4.5175616800000004e-07,0.00144443812,0.10488643639999999,2.6386009700000004e-06,4.5175616800000004e-07,0.000839390676,0.0350448765,2.6386009700000004e-06,4.5175616800000004e-07,0.0012809201,0.07985547999999999,2.6386009700000004e-06,4.5175616800000004e-07,2.4460695028305053
113,1678873800,2.0990274899999998e-05,2.09902797e-05,-0.00726343574,0.9111868679,0.023944173299999996,0.0036006732299999995,0.007443642090000001,0.0057695464100000005,3.4630978100000007e-06,2.9843948049999998e-05,7.272727229999999,39.0,1.0559630099999998e-06,1.6166866800000003e-06,1.207207793e-06,1.2266804829999999e-06,6.960119940000001e-07,4.944643350000001e-07,4.1756409800000003e-07,3.43518401e-07,7.41082564e-07,1.7021599699999998e-07,2.52568735e-06,83.8126254,45.2336705,3.76901665e-10,9.1852559,0.0015333016099999999,0.128707659,2.4480358800000002e-06,4.30755328e-07,0.00149101259,0.1152435588,2.4480358800000002e-06,4.30755328e-07,0.000831941443,0.0340263836,2.4480358800000002e-06,4.30755328e-07,0.0012919051200000003,0.0811463976,2.4480358800000002e-06,4.30755328e-07,2.4460209131240847
113,1678874400,2.1564069700000002e-05,2.1564073700000003e-05,-0.02758468918,1.3629589052,0.0253433191,0.0036362912899999995,0.007470253760000001,0.00578812636,4.4696167900000005e-06,3.97610148e-05,7.4650349999999985,43.0,1.0959156900000001e-06,1.5688611200000001e-06,1.4056035100000002e-06,1.19024055e-06,7.07312655e-07,5.428961610000001e-07,4.3081762499999995e-07,3.67118675e-07,7.63087643e-07,1.76093229e-07,2.5340561000000004e-06,83.4719995,44.8275164,3.9042400799999997e-10,9.18030525,0.00155950122,0.1322819585,2.7863763699999997e-06,4.66391283e-07,0.00149210884,0.120902123,2.7863763699999997e-06,4.66391283e-07,0.000859348648,0.036426948900000006,2.7863763699999997e-06,4.66391283e-07,0.00128979509,0.08186890059999999,2.7863763699999997e-06,4.66391283e-07,2.4460545063018797
113,1678875000,2.46857181e-05,2.4685725500000003e-05,0.016672704599999998,1.9238043840999999,0.030996086,0.00380724562,0.007825136690000001,0.00601861092,7.051189559999998e-06,5.8797732099999994e-05,10.178321700000001,60.3,1.106706509e-06,1.6262062099999999e-06,1.62858513e-06,1.949702525e-06,9.754861529999999e-07,6.16692233e-07,4.68382853e-07,3.9148957400000006e-07,8.501918100000002e-07,1.6950113899999998e-07,2.5598815e-06,81.3749801,42.3984321,4.702607519999999e-10,9.1566014,0.001717809,0.1868974765,2.9469247800000002e-06,4.88175128e-07,0.0015923534,0.14131957039999998,2.9469247800000002e-06,4.88175128e-07,0.0008505933000000001,0.0362979036,2.9469247800000002e-06,4.88175128e-07,0.0013031406,0.08298801260000001,2.9469247800000002e-06,4.88175128e-07,2.446040678024292
113,1678875600,2.2420526700000002e-05,2.24205304e-05,0.012648364749999998,1.4666150081999998,0.028462404200000003,0.00368514432,0.00755676564,0.005851057809999999,5.8441417e-06,4.911504385e-05,8.44580436,64.4,1.15077628e-06,1.5933963899999997e-06,1.40653579e-06,1.4925789140000003e-06,7.874935269999999e-07,5.21305847e-07,4.29634657e-07,3.60946683e-07,7.639547200000001e-07,1.68683037e-07,2.5348727100000004e-06,82.6461259,43.4929159,4.14003852e-10,9.1698251,0.0016006715499999997,0.147934495,2.5990026400000003e-06,4.758429550000001e-07,0.00153265899,0.12899462499999997,2.5990026400000003e-06,4.758429550000001e-07,0.00084271882,0.035878169599999996,2.5990026400000003e-06,4.758429550000001e-07,0.00131029534,0.08341287439999999,2.5990026400000003e-06,4.758429550000001e-07,2.446012282371521
113,1678876200,2.14827877e-05,2.1482795299999998e-05,-0.008356450816,0.6592831732,0.0249574968,0.0036496253299999996,0.00754691241,0.0058237257899999995,3.1411744599999998e-06,2.7733617099999996e-05,7.704545469999999,43.5,1.095936454e-06,1.68313797e-06,1.2753508100000002e-06,1.127224786e-06,7.5517104e-07,5.478989430000001e-07,4.345403860000001e-07,3.51096696e-07,7.80413217e-07,1.6949619499999996e-07,2.5210871000000005e-06,83.1535346,44.421041100000004,3.8801786499999997e-10,9.1792046,0.0015776125,0.13021998610000002,3.0771122700000004e-06,4.89488583e-07,0.0014984024699999999,0.11496980450000002,3.0771122700000004e-06,4.89488583e-07,0.0008515117479999999,0.03704976289999999,3.0771122700000004e-06,4.89488583e-07,0.0012998538799999999,0.08505460150000001,3.0771122700000004e-06,4.89488583e-07,2.446058678627014
113,1678876800,2.35200791e-05,2.35200813e-05,0.011641142109999999,1.19497942553,0.0290056339,0.00377912205,0.007737974939999999,0.005994916869999999,5.551143740000001e-06,4.8058083e-05,9.592657200000001,62.6,1.096919826e-06,1.5902857999999998e-06,1.44763405e-06,1.6573373249999998e-06,9.13752928e-07,6.187086840000001e-07,4.85779541e-07,3.876529080000001e-07,8.3221524e-07,1.7090585700000002e-07,2.5588146599999998e-06,81.7165019,42.83403609999999,4.3563395900000004e-10,9.163148799999998,0.0017037396799999996,0.1686752594,3.03652825e-06,4.914937119999999e-07,0.00157319829,0.13005550500000002,3.03652825e-06,4.914937119999999e-07,0.000839530275,0.0355697377,3.03652825e-06,4.914937119999999e-07,0.00129605723,0.0814287969,3.03652825e-06,4.914937119999999e-07,2.446059012413025
113,1678877400,2.3522172899999998e-05,2.35221755e-05,0.012025235999999998,1.3857654274000002,0.027249952100000002,0.0037237015300000003,0.007661327959999999,0.00589381853,6.759840550000001e-06,5.697669135e-05,8.82517491,59.6,1.11350221e-06,1.68326451e-06,1.55253528e-06,1.6279584770000002e-06,8.613945089999999e-07,5.799853279999999e-07,4.74113013e-07,3.7919694900000006e-07,7.706666580000001e-07,1.7269946099999998e-07,2.5456706600000003e-06,82.5702184,43.7634782,4.439512690000001e-10,9.166940799999997,0.0016286718499999998,0.1639081686,2.62499761e-06,4.4639625300000004e-07,0.0015282697800000002,0.13500524789999999,2.62499761e-06,4.4639625300000004e-07,0.0008452360860000001,0.0352032568,2.62499761e-06,4.4639625300000004e-07,0.0013230096700000001,0.0870547097,2.62499761e-06,4.4639625300000004e-07,2.4460986852645874
113,1678878000,2.02745417e-05,2.0274546299999998e-05,0.0007269595500000011,0.3066870911,0.020944742,0.0035598093500000005,0.00731263278,0.00567843569,2.42426995e-06,2.0482473400000002e-05,6.55769222,28.6,1.0753531940000002e-06,1.5014839400000001e-06,1.05424508e-06,9.502950709999999e-07,6.797346110000001e-07,5.76485745e-07,4.815788579999999e-07,3.6132209099999997e-07,7.626351999999999e-07,1.7189488200000001e-07,2.52220079e-06,84.4435278,46.605003599999996,3.5697657400000004e-10,9.1920806,0.00151128027,0.1209186385,2.44542662e-06,4.507210320000001e-07,0.00140987357,0.0984530319,2.44542662e-06,4.507210320000001e-07,0.000830834387,0.0343288482,2.44542662e-06,4.507210320000001e-07,0.00127169768,0.0793492579,2.44542662e-06,4.507210320000001e-07,2.446102666854858
113,1678878600,2.09912317e-05,2.09912368e-05,-0.003977312749999998,0.4089137621307001,0.0226827567,0.00362707699,0.0074685136,0.005809043020000001,3.12061169e-06,2.8280260599999994e-05,7.267482369999999,43.8,1.10143134e-06,1.5971417699999998e-06,1.204592555e-06,1.1283514509999998e-06,7.092258530000001e-07,5.121693920000001e-07,4.1703033e-07,3.5130719500000003e-07,7.76267676e-07,1.71328421e-07,2.52671128e-06,83.6751876,45.05466700000001,3.7447094199999994e-10,9.184662000000001,0.00155628436,0.127318374,2.5188160099999998e-06,4.4025135899999994e-07,0.00149225066,0.1120411343,2.5188160099999998e-06,4.4025135899999994e-07,0.000843051195,0.0351579459,2.5188160099999998e-06,4.4025135899999994e-07,0.0013072621599999998,0.08222753340000001,2.5188160099999998e-06,4.4025135899999994e-07,2.446044421195984
113,1678879200,1.99875907e-05,1.9987593000000002e-05,-0.00915156701,0.39295305267999997,0.021333537899999998,0.0035349772,0.00726326605,0.00564350695,2.6187031700000003e-06,2.4074721600000002e-05,6.5192306900000005,36.9,1.093591255e-06,1.5616855e-06,1.05767036e-06,9.831043100000001e-07,6.16874546e-07,4.805561919999999e-07,3.9528596599999997e-07,3.4249294600000004e-07,7.60127406e-07,1.7260424e-07,2.5297719600000003e-06,84.7727348,46.5714812,3.5042628600000004e-10,9.1958861,0.0014862424100000001,0.1146857385,2.2708373100000004e-06,4.29546325e-07,0.001420088,0.1013619375,2.2708373100000004e-06,4.29546325e-07,0.000844734076,0.0349182042,2.2708373100000004e-06,4.29546325e-07,0.00129277975,0.08105022579999999,2.2708373100000004e-06,4.29546325e-07,2.446014404296875
113,1678879800,1.96220275e-05,1.9622033600000003e-05,-0.0011294634969999996,0.33699742595,0.021442589300000002,0.0035130462400000005,0.00723552844,0.00562683021,2.15617682e-06,2.00799729e-05,5.80069928,26.6,1.09839811e-06,1.55140229e-06,9.83520658e-07,9.10994828e-07,6.25823155e-07,4.6919467000000003e-07,3.8898272900000003e-07,3.3658372e-07,7.36481112e-07,1.72305683e-07,2.53726872e-06,84.9967876,46.9355006,3.4085924000000003e-10,9.20068,0.00146427816,0.10992791639999999,2.83371103e-06,4.81880097e-07,0.00138996563,0.09507396459999999,2.83371103e-06,4.81880097e-07,0.0008649874190000001,0.036504307400000005,2.83371103e-06,4.81880097e-07,0.001287521,0.08068565059999999,2.83371103e-06,4.81880097e-07,2.4460222482681275
113,1678880400,1.997105e-05,1.9971053399999997e-05,0.008063369695,0.14134913531999999,0.020712360300000003,0.0035475803800000005,0.00733953074,0.00570277988,2.02954061e-06,1.76156956e-05,6.270979130000001,29.2,1.08729757e-06,1.50252264e-06,1.112560298e-06,9.175990629999998e-07,6.43814854e-07,4.9282845e-07,4.25138419e-07,3.45751168e-07,7.59429439e-07,1.75810341e-07,2.52272114e-06,84.711436,46.72980069999999,3.4943177199999997e-10,9.1955001,0.00149237125,0.1128911665,2.48588478e-06,4.4884585200000004e-07,0.00143949887,0.104545077,2.48588478e-06,4.4884585200000004e-07,0.0008388881979999998,0.0350319652,2.48588478e-06,4.4884585200000004e-07,0.00125762701,0.07696875280000001,2.48588478e-06,4.4884585200000004e-07,2.4461176872253416
113,1678881000,2.10904397e-05,2.10904463e-05,0.013023012476999999,0.81471511617,0.025277490399999998,0.00360308289,0.0074199795600000005,0.005751703500000001,3.65609862e-06,3.3015676099999996e-05,7.51223772,44.5,1.14564236e-06,1.52944809e-06,1.24927702e-06,1.137310774e-06,6.913163020000001e-07,5.13252186e-07,4.25738462e-07,3.72595033e-07,7.734938660000001e-07,1.7126131099999998e-07,2.5358627599999997e-06,83.63972020000001,45.3060797,3.7688408300000006e-10,9.185447,0.00153995554,0.12894655049999998,2.7101830100000003e-06,4.841545590000001e-07,0.00147411266,0.1130496234,2.7101830100000003e-06,4.841545590000001e-07,0.000863891816,0.0370088698,2.7101830100000003e-06,4.841545590000001e-07,0.00127562002,0.0794944852,2.7101830100000003e-06,4.841545590000001e-07,2.4460643529891968
113,1678881600,2.1960980700000002e-05,2.19609871e-05,0.012732492273,0.9596996084999999,0.023358012399999996,0.00365421862,0.0075074261599999996,0.00581269458,4.29913056e-06,3.830391649999999e-05,7.902097739999999,41.7,1.1049225999999998e-06,1.57504323e-06,1.338848066e-06,1.35956834e-06,7.56880932e-07,5.4446085e-07,4.36129894e-07,3.70937799e-07,7.886613089999999e-07,1.69910916e-07,2.53509918e-06,83.2102386,44.82451830000001,4.0194414199999993e-10,9.17838845,0.0015798309599999998,0.1405679984,2.5574544000000003e-06,4.418710120000001e-07,0.0015093847799999998,0.1243917409,2.5574544000000003e-06,4.418710120000001e-07,0.0008686228630000001,0.0366861223,2.5574544000000003e-06,4.418710120000001e-07,0.00127076645,0.07852761800000001,2.5574544000000003e-06,4.418710120000001e-07,2.4459934711456297
113,1678882200,2.2194547199999997e-05,2.21945529e-05,0.03286221514,0.7690052190000001,0.0264009478,0.00368827549,0.0075858507499999995,0.00586000033,3.935400620000001e-06,3.213542699999999e-05,8.46503495,48.3,1.114586454e-06,1.5572470600000001e-06,1.364871675e-06,1.3008722740000001e-06,8.35566893e-07,5.69652419e-07,4.80743992e-07,3.9517631899999996e-07,7.707973179999999e-07,1.70064211e-07,2.53768076e-06,82.7633701,44.2852542,4.0516954000000003e-10,9.175210099999997,0.0016186802599999998,0.1471149666,2.6378401900000003e-06,4.56895909e-07,0.0014966703,0.1181078109,2.6378401900000003e-06,4.56895909e-07,0.0008431144400000001,0.0353047695,2.6378401900000003e-06,4.56895909e-07,0.0013079076099999998,0.08331781930000001,2.6378401900000003e-06,4.56895909e-07,2.446053624153137
113,1678882800,1.95356781e-05,1.9535685e-05,0.00397014869317,0.15917281456000001,0.021150533399999998,0.0035105250300000003,0.0072468119099999995,0.005626776580000001,1.8796575e-06,1.66687451e-05,6.09615388,22.1,1.0581855199999999e-06,1.4894643800000003e-06,1.077554066e-06,8.429452850000001e-07,6.21456941e-07,4.97309403e-07,4.12687607e-07,3.4824458e-07,7.374974330000001e-07,1.7338253600000002e-07,2.50904875e-06,84.92247749999999,47.143191,3.39454542e-10,9.19855055,0.00147679968,0.10928463399999999,2.3912310100000005e-06,4.30109476e-07,0.0014089826899999999,0.0983603425,2.3912310100000005e-06,4.30109476e-07,0.000838940082,0.034785730800000005,2.3912310100000005e-06,4.30109476e-07,0.00125578019,0.07704172029999999,2.3912310100000005e-06,4.30109476e-07,2.4460700035095213
113,1678883400,2.0774388600000002e-05,2.07743918e-05,0.012862500879999999,1.06019289471,0.026216170900000002,0.00357047953,0.00733663647,0.00568932552,4.008138830000001e-06,3.51608487e-05,6.762237690000001,39.8,1.10397893e-06,1.4915319999999999e-06,1.0656957950000001e-06,1.2074174469999997e-06,7.722487389999999e-07,5.163086450000001e-07,4.25804332e-07,3.4822477099999997e-07,7.624060390000001e-07,1.7095576599999998e-07,2.5226022600000004e-06,84.12527350000002,45.795570899999994,3.7140035699999995e-10,9.1880382,0.00152582614,0.1305901114,2.47284024e-06,4.6276399300000003e-07,0.0014204057999999999,0.10461124260000002,2.47284024e-06,4.6276399300000003e-07,0.000862127784,0.036762568,2.47284024e-06,4.6276399300000003e-07,0.00126991457,0.078606437,2.47284024e-06,4.6276399300000003e-07,2.4459092140197756
113,1678884000,2.08833706e-05,2.08833763e-05,0.00789018723,0.22338162969999997,0.021990935100000004,0.0036133640399999994,0.00745829647,0.005774031810000001,2.49545409e-06,2.24405337e-05,7.452796940000002,37.7,1.04641184e-06,1.57330293e-06,1.1485957099999998e-06,1.055232067e-06,7.29947234e-07,5.51291965e-07,4.71317493e-07,3.71153359e-07,7.91034646e-07,1.72353982e-07,2.5310088800000004e-06,83.8371227,45.7807998,3.70870315e-10,9.18795245,0.0015576364199999999,0.12779262200000002,2.18364482e-06,4.06801155e-07,0.00145677576,0.107021144,2.18364482e-06,4.06801155e-07,0.0008325723780000001,0.033929402899999996,2.18364482e-06,4.06801155e-07,0.0012867594599999998,0.0803826684,2.18364482e-06,4.06801155e-07,2.445934200286865
113,1678884600,2.0103367900000002e-05,2.01033757e-05,-0.00833634796,0.25022686746,0.0210665549,0.00355779127,0.007306961120000001,0.00567991241,2.39326499e-06,2.2031132300000002e-05,6.54020984,30.0,1.11757159e-06,1.56303692e-06,1.05083373e-06,9.34610896e-07,6.643331340000001e-07,5.145827690000001e-07,4.1241378600000005e-07,3.42990386e-07,7.482268460000001e-07,1.72362586e-07,2.53067793e-06,84.4239197,46.2592631,3.52511741e-10,9.19489145,0.00149916777,0.11551965,2.8470204400000005e-06,4.92822109e-07,0.00141481462,0.09977037849999999,2.8470204400000005e-06,4.92822109e-07,0.000865639837,0.0372839705,2.8470204400000005e-06,4.92822109e-07,0.0012779789899999999,0.0803461746,2.8470204400000005e-06,4.92822109e-07,2.446001744270325
113,1678885200,2.0248461599999997e-05,2.02484658e-05,-0.0036317699999999986,0.2590693262,0.0205793519,0.0035699981900000005,0.0073507617499999995,0.005724744500000001,2.53655942e-06,2.2292411000000004e-05,6.71153835,32.8,1.1107089000000001e-06,1.49394237e-06,1.121691994e-06,9.43761193e-07,6.413759680000001e-07,5.1029344e-07,4.47216655e-07,3.8304794999999995e-07,7.855682599999999e-07,1.70504982e-07,2.5160274600000002e-06,84.2356721,46.2448768,3.54541663e-10,9.1950698,0.0015074984500000003,0.11647124360000001,2.55543939e-06,4.55937052e-07,0.00142596575,0.10175452659999999,2.55543939e-06,4.55937052e-07,0.000850681849,0.0354975949,2.55543939e-06,4.55937052e-07,0.0012729362100000001,0.07938206830000001,2.55543939e-06,4.55937052e-07,2.4460143089294433
113,1678885800,2.03891298e-05,2.03891326e-05,0.01299527007,0.6856868561,0.022151453300000002,0.0035506759900000005,0.00731470732,0.0056665065,3.5754830200000006e-06,3.243132335e-05,6.5734265800000005,36.1,1.03591499e-06,1.5688797299999999e-06,1.21098763e-06,9.87527692e-07,6.439105749999999e-07,4.83018921e-07,4.0530031200000003e-07,3.61792166e-07,7.79077616e-07,1.73113647e-07,2.54501648e-06,84.4273365,46.34195390000001,3.60281633e-10,9.191948,0.00148287115,0.118129458,2.4009291299999997e-06,4.1555997499999996e-07,0.0014260749500000002,0.1063482514,2.4009291299999997e-06,4.1555997499999996e-07,0.000818018224,0.03293801519999999,2.4009291299999997e-06,4.1555997499999996e-07,0.00129341049,0.0816143094,2.4009291299999997e-06,4.1555997499999996e-07,2.4460603475570677
113,1678886400,1.92770466e-05,1.92770482e-05,-0.0033405401099999995,0.18155431503000002,0.0208626591,0.0034890338599999995,0.0071942034899999995,0.005607506180000001,1.7148873500000002e-06,1.6286091049999998e-05,5.701048989999999,21.6,1.06879128e-06,1.50414231e-06,1.000835434e-06,7.909684829999998e-07,5.956585910000001e-07,4.9057218e-07,4.07743477e-07,3.4936466999999995e-07,7.34292906e-07,1.71515794e-07,2.52460248e-06,85.2496232,47.4808494,3.3236912899999997e-10,9.202089699999998,0.00145574638,0.10521579749999999,2.7715314100000003e-06,4.62478176e-07,0.00137831248,0.09435390820000002,2.7715314100000003e-06,4.62478176e-07,0.0008390968029999999,0.0349502145,2.7715314100000003e-06,4.62478176e-07,0.00126972433,0.0788351616,2.7715314100000003e-06,4.62478176e-07,2.4460474014282227
113,1678887000,1.95100806e-05,1.9510095199999998e-05,0.004453503209999999,0.13011942469999999,0.019457692199999998,0.00351504074,0.007234231990000001,0.00563921321,1.81820155e-06,1.578804185e-05,5.75349646,26.7,1.10210642e-06,1.5145116600000002e-06,1.051811687e-06,8.781784849999999e-07,5.75111891e-07,4.6191759700000007e-07,3.95710104e-07,3.39717904e-07,7.47424931e-07,1.69343494e-07,2.51916302e-06,85.0235237,46.950174200000006,3.3876524000000005e-10,9.200517100000003,0.0014612875400000001,0.10722035569999999,2.30192249e-06,4.2057955999999996e-07,0.0013946408299999999,0.0967070405,2.30192249e-06,4.2057955999999996e-07,0.0008224841490000001,0.0337180065,2.30192249e-06,4.2057955999999996e-07,0.0012973250700000002,0.08178705950000001,2.30192249e-06,4.2057955999999996e-07,2.446071004867554
113,1678887600,2.09475588e-05,2.0947564599999997e-05,-0.016793447519999997,1.06546928093,0.022774552200000003,0.00359174409,0.00739908331,0.00573059847,3.876628750000001e-06,3.390405085e-05,6.97377618,38.2,1.0983996e-06,1.6083611e-06,1.125625497e-06,1.1253658909999999e-06,6.888379849999999e-07,5.20930583e-07,4.48264569e-07,3.6894063600000005e-07,7.84892045e-07,1.72324119e-07,2.53181851e-06,83.8853706,45.55675029999999,3.74078325e-10,9.1874944,0.00151510124,0.1298471015,2.92294675e-06,5.037413390000001e-07,0.0014598578700000002,0.10634910959999999,2.92294675e-06,5.037413390000001e-07,0.0008525311790000001,0.0367519343,2.92294675e-06,5.037413390000001e-07,0.00128846437,0.08036277389999999,2.92294675e-06,5.037413390000001e-07,2.4460776329040526
113,1678888200,1.95591729e-05,1.95591768e-05,0.00464994224,0.0611579066,0.0184658138,0.0035198099300000002,0.00727980986,0.005648501239999999,1.49295645e-06,1.3293431300000002e-05,6.08566431,17.6,1.1507080000000003e-06,1.47410002e-06,1.004185136e-06,8.2679913e-07,5.9174712e-07,4.87085947e-07,4.1185452100000007e-07,3.54186582e-07,7.5895166e-07,1.71879922e-07,2.54808742e-06,85.02484799999999,47.194095,3.3788435400000005e-10,9.20112525,0.0014694371699999998,0.10658025909999999,2.50648685e-06,4.539449519999999e-07,0.00139342701,0.0948646931,2.50648685e-06,4.539449519999999e-07,0.0008716708640000001,0.037084571299999994,2.50648685e-06,4.539449519999999e-07,0.00128002702,0.0793987521,2.50648685e-06,4.539449519999999e-07,2.446022939682007
113,1678888800,1.96767646e-05,1.9676770400000002e-05,-0.0037143531899999998,0.07929278554300001,0.0191007463,0.0035261157600000002,0.007287378860000001,0.00565694503,1.73094992e-06,1.48222354e-05,6.29720277,22.7,1.0816608599999998e-06,1.52467759e-06,1.006532414e-06,8.51047167e-07,6.27407693e-07,5.217732830000001e-07,4.33459911e-07,3.6072019500000004e-07,7.441304830000001e-07,1.69869147e-07,2.5170926e-06,84.8031005,46.884281099999995,3.42004485e-10,9.198235,0.00149187402,0.11134876899999999,2.8734557000000008e-06,4.74923188e-07,0.00138832582,0.09437237160000002,2.8734557000000008e-06,4.74923188e-07,0.0008451806419999999,0.035500767700000005,2.8734557000000008e-06,4.74923188e-07,0.00128186042,0.079554069,2.8734557000000008e-06,4.74923188e-07,2.4460156917572022
113,1678889400,1.9140396299999994e-05,1.91403976e-05,0.003933749876,0.057926333040000014,0.018672149899999997,0.00348284678,0.007188311009999999,0.005586125129999999,1.4366934e-06,1.2692327100000001e-05,5.79720281,18.2,1.08149758e-06,1.5121847900000002e-06,1.0228745039999998e-06,7.642271559999999e-07,5.756584200000001e-07,4.7575729099999993e-07,3.8027356800000003e-07,3.31313058e-07,7.250442800000001e-07,1.73999181e-07,2.5273205200000002e-06,85.4538344,47.517998899999995,3.2907312399999995e-10,9.204222,0.00143597516,0.10088124359999999,2.49908757e-06,4.3286509800000004e-07,0.00139757715,0.09545687859999999,2.49908757e-06,4.3286509800000004e-07,0.0008501160750000001,0.03513119170000001,2.49908757e-06,4.3286509800000004e-07,0.0012742883900000001,0.0790795781,2.49908757e-06,4.3286509800000004e-07,2.446040964126587
113,1678890000,1.8783938000000002e-05,1.87839393e-05,-0.0003782972800000002,0.0038374820000000006,0.017358159699999997,0.0034557452,0.007138600520000001,0.00554926178,1.27022931e-06,1.19005507e-05,5.36188806,14.9,1.088332384e-06,1.5288097199999998e-06,9.540208609999999e-07,7.032596270000001e-07,5.45439832e-07,4.4302386299999994e-07,3.85601886e-07,3.25315551e-07,7.32701711e-07,1.6889131200000002e-07,2.51654815e-06,85.7136779,47.8312495,3.22871233e-10,9.2046677,0.0014105291099999998,0.09636342199999999,2.5261325800000003e-06,4.4834225700000004e-07,0.0013482337699999999,0.0888616092,2.5261325800000003e-06,4.4834225700000004e-07,0.0008572177199999999,0.0360783381,2.5261325800000003e-06,4.4834225700000004e-07,0.00128824279,0.08089886350000002,2.5261325800000003e-06,4.4834225700000004e-07,2.446047139167786
113,1678890600,1.90974717e-05,1.9097477599999998e-05,0.00046867060999999965,0.06746695065,0.0192278014,0.0034835226399999994,0.0071605396899999995,0.00558584154,1.59055642e-06,1.5317176799999997e-05,5.547202830000001,21.9,1.0547880200000002e-06,1.5767874100000002e-06,9.779500889999999e-07,7.61809947e-07,5.96010916e-07,4.4481935600000003e-07,3.8185238e-07,3.431912060000001e-07,7.31437335e-07,1.6913571399999998e-07,2.5108805200000005e-06,85.3491661,47.3841082,3.2984826599999997e-10,9.20251205,0.00142299442,0.10066960970000001,2.58760901e-06,4.5419462999999993e-07,0.00141573434,0.09693448169999999,2.58760901e-06,4.5419462999999993e-07,0.000829754158,0.0344395626,2.58760901e-06,4.5419462999999993e-07,0.0012622575100000003,0.0781494032,2.58760901e-06,4.5419462999999993e-07,2.4460630655288695
113,1678891200,1.85370163e-05,1.8537017600000002e-05,0.0003462417799999998,0.013725290905000001,0.0177780512,0.00343223624,0.00708631307,0.0055161051999999995,1.24054271e-06,1.12181866e-05,5.05244761,15.0,1.08715429e-06,1.49666614e-06,9.3408426e-07,6.763229410000001e-07,5.51166932e-07,4.34298746e-07,3.70454473e-07,3.2775987200000003e-07,7.228544999999999e-07,1.70000335e-07,2.49767287e-06,85.9332199,48.18790979999999,3.16356773e-10,9.208442450000002,0.00138225048,0.0933752386,2.98590653e-06,4.76200793e-07,0.00135999641,0.08958300640000001,2.98590653e-06,4.76200793e-07,0.0008383926549999999,0.035119030499999995,2.98590653e-06,4.76200793e-07,0.0012698241999999998,0.0783345005,2.98590653e-06,4.76200793e-07,2.445987868309021
113,1678891800,1.8636677199999998e-05,1.8636679899999998e-05,-0.007727833041000001,-0.0018489298,0.0173076562,0.0034431784,0.007096342310000001,0.00554466214,1.2597634599999998e-06,1.1355803199999999e-05,5.17307686,14.8,1.1085406999999999e-06,1.4643083399999999e-06,9.570645970000003e-07,6.84748444e-07,5.450553289999999e-07,4.4382278399999995e-07,3.80877169e-07,3.2286859699999997e-07,7.26168955e-07,1.70415647e-07,2.51443188e-06,85.85273,48.1403303,3.18379701e-10,9.20796325,0.00140088178,0.0951673482,2.4240484200000003e-06,4.5507746799999994e-07,0.00136282516,0.0895399397,2.4240484200000003e-06,4.5507746799999994e-07,0.000844929672,0.0353678131,2.4240484200000003e-06,4.5507746799999994e-07,0.0012748962900000001,0.0790730104,2.4240484200000003e-06,4.5507746799999994e-07,2.4460752487182615
113,1678892400,1.9489056e-05,1.94890585e-05,-0.0053231515200000004,0.34537875824,0.019570747,0.00348869767,0.007198959590000001,0.005575370790000001,2.28172755e-06,1.8417467500000002e-05,5.854895149999999,23.5,1.089636947e-06,1.4925605899999999e-06,1.027898155e-06,8.66912661e-07,5.889417859999999e-07,4.59917841e-07,3.9682214e-07,3.5064703999999994e-07,7.61661826e-07,1.75507871e-07,2.53399324e-06,85.3485766,47.5165088,3.3833317799999997e-10,9.20236135,0.0014306800499999997,0.10565626049999999,2.41880649e-06,4.59206862e-07,0.00138938788,0.0986941871,2.41880649e-06,4.59206862e-07,0.00084677516,0.0358498301,2.41880649e-06,4.59206862e-07,0.0012492683599999999,0.0764843435,2.41880649e-06,4.59206862e-07,2.4460514068603514
113,1678893000,1.89661742e-05,1.8966177e-05,-0.0031974933500000004,0.09295683167999999,0.0193597335,0.0034676867200000004,0.00711771628,0.00555766546,1.60591566e-06,1.372547315e-05,5.3793706100000005,18.9,1.07833686e-06,1.4918590400000001e-06,9.99464909e-07,7.424265439999999e-07,5.53276229e-07,4.448261179999999e-07,3.83965519e-07,3.43229334e-07,7.35069033e-07,1.74867481e-07,2.53568361e-06,85.6789649,47.958663,3.24793083e-10,9.206149149999998,0.00141059106,0.097871541,2.6366584e-06,4.5987274199999994e-07,0.0013809734,0.0942393134,2.6366584e-06,4.5987274199999994e-07,0.0008398472149999999,0.035047232,2.6366584e-06,4.5987274199999994e-07,0.00126622976,0.0775612369,2.6366584e-06,4.5987274199999994e-07,2.445977807044983
113,1678893600,1.8435373299999997e-05,1.84353759e-05,-0.00288385881,0.017151167270000003,0.017420391099999998,0.0034237556000000003,0.007044310479999999,0.00549916867,1.20442889e-06,1.08893097e-05,4.95104895,14.5,1.0050211100000003e-06,1.52051817e-06,9.227011930000001e-07,7.0139856e-07,5.4488604e-07,4.31539682e-07,3.77099688e-07,3.24252902e-07,7.06528716e-07,1.70797262e-07,2.51287919e-06,86.01192089999999,48.4351905,3.14065726e-10,9.2089994,0.00139635698,0.0951476776,2.5845713900000004e-06,4.1678120900000005e-07,0.0013505955300000003,0.08869102949999999,2.5845713900000004e-06,4.1678120900000005e-07,0.000818462438,0.032968186100000005,2.5845713900000004e-06,4.1678120900000005e-07,0.0012674570800000002,0.0778096062,2.5845713900000004e-06,4.1678120900000005e-07,2.445982646942139
113,1678894200,1.8704744900000002e-05,1.87047461e-05,0.0018590780500000012,0.005410938799999999,0.017901089199999998,0.00345123435,0.00712472418,0.0055473629,1.2758603e-06,1.19524771e-05,5.124125770000001,15.5,1.0734763400000001e-06,1.54758474e-06,9.608556809999998e-07,6.75265968e-07,5.3763317e-07,4.4687495499999995e-07,3.7670878299999997e-07,3.17488861e-07,7.199268679999999e-07,1.6952328699999998e-07,2.5269772700000005e-06,85.7940302,47.9625007,3.20899657e-10,9.205411199999999,0.00139692171,0.0947320741,2.6206641899999997e-06,4.60934107e-07,0.0013656250499999999,0.0904819724,2.6206641899999997e-06,4.60934107e-07,0.0008371491389999999,0.0350322287,2.6206641899999997e-06,4.60934107e-07,0.0012857755200000002,0.0797191134,2.6206641899999997e-06,4.60934107e-07,2.4460304498672487
113,1678894800,1.8751276e-05,1.87512795e-05,-0.0114608775,0.02252667364,0.0184859408,0.0034525246000000004,0.00711990385,0.00554266923,1.3243434700000001e-06,1.204577905e-05,5.1993007,15.5,1.1089431199999998e-06,1.52619265e-06,9.634625269999999e-07,7.00206754e-07,5.301445250000001e-07,4.37303902e-07,3.72348128e-07,3.37605034e-07,7.201434530000001e-07,1.7047486100000002e-07,2.5087846399999998e-06,85.7919592,47.8059061,3.22037474e-10,9.2058413,0.0013940923,0.09480105400000001,2.3895292099999996e-06,4.47577434e-07,0.00136490586,0.09035253769999999,2.3895292099999996e-06,4.47577434e-07,0.0008707731919999999,0.036957675300000006,2.3895292099999996e-06,4.47577434e-07,0.00128481542,0.08049385099999999,2.3895292099999996e-06,4.47577434e-07,2.446013069152832
113,1678895400,1.8531227300000002e-05,1.85312339e-05,0.0010911660199999999,-0.005697520060000001,0.017430823200000004,0.0034326474900000003,0.0070816127400000015,0.0055117382199999995,1.23290052e-06,1.11903815e-05,5.222027949999999,13.6,1.07274669e-06,1.4619084699999997e-06,9.718894289999998e-07,6.857026759999999e-07,5.50133263e-07,4.2937237700000003e-07,3.6965628e-07,3.22652628e-07,7.11392828e-07,1.7055531300000003e-07,2.5195898100000005e-06,86.01222990000001,48.3338873,3.15411206e-10,9.21000255,0.00139978265,0.094987468,2.42431705e-06,4.36285141e-07,0.00135674608,0.0895294475,2.42431705e-06,4.36285141e-07,0.000832361157,0.0340949449,2.42431705e-06,4.36285141e-07,0.00125312518,0.0769829418,2.42431705e-06,4.36285141e-07,2.4461221933364867
113,1678896000,1.82426305e-05,1.8242636099999997e-05,0.017350094599999998,-0.00341690444,0.0171833882,0.00340836148,0.007052212029999999,0.005487765560000001,1.23077918e-06,1.164701415e-05,4.78846156,12.8,1.042954918e-06,1.47044034e-06,8.98765375e-07,6.59343776e-07,5.29556512e-07,4.29715039e-07,3.73905558e-07,3.2367734200000004e-07,7.13201314e-07,1.7461126299999998e-07,2.50511085e-06,86.2848211,48.8090111,3.09014315e-10,9.21199085,0.0013785123200000002,0.092175178,2.30674738e-06,4.1330487e-07,0.0013210185600000001,0.08478884950000001,2.30674738e-06,4.1330487e-07,0.0008297485299999999,0.0338034549,2.30674738e-06,4.1330487e-07,0.00127046979,0.07826747949999999,2.30674738e-06,4.1330487e-07,2.4460637092590334
113,1678896600,1.85188338e-05,1.85188356e-05,0.0020399153399999993,-0.01105015254,0.0177477976,0.00343587694,0.007079264980000001,0.00552409754,1.23082539e-06,1.15425259e-05,5.09615382,15.2,1.0612431700000002e-06,1.4959506e-06,9.33521176e-07,6.84294347e-07,5.219707580000001e-07,4.4127050400000006e-07,3.7561396e-07,3.2437528000000003e-07,7.25120892e-07,1.71746741e-07,2.52425071e-06,86.08048269999999,48.4762402,3.14999849e-10,9.210005800000001,0.00138774882,0.0936865326,2.7938796900000003e-06,4.860060469999999e-07,0.0013484564199999999,0.0884089753,2.7938796900000003e-06,4.860060469999999e-07,0.000833053023,0.0352107961,2.7938796900000003e-06,4.860060469999999e-07,0.00126556506,0.07774536000000001,2.7938796900000003e-06,4.860060469999999e-07,2.4459442138671874
113,1678897200,1.8561478700000003e-05,1.8561482300000004e-05,-0.016870179239999998,0.00882923595,0.0172130856,0.00343549413,0.00705518936,0.0055153193900000005,1.2818871299999999e-06,1.174909515e-05,5.2360139299999995,14.3,1.1125905499999998e-06,1.50194851e-06,9.469213000000002e-07,6.51395425e-07,5.23686866e-07,4.372879770000001e-07,3.8700145599999995e-07,3.27294313e-07,7.156641729999999e-07,1.6961200099999997e-07,2.5072877000000004e-06,86.02118399999999,48.121361099999994,3.17628513e-10,9.2078262,0.0013804705899999998,0.09287765109999999,2.7650779000000003e-06,4.68867653e-07,0.00136179866,0.0897061223,2.7650779000000003e-06,4.68867653e-07,0.0008601729359999999,0.0365317978,2.7650779000000003e-06,4.68867653e-07,0.0012781355599999998,0.07891619679999999,2.7650779000000003e-06,4.68867653e-07,2.4459853887557985
113,1678897800,1.8579788900000003e-05,1.85797947e-05,-0.0075670827900000005,-0.0009198032299999997,0.017621538600000004,0.00343994595,0.00708156578,0.0055185446,1.3113497499999999e-06,1.1938158049999998e-05,4.90384612,14.3,1.0718387670000002e-06,1.5293189399999998e-06,9.339189089999998e-07,6.85196282e-07,5.27999491e-07,4.38335877e-07,3.63834604e-07,3.31052148e-07,7.182369449999999e-07,1.7032311e-07,2.51981724e-06,85.91458589999999,48.2052255,3.1732125e-10,9.2080387,0.0013909621299999998,0.09358808599999999,2.87223306e-06,4.58571099e-07,0.0013702198500000003,0.09090299859999999,2.87223306e-06,4.58571099e-07,0.0008183107620000001,0.0335428519,2.87223306e-06,4.58571099e-07,0.0012707765400000002,0.07929017190000001,2.87223306e-06,4.58571099e-07,2.4459720611572267
113,1678898400,1.8908803100000004e-05,1.89088052e-05,-0.0009275910500000012,0.036541563000000006,0.019460827200000003,0.00346562287,0.0071374726700000005,0.00555002808,1.39877997e-06,1.2395288549999999e-05,5.46503496,15.2,1.10491671e-06,1.5517709100000003e-06,9.31713953e-07,6.725653370000001e-07,5.575873910000001e-07,4.7290122400000005e-07,4.087637e-07,3.4230367600000003e-07,7.246809169999999e-07,1.7085080800000002e-07,2.51631781e-06,85.673627,47.8031685,3.2456526e-10,9.205290300000001,0.0014130787899999998,0.09718623200000001,2.36769172e-06,4.3586603499999996e-07,0.0013671630399999999,0.09077427019999999,2.36769172e-06,4.3586603499999996e-07,0.0008512669400000001,0.0356370444,2.36769172e-06,4.3586603499999996e-07,0.00128265026,0.0804455934,2.36769172e-06,4.3586603499999996e-07,2.4459181308746336
113,1678899000,1.85720277e-05,1.8572032899999996e-05,-0.008044787900000001,0.00240440878,0.017058617899999996,0.00343662333,0.00709644294,0.00553929662,1.2597026399999998e-06,1.15078986e-05,5.02797207,13.9,1.1124383999999999e-06,1.4928922600000002e-06,9.458963610000001e-07,6.42869264e-07,5.330470519999999e-07,4.29854221e-07,3.91680012e-07,3.22253702e-07,7.255543369999999e-07,1.6801707199999998e-07,2.52149011e-06,86.0191916,48.272001,3.1700603999999996e-10,9.20844925,0.00137982877,0.09224581239999999,2.80645175e-06,4.80082525e-07,0.00136442075,0.08991533349999999,2.80645175e-06,4.80082525e-07,0.0008499269889999999,0.0359810728,2.80645175e-06,4.80082525e-07,0.0012674234099999998,0.0781542494,2.80645175e-06,4.80082525e-07,2.4459469318389893
113,1678899600,1.85101459e-05,1.85101459e-05,-0.001130290838,-0.006404837605,0.017155249,0.00343272785,0.00707319556,0.0055297366200000005,1.25352285e-06,1.1464731e-05,5.02622374,13.5,1.12224461e-06,1.48902319e-06,9.163845e-07,6.81976236e-07,5.179336799999999e-07,4.5004234399999995e-07,3.68559296e-07,3.2773926399999997e-07,6.95081176e-07,1.68093682e-07,2.51793979e-06,86.0482676,48.2007105,3.16180981e-10,9.20835205,0.0013859913699999999,0.0935903629,2.63239058e-06,4.59868155e-07,0.0013506644200000002,0.088323087,2.63239058e-06,4.59868155e-07,0.0008636149590000001,0.0364981541,2.63239058e-06,4.59868155e-07,0.00127420521,0.07813845059999999,2.63239058e-06,4.59868155e-07,2.4459309339523316
113,1678900200,1.86425432e-05,1.86425494e-05,-0.019168538616000003,0.0027931080000000016,0.017854352900000002,0.0034457368699999996,0.00709064814,0.00552634257,1.30370679e-06,1.1517061949999999e-05,5.03496502,13.9,1.07829024e-06,1.55762762e-06,9.555507990000001e-07,6.74710046e-07,5.32197007e-07,4.41634865e-07,3.56519161e-07,3.22148654e-07,7.201815079999999e-07,1.69627047e-07,2.51272566e-06,85.87163749999999,47.9710578,3.19451181e-10,9.2065703,0.00138421236,0.09306961829999999,2.58195308e-06,4.55330139e-07,0.00137848699,0.09193642540000001,2.58195308e-06,4.55330139e-07,0.000831694,0.0343590525,2.58195308e-06,4.55330139e-07,0.00127728984,0.08013493089999998,2.58195308e-06,4.55330139e-07,2.4460172176361086
113,1678900800,1.8683083900000002e-05,1.8683090299999998e-05,0.0011191444460000005,0.015414100816999999,0.017513738900000003,0.0034460914599999995,0.00709576537,0.0055217398599999995,1.28938931e-06,1.1780972850000002e-05,5.22902096,16.3,1.10728659e-06,1.54845285e-06,9.380441829999998e-07,6.780470160000001e-07,5.33784117e-07,4.31274712e-07,3.71451023e-07,3.2843172200000004e-07,7.173002759999999e-07,1.7218000899999998e-07,2.5152784e-06,85.7875269,47.903817499999995,3.2038531899999996e-10,9.2065494,0.00138429662,0.093142799,2.50682339e-06,4.6174881100000004e-07,0.00136679034,0.0898728664,2.50682339e-06,4.6174881100000004e-07,0.000858551875,0.0362902745,2.50682339e-06,4.6174881100000004e-07,0.00129515259,0.08128235099999999,2.50682339e-06,4.6174881100000004e-07,2.4460083484649657
113,1678901400,1.82498295e-05,1.82498335e-05,-0.002095867471399998,-0.012426168400000001,0.01739258215,0.0034100023400000005,0.007018196490000001,0.00548298809,1.19864983e-06,1.0812733799999999e-05,4.83566439,13.8,1.015902251e-06,1.4835345800000001e-06,9.42780684e-07,6.62408537e-07,5.120275169999999e-07,4.20159318e-07,3.71606565e-07,3.2233201000000004e-07,7.14341282e-07,1.6948712600000002e-07,2.5102487e-06,86.29559809999999,48.7883608,3.0955848700000003e-10,9.2109747,0.0013714841599999999,0.0910236046,2.48470106e-06,4.37154294e-07,0.00135393162,0.08901716500000001,2.48470106e-06,4.37154294e-07,0.000832651735,0.0344145881,2.48470106e-06,4.37154294e-07,0.00124695775,0.07537629840000001,2.48470106e-06,4.37154294e-07,2.4459916830062864
113,1678902000,1.84835074e-05,1.8483509500000003e-05,0.004630536544000001,0.00507161498,0.017485479350000003,0.00342881409,0.00708549187,0.0055096541,1.28497447e-06,1.158646265e-05,5.17657337,13.9,1.0815691700000001e-06,1.5107986500000002e-06,9.53748504e-07,6.696434999999999e-07,5.12202097e-07,4.3924608999999997e-07,3.65378833e-07,3.32375173e-07,7.073074560000001e-07,1.6573784399999996e-07,2.5037027099999997e-06,86.0035971,48.173480600000005,3.1601447599999995e-10,9.2074635,0.0013741097500000001,0.09192539500000001,2.79411169e-06,4.6902744e-07,0.00137258441,0.0911570545,2.79411169e-06,4.6902744e-07,0.0008484357330000001,0.0361089388,2.79411169e-06,4.6902744e-07,0.0012586672400000001,0.0777159924,2.79411169e-06,4.6902744e-07,2.446076679229736
113,1678902600,1.84269648e-05,1.8426969e-05,0.00466445408,0.0019916241,0.0174954844,0.0034251386300000004,0.00707114029,0.00550671856,1.2541995499999998e-06,1.1461991249999999e-05,5.02272719,14.0,1.0727520300000002e-06,1.47298233e-06,9.469296040000001e-07,6.441255270000001e-07,5.335429770000001e-07,4.425398409999999e-07,3.8237210699999997e-07,3.13210252e-07,7.22831622e-07,1.70432505e-07,2.5117070600000002e-06,86.0707569,48.4496775,3.13836334e-10,9.20955215,0.00138683535,0.0931547839,2.75240924e-06,4.64708035e-07,0.0013463114799999998,0.087571816,2.75240924e-06,4.64708035e-07,0.00084857823,0.035525599000000005,2.75240924e-06,4.64708035e-07,0.00125554788,0.0765129976,2.75240924e-06,4.64708035e-07,2.44598069190979
113,1678903200,1.8652857599999998e-05,1.86528584e-05,-0.006834268239999999,0.009606522439999998,0.017382698,0.0034429254899999997,0.00709892028,0.00551255302,1.2810725700000001e-06,1.14760725e-05,5.11363641,14.5,1.0745736900000001e-06,1.5468269899999998e-06,9.54251979e-07,6.839114340000001e-07,5.25124852e-07,4.35989181e-07,3.72476958e-07,3.27077744e-07,7.25894974e-07,1.7309923699999997e-07,2.5071651000000004e-06,85.91828819999999,48.044041299999996,3.1878019799999993e-10,9.2082642,0.00138419969,0.0933614339,2.5468211000000002e-06,4.5676793399999995e-07,0.00135864126,0.0895365909,2.5468211000000002e-06,4.5676793399999995e-07,0.0008393108270000002,0.0350203519,2.5468211000000002e-06,4.5676793399999995e-07,0.0012800601600000002,0.0808231915,2.5468211000000002e-06,4.5676793399999995e-07,2.446014976501465
113,1678903800,1.86846166e-05,1.86846193e-05,0.0006999485349999995,-0.014986154729999998,0.0171158863,0.00345192768,0.00711432979,0.005533626620000001,1.2105137800000001e-06,1.122503495e-05,5.12237759,13.7,1.0938148600000001e-06,1.5109320499999998e-06,9.71291242e-07,6.877508660000001e-07,5.226619759999999e-07,4.4190253399999993e-07,3.7478647699999996e-07,3.2012319299999997e-07,7.343842820000002e-07,1.7384461999999998e-07,2.51079345e-06,85.93717740000001,48.0671832,3.1958726099999997e-10,9.2076073,0.0013845306,0.0927725984,2.6191712e-06,4.830477989999999e-07,0.001370437,0.090369712,2.6191712e-06,4.830477989999999e-07,0.0008521847129999999,0.036178421100000004,2.6191712e-06,4.830477989999999e-07,0.0012885196199999998,0.0794168099,2.6191712e-06,4.830477989999999e-07,2.44620623588562
113,1678904400,1.85605946e-05,1.8560598399999997e-05,-0.005173887850000001,-0.015959056300000003,0.017433717699999997,0.00344117781,0.007080372759999999,0.0055291092800000005,1.2443183899999997e-06,1.1318985600000002e-05,5.02272724,14.1,1.07645612e-06,1.50059811e-06,9.42122694e-07,6.9432554e-07,5.363012519999999e-07,4.31875125e-07,3.6943036699999995e-07,3.28232422e-07,7.11516291e-07,1.7190105499999999e-07,2.5174919700000003e-06,85.9603281,48.2161695,3.17141641e-10,9.207384600000001,0.0013883470900000001,0.0934011951,2.41452128e-06,4.35011675e-07,0.0013633972000000002,0.0906825748,2.41452128e-06,4.35011675e-07,0.0008429116920000001,0.034912526099999994,2.41452128e-06,4.35011675e-07,0.0012651041200000001,0.07720310449999998,2.41452128e-06,4.35011675e-07,2.4460397481918337
113,1678905000,1.86823411e-05,1.86823463e-05,0.01009365965,0.014204501082000002,0.016934616700000002,0.0034465708299999996,0.00712185823,0.00553736478,1.28784792e-06,1.168021905e-05,5.24475524,15.7,1.08404682e-06,1.5237604599999998e-06,9.41126358e-07,6.92547369e-07,5.43159185e-07,4.4290125399999997e-07,3.83888768e-07,3.26049351e-07,7.2492662e-07,1.6989655900000002e-07,2.5088223300000003e-06,85.7275445,47.9893595,3.18848672e-10,9.208138100000001,0.00140879873,0.0956405159,2.8350610200000002e-06,4.5242465000000006e-07,0.00135903649,0.08935858640000001,2.8350610200000002e-06,4.5242465000000006e-07,0.0008273213539999999,0.0341353175,2.8350610200000002e-06,4.5242465000000006e-07,0.0012965809600000002,0.08212383859999998,2.8350610200000002e-06,4.5242465000000006e-07,2.446002960205078
113,1678905600,1.85408953e-05,1.85409014e-05,0.007705963729999999,0.001042345800000001,0.0174905983,0.00343623613,0.00709269443,0.00552482903,1.20699972e-06,1.1418556199999999e-05,4.98776223,13.6,1.070744797e-06,1.5650910799999999e-06,9.64248899e-07,6.46258878e-07,5.169020889999999e-07,4.3831817599999997e-07,3.6192853999999996e-07,3.23814514e-07,7.13269138e-07,1.7110779199999999e-07,2.49872337e-06,85.94601100000001,48.0028136,3.17577149e-10,9.2081717,0.00137773715,0.09204434239999999,2.1744111599999997e-06,4.1354153499999994e-07,0.0013681926700000002,0.09024515339999999,2.1744111599999997e-06,4.1354153499999994e-07,0.0008293808200000001,0.0337668378,2.1744111599999997e-06,4.1354153499999994e-07,0.0012978704400000002,0.0809283885,2.1744111599999997e-06,4.1354153499999994e-07,2.4458893537521362
113,1678906200,1.836663e-05,1.83666329e-05,0.003968957230000001,0.009633978266000001,0.0168865304,0.00341767013,0.00705751427,0.00550364085,1.2772355000000003e-06,1.12869649e-05,4.942307700000001,14.1,1.060720437e-06,1.4906319599999999e-06,9.41776038e-07,6.78859087e-07,5.05600968e-07,4.24224357e-07,3.6458061999999997e-07,3.29206051e-07,7.0456603e-07,1.70251407e-07,2.5128491e-06,86.101085,48.478544,3.12315166e-10,9.209569,0.0013637918099999998,0.0905274895,2.58053945e-06,4.526949380000001e-07,0.00136583678,0.0906867878,2.58053945e-06,4.526949380000001e-07,0.000828655776,0.034234456700000006,2.58053945e-06,4.526949380000001e-07,0.00125400112,0.0771135095,2.58053945e-06,4.526949380000001e-07,2.4458174228668215
113,1678906800,1.8462307899999998e-05,1.8462311099999996e-05,-0.0054766808,-0.015525852329999998,0.0184154446,0.0034323386299999993,0.00705891671,0.00550474476,1.1775550000000002e-06,1.087703505e-05,4.84965032,14.3,1.065252944e-06,1.49037475e-06,9.36720904e-07,6.7806897e-07,5.38721649e-07,4.31118681e-07,3.7282331e-07,3.22472878e-07,7.15353596e-07,1.7260541200000001e-07,2.50758887e-06,86.0839624,48.399731200000005,3.1425431399999997e-10,9.2098779,0.0013877639400000001,0.0933509691,2.8850774299999998e-06,4.6663727099999995e-07,0.00136040823,0.0900683527,2.8850774299999998e-06,4.6663727099999995e-07,0.0008476154900000001,0.0348966207,2.8850774299999998e-06,4.6663727099999995e-07,0.0012580510399999999,0.076225479,2.8850774299999998e-06,4.6663727099999995e-07,2.445853519439697
113,1678907400,1.8397938499999997e-05,1.8397944700000004e-05,0.00017144947000000002,-0.0058872589477499985,0.0184860101,0.0034238731300000004,0.00704975273,0.00550645332,1.25754252e-06,1.131589195e-05,4.95279721,12.5,1.08472239e-06,1.5020160500000002e-06,9.33885953e-07,6.576364570000001e-07,5.03809737e-07,4.33887362e-07,3.66394881e-07,3.23273376e-07,7.02893212e-07,1.7096621800000002e-07,2.51947512e-06,86.2409244,48.4856316,3.13141226e-10,9.21079405,0.00137426076,0.0915722011,3.03914432e-06,4.96107592e-07,0.0013572712599999998,0.08931885649999999,3.03914432e-06,4.96107592e-07,0.0008426490809999999,0.0357694854,3.03914432e-06,4.96107592e-07,0.00125887042,0.0773409876,3.03914432e-06,4.96107592e-07,2.4459980487823487
113,1678908000,1.8514036500000002e-05,1.85140389e-05,-0.0044566028600000005,0.0036822140999999997,0.0174426284,0.00343288911,0.0070835494799999996,0.00550974403,1.2135697499999999e-06,1.111194545e-05,4.994755209999999,13.6,1.06538043e-06,1.4772387300000001e-06,9.46583437e-07,6.90337797e-07,5.329548229999999e-07,4.42362927e-07,3.73456653e-07,3.25839467e-07,7.13629664e-07,1.71878431e-07,2.5173172e-06,85.9642222,48.351126199999996,3.1494594e-10,9.209323600000001,0.00139736683,0.09433223699999999,2.6614318499999998e-06,4.6310729200000005e-07,0.00136222685,0.08964886829999999,2.6614318499999998e-06,4.6310729200000005e-07,0.0008373250489999999,0.0350659799,2.6614318499999998e-06,4.6310729200000005e-07,0.00126107419,0.07657637939999999,2.6614318499999998e-06,4.6310729200000005e-07,2.445945453643799
113,1678908600,1.85210724e-05,1.8521076300000004e-05,-0.0085349302,-0.009840580589999998,0.0180260945,0.0034351567399999996,0.0070668532799999986,0.005505862679999999,1.22171382e-06,1.16418767e-05,4.9353146599999995,13.5,1.0862983099999999e-06,1.49918831e-06,9.6454949e-07,6.86518952e-07,5.290897600000001e-07,4.29968215e-07,3.72675992e-07,3.2056709400000006e-07,7.1167568e-07,1.68932462e-07,2.49105259e-06,85.89346400000001,47.9364674,3.1771502700000007e-10,9.20772195,0.00138904776,0.09352373480000001,2.60074252e-06,4.54042145e-07,0.0013638848,0.09042526590000001,2.60074252e-06,4.54042145e-07,0.0008333945230000001,0.0347882566,2.60074252e-06,4.54042145e-07,0.0012848446700000002,0.0797441594,2.60074252e-06,4.54042145e-07,2.4458876132965086
113,1678909200,1.85973697e-05,1.85973748e-05,-0.012212002800000002,-0.0125134893,0.017761796099999998,0.00344265074,0.007073610310000001,0.00551582055,1.2767609499999998e-06,1.14295981e-05,5.07167839,13.7,1.107897215e-06,1.5151023899999999e-06,9.47924349e-07,6.83163692e-07,5.26782814e-07,4.3825982000000004e-07,3.78292921e-07,3.25356487e-07,7.08169703e-07,1.72753212e-07,2.49493828e-06,85.883362,47.9738308,3.1835921700000003e-10,9.20719835,0.0013893832000000002,0.0938556199,3.1843323700000005e-06,5.18475077e-07,0.00136221261,0.08994515220000002,3.1843323700000005e-06,5.18475077e-07,0.0008672221190000001,0.037927168399999996,3.1843323700000005e-06,5.18475077e-07,0.00126280217,0.0772921465,3.1843323700000005e-06,5.18475077e-07,2.44591748714447
113,1678909800,1.8684353399999998e-05,1.8684356599999996e-05,-0.0030407837,0.011232610155,0.016973706400000003,0.00344914189,0.00709878322,0.00553173918,1.2867885600000001e-06,1.142144145e-05,5.0681818,15.7,1.0716323970000001e-06,1.5443279000000002e-06,9.5151806e-07,7.005287060000001e-07,5.32887326e-07,4.44526555e-07,3.76734562e-07,3.18915945e-07,7.128729109999999e-07,1.69039994e-07,2.51916209e-06,85.9299765,48.05037660000001,3.19227544e-10,9.20870775,0.0013923694,0.09451068509999999,2.6497673399999997e-06,4.632953389999999e-07,0.00137009813,0.0912380146,2.6497673399999997e-06,4.632953389999999e-07,0.000839676032,0.0351931245,2.6497673399999997e-06,4.632953389999999e-07,0.00128100067,0.0796992652,2.6497673399999997e-06,4.632953389999999e-07,2.4458313465118406
113,1678910400,1.86242367e-05,1.8624240600000003e-05,0.0017501721999999998,-0.020547390046,0.0170113688,0.0034455714899999995,0.0070956410499999996,0.0055274575,1.2342426700000002e-06,1.1036043449999999e-05,5.06293706,13.6,1.10046275e-06,1.51673523e-06,9.4969509e-07,6.757453549999999e-07,5.27092326e-07,4.43159412e-07,3.6872345e-07,3.3374956300000004e-07,7.147537750000001e-07,1.69984014e-07,2.5119817300000003e-06,85.7873817,48.0050366,3.1813782500000003e-10,9.2077793,0.00139310915,0.0938911167,2.6222369699999997e-06,4.909627020000001e-07,0.00137716001,0.0916037554,2.6222369699999997e-06,4.909627020000001e-07,0.000859434193,0.036990621099999996,2.6222369699999997e-06,4.909627020000001e-07,0.00125867071,0.07679601999999999,2.6222369699999997e-06,4.909627020000001e-07,2.445899319648743
113,1678911000,1.86453428e-05,1.86453461e-05,-0.004303162690000001,0.007443959052999998,0.017415834599999996,0.0034459897099999998,0.00709030714,0.00552649207,1.2162409100000003e-06,1.13647811e-05,5.15384613,14.2,1.1063108360000002e-06,1.5179410600000002e-06,9.44998158e-07,6.64300311e-07,5.407182249999999e-07,4.4525131199999994e-07,3.6625451899999997e-07,3.20422027e-07,7.10440874e-07,1.71521605e-07,2.53441581e-06,85.9676514,48.1706163,3.1888263700000003e-10,9.20802505,0.00139018664,0.0938397725,2.38980471e-06,4.4979654799999994e-07,0.0013653904900000002,0.0909203165,2.38980471e-06,4.4979654799999994e-07,0.000850766819,0.0354483608,2.38980471e-06,4.4979654799999994e-07,0.00126451863,0.0778233917,2.38980471e-06,4.4979654799999994e-07,2.445907998085022
113,1678911600,1.86308039e-05,1.86308103e-05,-0.0007575346500000007,-0.00465715103,0.017393347,0.00344617143,0.007102621280000001,0.005541323619999999,1.2669091700000001e-06,1.178338555e-05,5.256993060000001,14.6,1.084780054e-06,1.57586665e-06,9.306612580000001e-07,6.50487336e-07,5.25555559e-07,4.45913447e-07,3.7772449399999997e-07,3.20045843e-07,7.13239079e-07,1.74554804e-07,2.51654283e-06,86.102157,48.2347609,3.17847486e-10,9.210035049999998,0.00139045539,0.0932189613,2.6644426700000003e-06,4.82138117e-07,0.00136444168,0.09050117399999999,2.6644426700000003e-06,4.82138117e-07,0.000838217326,0.0356332576,2.6644426700000003e-06,4.82138117e-07,0.00128748524,0.0797209237,2.6644426700000003e-06,4.82138117e-07,2.4459808588027956
113,1678912200,1.8611473000000002e-05,1.8611479099999997e-05,0.0042613364869999995,-0.0059579427799999985,0.017707842499999998,0.0034447651600000005,0.00709375978,0.00554121219,1.2081997e-06,1.1340279100000001e-05,5.171328600000001,13.9,1.10390219e-06,1.5277090999999998e-06,9.089409789999999e-07,6.915355770000001e-07,5.31742668e-07,4.38284459e-07,3.6630675e-07,3.2785376599999996e-07,7.22503634e-07,1.70695751e-07,2.51622243e-06,85.949804,48.16045,3.17818777e-10,9.2080434,0.0013981257199999998,0.095019958,2.57085764e-06,4.970442099999999e-07,0.00134443909,0.0881045065,2.57085764e-06,4.970442099999999e-07,0.000854495888,0.0367410408,2.57085764e-06,4.970442099999999e-07,0.0012759267600000001,0.0790407214,2.57085764e-06,4.970442099999999e-07,2.445911407470703
113,1678912800,1.85027835e-05,1.8502787900000004e-05,0.00777091776,-0.010825755069999998,0.017952498000000004,0.0034341085199999996,0.00708493759,0.00551427361,1.2428587100000001e-06,1.1513831200000001e-05,5.075174850000001,14.3,1.06547082e-06,1.51971711e-06,9.303325900000001e-07,6.707974040000001e-07,5.24957686e-07,4.3827035799999994e-07,3.7890766699999995e-07,3.2408347800000004e-07,7.200574940000001e-07,1.71892633e-07,2.50684392e-06,85.9601807,48.273785700000005,3.15564529e-10,9.20858,0.0013873442499999999,0.09305534310000001,2.3675907800000004e-06,4.374623e-07,0.00135485756,0.08927069149999999,2.3675907800000004e-06,4.374623e-07,0.000842916889,0.0352073662,2.3675907800000004e-06,4.374623e-07,0.0012677274599999999,0.0788210509,2.3675907800000004e-06,4.374623e-07,2.445884656906128
113,1678913400,1.8352859800000002e-05,1.8352861e-05,-0.0007639289100000002,0.023064828825,0.0174913789,0.0034141996,0.00705583605,0.00547694963,1.2611767999999998e-06,1.1497571299999999e-05,5.16433565,14.8,1.038778e-06,1.49953793e-06,9.184266250000001e-07,6.880012400000001e-07,5.18334516e-07,4.19079399e-07,3.7297035899999996e-07,3.28830339e-07,7.203662959999999e-07,1.67152957e-07,2.50492068e-06,86.0526274,48.4546747,3.1206821900000003e-10,9.209698249999999,0.0013683681500000003,0.09133388460000001,2.4797441499999996e-06,4.506902599999999e-07,0.0013441056,0.0868596592,2.4797441499999996e-06,4.506902599999999e-07,0.0008077548600000002,0.0328937345,2.4797441499999996e-06,4.506902599999999e-07,0.0012827918499999998,0.07990417359999999,2.4797441499999996e-06,4.506902599999999e-07,2.445926308631897
113,1678914000,1.8488465699999996e-05,1.84884675e-05,-0.00519474732,-0.005281505940000001,0.017263604699999997,0.00343077659,0.0070813590499999995,0.005518015469999999,1.21442067e-06,1.1068881400000001e-05,4.96678322,14.9,1.09818412e-06,1.5061865799999999e-06,9.279485250000001e-07,6.54612145e-07,5.20714478e-07,4.51186706e-07,3.6713260699999996e-07,3.2228910000000003e-07,7.161062479999999e-07,1.7071706500000003e-07,2.50913909e-06,86.0083419,48.271295800000004,3.15389367e-10,9.2075354,0.00138171024,0.09269568600000001,2.68392523e-06,4.810308479999999e-07,0.00135327982,0.0885874065,2.68392523e-06,4.810308479999999e-07,0.0008572052869999999,0.0366686712,2.68392523e-06,4.810308479999999e-07,0.0012679111,0.07754328449999999,2.68392523e-06,4.810308479999999e-07,2.445902132987976
113,1678914600,1.8450732100000002e-05,1.84507358e-05,-0.0034599720200000003,-0.010334302430000001,0.017592483,0.00342794706,0.007072221209999998,0.005517016040000001,1.17612899e-06,1.1542365350000001e-05,4.8339161100000005,12.3,1.0731112999999999e-06,1.48512443e-06,9.23362487e-07,6.83872429e-07,5.28609192e-07,4.3678035999999995e-07,3.67282624e-07,3.3157315500000006e-07,7.057216199999999e-07,1.6935516000000002e-07,2.52050499e-06,85.9954553,48.4145288,3.1309973700000003e-10,9.21065525,0.00139420779,0.0938886466,2.50824478e-06,4.53693936e-07,0.0013443474800000001,0.0879284806,2.50824478e-06,4.53693936e-07,0.000864049995,0.0369282203,2.50824478e-06,4.53693936e-07,0.00124931688,0.0759099102,2.50824478e-06,4.53693936e-07,2.445980596542358
113,1678915200,1.83263796e-05,1.8326385600000003e-05,-0.006791675749999999,0.007648145299999997,0.0172299455,0.0034155872300000003,0.007027924990000001,0.0054844573199999995,1.25400503e-06,1.17884502e-05,5.005244729999999,14.5,1.0603074e-06,1.50816885e-06,9.221958330000001e-07,6.608915040000001e-07,5.07197064e-07,4.43215743e-07,3.5888989300000004e-07,3.18832366e-07,7.076990780000001e-07,1.7004259600000003e-07,2.5056960000000003e-06,86.264984,48.4892925,3.118758799999999e-10,9.2111784,0.00137105412,0.0913839623,2.8053783300000002e-06,4.77005192e-07,0.00134517054,0.0881102952,2.8053783300000002e-06,4.77005192e-07,0.0008373994230000001,0.035037337599999996,2.8053783300000002e-06,4.77005192e-07,0.00126698091,0.07834854120000001,2.8053783300000002e-06,4.77005192e-07,2.446013069152832
113,1678915800,1.8370368999999998e-05,1.83703708e-05,-0.00819197188,0.013592384600000002,0.017473347499999996,0.00341659349,0.007039119890000001,0.00547403357,1.25344762e-06,1.1523168099999999e-05,4.9825174699999994,15.3,1.0327233530000002e-06,1.4973246999999999e-06,9.17107085e-07,6.740719999999999e-07,5.420546049999999e-07,4.2823565699999994e-07,3.6986814699999996e-07,3.19282454e-07,7.2643966e-07,1.68517811e-07,2.50953463e-06,86.12565040000001,48.537463699999996,3.12266532e-10,9.20964385,0.00138362809,0.0928254386,2.6605933799999997e-06,4.3486242700000003e-07,0.00135236368,0.08904545109999999,2.6605933799999997e-06,4.3486242700000003e-07,0.000834966802,0.0340308455,2.6605933799999997e-06,4.3486242700000003e-07,0.00125295988,0.07598219279999999,2.6605933799999997e-06,4.3486242700000003e-07,2.445974659919739
113,1678916400,1.86318414e-05,1.8631843399999997e-05,0.000978692243,-0.0003007063999999997,0.0172147569,0.0034437184199999997,0.00709943329,0.0055464222499999995,1.26717833e-06,1.1771317299999998e-05,5.0157342400000005,14.3,1.06883404e-06,1.5322787799999998e-06,9.743685719999999e-07,6.50806915e-07,5.30267211e-07,4.40022583e-07,3.6675552999999997e-07,3.3367843999999996e-07,7.235768099999999e-07,1.69948494e-07,2.52532727e-06,85.9291741,48.17834,3.1841876199999997e-10,9.2078294,0.0013800331,0.0923109754,2.48970383e-06,4.39453962e-07,0.00137979974,0.0923253306,2.48970383e-06,4.39453962e-07,0.0008347537869999999,0.0343509518,2.48970383e-06,4.39453962e-07,0.00128250374,0.0789220163,2.48970383e-06,4.39453962e-07,2.4459438562393188
113,1678917000,1.86524833e-05,1.86524865e-05,-0.0035082130899999992,-0.0139394552,0.0186988625,0.00344655548,0.00711896041,0.00552846971,1.22878545e-06,1.15476372e-05,5.029720329999999,15.5,1.10646814e-06,1.5364937e-06,9.351592719999999e-07,6.70965379e-07,5.29782823e-07,4.4093991e-07,3.6722503199999996e-07,3.2691342100000003e-07,7.151584120000001e-07,1.7129876899999999e-07,2.52580052e-06,85.82093760000001,48.0310347,3.1841140299999995e-10,9.207907299999999,0.00137952019,0.0925433426,2.5020806600000003e-06,4.62667829e-07,0.0013633662799999997,0.0905871329,2.5020806600000003e-06,4.62667829e-07,0.000860941083,0.0364210873,2.5020806600000003e-06,4.62667829e-07,0.00127898178,0.0791708511,2.5020806600000003e-06,4.62667829e-07,2.4459038019180297
113,1678917600,1.8443731099999997e-05,1.8443739399999997e-05,0.004763881270000001,-0.0023308964799999997,0.017982671,0.0034267808099999997,0.0070660552700000006,0.005499951980000001,1.22144498e-06,1.10868313e-05,5.05944066,13.4,1.054109956e-06,1.47802337e-06,9.530967979999999e-07,6.79347183e-07,5.263474630000001e-07,4.39128648e-07,3.8222097600000004e-07,3.1843276100000004e-07,7.189364939999998e-07,1.7024360400000002e-07,2.50192524e-06,86.037992,48.3354446,3.1449987299999997e-10,9.209345,0.00140727465,0.095483928,2.6625115300000005e-06,4.5456291899999986e-07,0.0013471644800000001,0.08803298400000001,2.6625115300000005e-06,4.5456291899999986e-07,0.000833700045,0.0346999423,2.6625115300000005e-06,4.5456291899999986e-07,0.00125186451,0.0766496705,2.6625115300000005e-06,4.5456291899999986e-07,2.446053075790405
113,1678918200,1.8499855800000002e-05,1.84998588e-05,-0.00441463378,0.00674366859,0.017773517699999998,0.0034308245699999997,0.007056193299999999,0.00550471,1.23699819e-06,1.175556485e-05,5.05769229,13.8,1.0678281639999999e-06,1.5281644399999996e-06,9.25317637e-07,6.645167789999999e-07,5.37461656e-07,4.39296387e-07,3.70269334e-07,3.32422066e-07,7.11653793e-07,1.72788511e-07,2.50015899e-06,85.9573996,48.2029157,3.1564906399999997e-10,9.2083125,0.00138376801,0.0928685121,2.7239890399999997e-06,4.6669865600000006e-07,0.00134490195,0.08805310250000001,2.7239890399999997e-06,4.6669865600000006e-07,0.000834997279,0.03466187229999999,2.7239890399999997e-06,4.6669865600000006e-07,0.00127471842,0.079259187,2.7239890399999997e-06,4.6669865600000006e-07,2.4458674669265745
113,1678918800,1.87040114e-05,1.87040198e-05,-0.008103682349999999,-0.01189152993,0.0175208687,0.0034520204299999997,0.00710728776,0.00553829516,1.26582278e-06,1.1850447049999999e-05,5.16608385,15.3,1.10589633e-06,1.5271953300000002e-06,9.56250272e-07,6.785957e-07,5.37845946e-07,4.336381899999999e-07,3.7403168300000004e-07,3.2484850999999994e-07,7.20966145e-07,1.71535555e-07,2.52118127e-06,85.808654,47.9395708,3.20803224e-10,9.2066676,0.0013849963100000002,0.093126554,2.5764897600000004e-06,4.6170657799999994e-07,0.00137048915,0.09104154519999999,2.5764897600000004e-06,4.6170657799999994e-07,0.0008617041909999999,0.0363423042,2.5764897600000004e-06,4.6170657799999994e-07,0.0012694614599999998,0.0792785781,2.5764897600000004e-06,4.6170657799999994e-07,2.446021842956543
113,1678919400,1.8604361e-05,1.8604364600000002e-05,-0.0022656026599999998,-0.0007241837599999996,0.0174778576,0.0034422372800000005,0.0070827903,0.0055270654099999995,1.26337011e-06,1.1526431600000001e-05,5.22902094,14.4,1.0766682629999998e-06,1.54818708e-06,9.530384599999999e-07,6.782942270000001e-07,5.224656059999999e-07,4.3087847199999997e-07,3.7410225199999996e-07,3.2766859799999997e-07,7.12451794e-07,1.6987247e-07,2.50851965e-06,85.8319891,47.97196029999999,3.18046951e-10,9.20779785,0.00137778652,0.0924990111,2.3081317100000004e-06,4.33268642e-07,0.00137028039,0.09118575179999999,2.3081317100000004e-06,4.33268642e-07,0.000828969773,0.0341337468,2.3081317100000004e-06,4.33268642e-07,0.00128996882,0.08089378960000002,2.3081317100000004e-06,4.33268642e-07,2.4459894418716432
113,1678920000,1.8632766e-05,1.8632767899999996e-05,-0.0089575813,0.006470001000000003,0.017632910300000006,0.0034422828700000005,0.007075857100000001,0.005530939140000001,1.32490465e-06,1.25436382e-05,5.229021019999999,14.6,1.0963394699999998e-06,1.51670977e-06,9.06038585e-07,6.94557566e-07,5.613285619999999e-07,4.4189733399999997e-07,3.74548865e-07,3.1961202500000003e-07,7.10133911e-07,1.70705132e-07,2.5244543000000004e-06,86.0536195,48.23150220000001,3.1802647199999997e-10,9.2087503,0.0013995603500000001,0.0948040381,2.8835715e-06,4.911809480000001e-07,0.00135326321,0.08901673600000001,2.8835715e-06,4.911809480000001e-07,0.000852273292,0.036731685199999996,2.8835715e-06,4.911809480000001e-07,0.0012733178000000002,0.07940537660000001,2.8835715e-06,4.911809480000001e-07,2.445974922180176
113,1678920600,1.84141015e-05,1.84141049e-05,-0.001035244153,0.014538759828,0.017288525,0.0034219701399999997,0.0070404045400000006,0.00550496274,1.20889031e-06,1.1270799999999999e-05,4.78321667,13.3,1.00469669e-06,1.48919858e-06,9.542674159999999e-07,6.920759390000001e-07,5.212794919999999e-07,4.39167638e-07,3.6349832299999994e-07,3.2590361299999995e-07,7.25074832e-07,1.71703784e-07,2.52014717e-06,86.0973534,48.6382574,3.1213730299999997e-10,9.2102666,0.0013932479800000002,0.09426831199999999,2.7504313100000002e-06,4.4993537800000003e-07,0.00136410823,0.0903450885,2.7504313100000002e-06,4.4993537800000003e-07,0.0008197981909999999,0.0333596932,2.7504313100000002e-06,4.4993537800000003e-07,0.00123846452,0.0745479251,2.7504313100000002e-06,4.4993537800000003e-07,2.445923638343811
113,1678921200,1.8471304399999998e-05,1.8471310399999998e-05,-0.0014306621832,0.01763667136,0.0181277116,0.00342721389,0.00707270453,0.00549206675,1.22458724e-06,1.13116605e-05,5.15559437,13.5,1.08425428e-06,1.44831592e-06,9.869658300000002e-07,6.59260737e-07,5.170584700000001e-07,4.32045572e-07,3.67184096e-07,3.3065712299999996e-07,7.120508630000001e-07,1.7175391200000004e-07,2.52608968e-06,86.2248749,48.5647635,3.13673544e-10,9.21164495,0.00137121115,0.091725848,2.99104474e-06,4.93423585e-07,0.00136292796,0.0900985434,2.99104474e-06,4.93423585e-07,0.000852467956,0.0364480319,2.99104474e-06,4.93423585e-07,0.00125158015,0.0762343089,2.99104474e-06,4.93423585e-07,2.4459693670272826
113,1678921800,1.87396017e-05,1.87396057e-05,-0.0017778118999999984,-0.0029704879000000003,0.0178171029,0.00345555206,0.007112470060000001,0.00554263651,1.3094914e-06,1.211388545e-05,5.208041930000001,14.2,1.082797317e-06,1.51493692e-06,9.668951199999999e-07,6.87081454e-07,5.46222132e-07,4.4172687900000003e-07,3.82174282e-07,3.33695827e-07,7.209093569999999e-07,1.7173083499999997e-07,2.5216001099999995e-06,85.8134636,48.047167599999995,3.2046394e-10,9.2074946,0.0014035207100000003,0.096176935,2.31272559e-06,4.46772145e-07,0.00136046869,0.089822954,2.31272559e-06,4.46772145e-07,0.0008497743329999999,0.0356553968,2.31272559e-06,4.46772145e-07,0.0012809061,0.07950854589999999,2.31272559e-06,4.46772145e-07,2.44596586227417
113,1678922400,1.90476429e-05,1.90476471e-05,0.0029125305000000006,0.12880003419999997,0.018598558499999997,0.00347175756,0.007166292649999999,0.00556113564,1.7225598899999998e-06,1.61692401e-05,5.40734262,21.2,1.082593333e-06,1.5410523000000001e-06,9.68369107e-07,7.874996849999999e-07,5.49198122e-07,4.5737005099999995e-07,3.9874140699999995e-07,3.24462481e-07,7.35440177e-07,1.7338319e-07,2.5056910399999997e-06,85.5290984,47.5617636,3.28612722e-10,9.204736400000002,0.00141322919,0.0994978735,2.5182909599999995e-06,4.686644359999999e-07,0.00137615702,0.093509249,2.5182909599999995e-06,4.686644359999999e-07,0.0008345049630000001,0.035202132,2.5182909599999995e-06,4.686644359999999e-07,0.00129362185,0.08093832749999999,2.5182909599999995e-06,4.686644359999999e-07,2.4460059881210325
113,1678923000,1.8728369888888888e-05,1.8728374444444443e-05,-0.007257732344444444,0.022705154366666664,0.017351050111111113,0.003450610388888889,0.007128861633333334,0.005558668444444445,1.2217302777777775e-06,1.1978128666666666e-05,5.132090022222222,15.0,1.0904251222222223e-06,1.5536873666666666e-06,9.22259361111111e-07,7.021637066666668e-07,5.3410919e-07,4.3730697111111104e-07,3.8659681555555554e-07,3.301609911111111e-07,7.210421777777778e-07,1.7047319333333336e-07,2.5159024666666668e-06,85.83798333333333,47.91337266666667,3.2087015333333334e-10,9.207349,0.0014007994666666668,0.09554443555555554,2.5190445444444447e-06,4.506808722222222e-07,0.0013682606999999999,0.09037021822222223,2.5190445444444447e-06,4.506808722222222e-07,0.0008421749611111112,0.03498845977777778,2.5190445444444447e-06,4.506808722222222e-07,0.0012866472,0.07968946455555555,2.5190445444444447e-06,4.506808722222222e-07,2.445980707804362
113,1678923600,1.8818718500000004e-05,1.88187221e-05,-0.0021041402130000005,0.014980530654000002,0.0174489223,0.00345858107,0.00712132941,0.00554107639,1.3631235499999998e-06,1.2299748900000001e-05,5.159090869999999,15.0,1.0653540799999999e-06,1.5274087699999998e-06,9.367219230000001e-07,7.30149374e-07,5.67715687e-07,4.66395684e-07,3.87557554e-07,3.21238948e-07,7.224491530000001e-07,1.68675598e-07,2.51566895e-06,85.6745026,47.879670899999994,3.22236911e-10,9.206303049999999,0.00142495315,0.09880902,2.39634876e-06,4.30005064e-07,0.00136874258,0.0909798458,2.39634876e-06,4.30005064e-07,0.0008414664049999999,0.0347713182,2.39634876e-06,4.30005064e-07,0.00127505768,0.0787931055,2.39634876e-06,4.30005064e-07,2.446017622947693
113,1678924200,1.85397592e-05,1.85397631e-05,-0.0028026244279999997,-0.0026602708999999996,0.017461026900000003,0.00343740228,0.00708935138,0.00552064907,1.21577506e-06,1.1586154549999999e-05,5.09790205,14.6,1.0132312099999998e-06,1.5580260800000001e-06,9.5145894e-07,6.80544919e-07,5.51558748e-07,4.269042089999999e-07,3.76876035e-07,3.2013564899999995e-07,7.07368658e-07,1.71147702e-07,2.51255142e-06,86.0067884,48.2627069,3.1605274400000004e-10,9.208828549999998,0.0013924044800000001,0.09395840750000001,2.63943185e-06,4.36339773e-07,0.00137115881,0.091295561,2.63943185e-06,4.36339773e-07,0.000817876266,0.0331570611,2.63943185e-06,4.36339773e-07,0.00126256866,0.0780382575,2.63943185e-06,4.36339773e-07,2.44606876373291
113,1678924800,1.87049383e-05,1.8704944e-05,0.007041260660000001,-0.0016687453599999985,0.016926897599999997,0.0034519150900000004,0.00713805137,0.0055403230300000005,1.25575624e-06,1.167104775e-05,5.22727277,14.7,1.063053224e-06,1.5441060899999998e-06,9.608962690000001e-07,6.766960180000001e-07,5.51069391e-07,4.4604910499999993e-07,3.6767710100000004e-07,3.35433397e-07,7.133202209999999e-07,1.72146226e-07,2.52196628e-06,85.82734350000001,48.070616,3.19621634e-10,9.207834250000001,0.0013997945400000002,0.094691989,2.55390965e-06,4.4460474799999996e-07,0.0013806887600000001,0.0925955205,2.55390965e-06,4.4460474799999996e-07,0.0008441409589999999,0.03517068079999999,2.55390965e-06,4.4460474799999996e-07,0.00126403362,0.077963103,2.55390965e-06,4.4460474799999996e-07,2.4460296630859375
113,1678925400,1.9961806099999997e-05,1.9961808300000003e-05,0.00030133539999999977,0.50605872133,0.021907016699999997,0.0035275403800000002,0.007281161650000001,0.0056469727,2.84200458e-06,2.724209055e-05,6.178321670000001,34.3,1.0408317079999999e-06,1.5896009100000001e-06,1.0574291469999998e-06,9.468702820000001e-07,6.5114533e-07,4.7137825400000005e-07,4.16923324e-07,3.44271593e-07,7.508915759999999e-07,1.72585222e-07,2.53894574e-06,84.75735089999999,46.719690299999996,3.49662828e-10,9.194755250000002,0.00147333717,0.114365929,2.4978092599999993e-06,4.25242706e-07,0.0014148006500000001,0.1001602785,2.4978092599999993e-06,4.25242706e-07,0.000825644573,0.0335103222,2.4978092599999993e-06,4.25242706e-07,0.0012991075499999998,0.0821945191,2.4978092599999993e-06,4.25242706e-07,2.4460294008255006
113,1678926000,1.8704756700000002e-05,1.87047607e-05,0.00883893214,-0.002718782739999999,0.017595581000000002,0.0034522385499999994,0.00711163826,0.005538271459999999,1.2975723799999998e-06,1.13979156e-05,5.16433564,14.6,1.0790536300000001e-06,1.4864245900000001e-06,9.587017099999999e-07,7.147142769999999e-07,5.47770653e-07,4.4465059e-07,3.88101945e-07,3.26893705e-07,7.12605147e-07,1.7103361e-07,2.52237551e-06,85.7505771,48.06592260000001,3.1939157900000003e-10,9.207541350000001,0.0014104710400000002,0.0965832056,2.5678170800000003e-06,4.50589623e-07,0.0013655687700000001,0.09020846699999999,2.5678170800000003e-06,4.50589623e-07,0.0008553415290000002,0.0361061787,2.5678170800000003e-06,4.50589623e-07,0.00125737165,0.07675778739999999,2.5678170800000003e-06,4.50589623e-07,2.445904016494751
113,1678926600,2.0303368e-05,2.03033729e-05,0.009012302259999999,0.30668204740000005,0.020383565599999997,0.00355870664,0.0073413207999999995,0.00569791415,2.64747416e-06,2.2779482e-05,6.84965032,28.6,1.05457409e-06,1.5552086000000002e-06,1.22923896e-06,9.324960440000001e-07,6.41384676e-07,4.86678267e-07,3.9937800300000003e-07,3.6666449e-07,7.75912343e-07,1.70575049e-07,2.53952572e-06,84.6030888,46.523654799999996,3.5848252899999994e-10,9.193373150000001,0.0014890588399999998,0.11675218899999998,2.64971222e-06,4.6140006600000007e-07,0.00145162664,0.10714449109999999,2.64971222e-06,4.6140006600000007e-07,0.000830097197,0.0343708046,2.64971222e-06,4.6140006600000007e-07,0.0012685617799999998,0.0788177581,2.64971222e-06,4.6140006600000007e-07,2.4459518432617187
113,1678927200,2.00727103e-05,2.00727145e-05,0.00516402586,0.6078713608,0.0219653016,0.0035355328,0.007277160449999999,0.00564638616,2.89035123e-06,2.55634604e-05,6.192307530000001,31.9,1.0519775339999999e-06,1.5036137e-06,1.0786732860000002e-06,9.839757980000001e-07,6.781186060000001e-07,4.92539097e-07,4.1125229899999996e-07,3.493112660000001e-07,7.74374741e-07,1.7400504099999997e-07,2.5384728600000006e-06,84.63787909999999,46.742683,3.5188639e-10,9.1948416,0.0014770223399999999,0.11741436940000001,2.6175478499999996e-06,4.44386914e-07,0.00141824118,0.099856863,2.6175478499999996e-06,4.44386914e-07,0.0008325815279999999,0.0346397076,2.6175478499999996e-06,4.44386914e-07,0.00126555234,0.07756005690000001,2.6175478499999996e-06,4.44386914e-07,2.4459856033325194
113,1678927800,1.87692845e-05,1.87692887e-05,0.00393803106,0.004619724170000001,0.017425050200000004,0.00345450568,0.007145439200000001,0.005561255080000001,1.29785813e-06,1.159248215e-05,5.14860137,14.9,1.112891027e-06,1.50137669e-06,9.913679000000002e-07,6.91655488e-07,5.295856009999999e-07,4.59233466e-07,3.7528091399999994e-07,3.14940791e-07,7.261839659999999e-07,1.71777471e-07,2.51031225e-06,85.643148,47.792933700000006,3.22404714e-10,9.204153299999998,0.00140322577,0.095180728,3.0387964199999997e-06,4.85142137e-07,0.00137835927,0.092019213,3.0387964199999997e-06,4.85142137e-07,0.0008583531129999998,0.0368058094,3.0387964199999997e-06,4.85142137e-07,0.00127268944,0.07820165999999999,3.0387964199999997e-06,4.85142137e-07,2.445882225036621
113,1678928400,1.9316235e-05,1.9316236199999998e-05,0.0008669176600000003,0.12594738834000002,0.019068160849999998,0.0034919959199999997,0.007198037460000001,0.005577364810000001,1.7562174300000004e-06,1.53176171e-05,5.6765734199999995,21.4,1.083287645e-06,1.46695005e-06,1.042131955e-06,8.407341459999999e-07,5.818880120000001e-07,4.5804851200000006e-07,4.06145493e-07,3.30313591e-07,7.485984589999999e-07,1.71047145e-07,2.5289376e-06,85.2834525,47.477691199999995,3.33774757e-10,9.20087105,0.0014479764199999997,0.1045994066,2.14726283e-06,4.2293011099999997e-07,0.00140046512,0.0962896021,2.14726283e-06,4.2293011099999997e-07,0.0008446590379999998,0.034867685999999995,2.14726283e-06,4.2293011099999997e-07,0.00126159126,0.077388808,2.14726283e-06,4.2293011099999997e-07,2.4458417177200316
113,1678929000,2.15216475e-05,2.15216499e-05,-0.03995645459,2.2516062710999996,0.026526974,0.0035811891499999996,0.007350538890000001,0.00569218086,6.1862046699999995e-06,6.0073230100000007e-05,6.94055949,42.8,1.0905740399999998e-06,1.50395963e-06,1.158464351e-06,1.4527739070000002e-06,7.014745009999999e-07,5.352245730000001e-07,4.40351798e-07,3.5070253499999997e-07,7.981913859999999e-07,1.7309831600000001e-07,2.55598154e-06,83.9545196,45.8835184,3.9013487400000004e-10,9.1841477,0.0015198779900000002,0.1377122261,2.4257484499999997e-06,4.4528593799999997e-07,0.00144098901,0.115081243,2.4257484499999997e-06,4.4528593799999997e-07,0.0008580208709999999,0.036245259200000005,2.4257484499999997e-06,4.4528593799999997e-07,0.00126945922,0.0779319706,2.4257484499999997e-06,4.4528593799999997e-07,2.4458589792251586
113,1678929600,1.9964147800000002e-05,1.9964152e-05,0.003394778879999999,0.6191695220800001,0.0210259174,0.00352776088,0.00725416042,0.00563151007,2.6027003599999997e-06,2.50151419e-05,6.143356580000001,23.1,1.0597893240000002e-06,1.5216241e-06,1.105690885e-06,9.316349250000001e-07,6.419923830000001e-07,4.7518369799999997e-07,4.00211203e-07,3.39279975e-07,7.76417335e-07,1.7020476000000004e-07,2.55999316e-06,84.80322500000001,46.96014460000001,3.4907501300000003e-10,9.1967307,0.0014800656899999999,0.11374614590000001,2.7399310300000003e-06,4.730384569999999e-07,0.0014032733799999998,0.10007931839999999,2.7399310300000003e-06,4.730384569999999e-07,0.000839153829,0.03498896730000001,2.7399310300000003e-06,4.730384569999999e-07,0.0012737332400000001,0.07897822950000001,2.7399310300000003e-06,4.730384569999999e-07,2.4459118127822874
113,1678930200,2.0839441e-05,2.08394477e-05,0.01043465255,0.354827231,0.0230780156,0.00359938651,0.007427432100000001,0.005760061740000001,3.00440068e-06,2.5707489800000004e-05,7.2587413,37.9,1.11876277e-06,1.5843653599999997e-06,1.1173033799999999e-06,1.1063365619999998e-06,6.73533237e-07,5.05423026e-07,4.27395348e-07,3.6221881299999995e-07,7.9385959e-07,1.6966015699999999e-07,2.56084539e-06,84.02763239999999,45.910123399999996,3.7075461200000004e-10,9.1890621,0.00151715772,0.1231228281,2.3527020199999996e-06,4.2953196300000004e-07,0.0014585011899999997,0.1076492434,2.3527020199999996e-06,4.2953196300000004e-07,0.000849651964,0.0355299376,2.3527020199999996e-06,4.2953196300000004e-07,0.00131500057,0.08313557359999998,2.3527020199999996e-06,4.2953196300000004e-07,2.4459301233291626
113,1678930800,2.13458884e-05,2.13458959e-05,0.00986008487,0.6478444604000001,0.022318268999999998,0.0036002013599999994,0.00740206576,0.00572326412,3.7643351099999998e-06,3.355838070000001e-05,7.29720282,34.6,1.09351354e-06,1.56003172e-06,1.2189200469999999e-06,1.158665543e-06,7.569839770000001e-07,5.17632466e-07,4.45767924e-07,3.50581498e-07,8.11796345e-07,1.72707474e-07,2.5862842800000003e-06,84.1513204,46.229553200000005,3.84716975e-10,9.187710650000001,0.00152993587,0.13368122919999997,2.9226364600000003e-06,4.78946214e-07,0.0014593677200000002,0.11322077089999998,2.9226364600000003e-06,4.78946214e-07,0.0008486793790000001,0.0359974017,2.9226364600000003e-06,4.78946214e-07,0.00127372319,0.0781756884,2.9226364600000003e-06,4.78946214e-07,2.4459330797195435
113,1678931400,1.87552342e-05,1.87552423e-05,0.0075171483,-0.017535113499999998,0.017789180600000003,0.00345887873,0.007122232889999999,0.00556544333,1.2887216499999998e-06,1.1767999700000002e-05,5.150349650000001,14.1,1.0992075999999998e-06,1.5531378499999999e-06,9.61210013e-07,6.65249833e-07,5.47454597e-07,4.51856787e-07,3.79345729e-07,3.13132527e-07,7.163558929999999e-07,1.72176481e-07,2.51847768e-06,85.747715,47.870012700000004,3.2097075099999995e-10,9.20719145,0.00139265664,0.0943813251,2.63068557e-06,4.5102719499999997e-07,0.00135728914,0.0895436786,2.63068557e-06,4.5102719499999997e-07,0.000859329633,0.0362275732,2.63068557e-06,4.5102719499999997e-07,0.00129403953,0.08081701820000001,2.63068557e-06,4.5102719499999997e-07,2.446044850349426
113,1678932000,1.9971045500000004e-05,1.9971050199999996e-05,-0.0103725013,0.6171145872899999,0.0212913098,0.0035234571500000005,0.00725850639,0.00562830974,2.95296843e-06,2.70551165e-05,6.29020959,29.6,1.0560909699999998e-06,1.58305856e-06,1.062356893e-06,9.315920620000001e-07,6.190005989999999e-07,4.86257327e-07,4.01550435e-07,3.54091493e-07,7.75545979e-07,1.70719857e-07,2.545192e-06,84.872123,46.9391961,3.49330954e-10,9.197355249999998,0.00145787878,0.1142880516,2.53174886e-06,4.5572383900000006e-07,0.0014071762599999998,0.098655208,2.53174886e-06,4.5572383900000006e-07,0.000836687998,0.0347836492,2.53174886e-06,4.5572383900000006e-07,0.0012834221999999998,0.0800997863,2.53174886e-06,4.5572383900000006e-07,2.445937085151672
113,1678932600,1.95338286e-05,1.9533833699999997e-05,0.013262223210000002,0.12794727379999998,0.0190579754,0.0035140172299999994,0.007246878309999999,0.00562685081,1.8552734000000003e-06,1.6365569099999998e-05,6.02272723,22.3,1.1169695049999999e-06,1.54232998e-06,1.0344914990000002e-06,7.863184750000001e-07,6.171579660000001e-07,4.863168900000001e-07,3.86913289e-07,3.4496646200000003e-07,7.44609601e-07,1.7059168e-07,2.536212e-06,85.12985150000002,47.062062000000005,3.39432184e-10,9.199620800000002,0.0014491779099999997,0.1047128629,2.4720290399999997e-06,4.46038096e-07,0.00140870202,0.09792810499999999,2.4720290399999997e-06,4.46038096e-07,0.0008180418530000001,0.0335722854,2.4720290399999997e-06,4.46038096e-07,0.0013080709899999999,0.08243723350000001,2.4720290399999997e-06,4.46038096e-07,2.445903992652893
113,1678933200,1.93040008e-05,1.93040045e-05,0.00385618375,0.12412297182999998,0.019161709399999997,0.0034961386400000002,0.007197554409999999,0.005608515659999999,1.7347338599999999e-06,1.6288671149999993e-05,5.720279700000001,21.6,1.0990272799999998e-06,1.5316921899999997e-06,1.0357403500000001e-06,7.705678980000001e-07,5.73822263e-07,4.796858729999999e-07,4.01571016e-07,3.3241217299999994e-07,7.314015360000001e-07,1.72663021e-07,2.5233716099999996e-06,85.2086449,47.259167999999995,3.3320167900000004e-10,9.20201115,0.0014427586,0.1020109499,2.28364269e-06,4.3595808600000004e-07,0.0014122450299999998,0.09804993,2.28364269e-06,4.3595808600000004e-07,0.0008591272130000001,0.0359876257,2.28364269e-06,4.3595808600000004e-07,0.0012630283099999999,0.07812759729999999,2.28364269e-06,4.3595808600000004e-07,2.4458802700042725
113,1678933800,2.1048527300000002e-05,2.1048529999999995e-05,0.0146901031,0.21274409086,0.0211690302,0.0036123266199999996,0.007490919060000001,0.005814815910000001,2.4129756e-06,2.04663462e-05,7.70979023,29.0,1.0937980449999998e-06,1.56735679e-06,1.1371447460000002e-06,8.742902390000001e-07,6.84231526e-07,7.271026650000001e-07,4.57473564e-07,4.6219511e-07,8.252960690000001e-07,1.71378661e-07,2.52397305e-06,84.0382174,46.157314400000004,3.7720561600000004e-10,9.187173149999998,0.00154040779,0.12401888339999997,3.18925189e-06,5.03185421e-07,0.00143901696,0.1032500204,3.18925189e-06,5.03185421e-07,0.0008474108389999998,0.0362828989,3.18925189e-06,5.03185421e-07,0.00129114572,0.08123202669999999,3.18925189e-06,5.03185421e-07,2.4458204984664915
113,1678934400,1.93636865e-05,1.9363689999999998e-05,0.008943728100000001,0.033614839300000005,0.0188704226,0.0035082944199999995,0.007230124270000001,0.0056323326200000004,1.4885049699999998e-06,1.4298889349999998e-05,5.8513985900000005,18.2,1.0536769400000002e-06,1.5697392499999998e-06,1.0641561499999999e-06,7.80152587e-07,6.07144904e-07,4.722571000000001e-07,3.8800349e-07,3.2901528e-07,7.2433853e-07,1.73665739e-07,2.51965922e-06,85.14905710000001,47.070297599999996,3.3541733899999996e-10,9.200634099999998,0.0014605608,0.10496927559999998,2.5540778e-06,4.3796446100000013e-07,0.00141138531,0.0964569555,2.5540778e-06,4.3796446100000013e-07,0.000841374623,0.034828957199999996,2.5540778e-06,4.3796446100000013e-07,0.00129158281,0.0811384335,2.5540778e-06,4.3796446100000013e-07,2.4458106994628905
113,1678935000,1.89274649e-05,1.8927468700000002e-05,0.004317282704,0.03681717637,0.0187296952,0.00346673341,0.0071398775999999995,0.00558121388,1.42621646e-06,1.3637872099999999e-05,5.40559439,16.2,1.0926795099999997e-06,1.51397018e-06,9.702074410000003e-07,7.50282173e-07,5.590120939999999e-07,4.36540187e-07,3.93307648e-07,3.26432151e-07,7.254858700000001e-07,1.7574961799999999e-07,2.52002918e-06,85.64173149999999,47.79921159999999,3.24602932e-10,9.20600345,0.0014061827600000002,0.09709747560000001,2.5426677e-06,4.557922979999999e-07,0.00136867334,0.0914391669,2.5426677e-06,4.557922979999999e-07,0.000838623526,0.03509116190000001,2.5426677e-06,4.557922979999999e-07,0.0012987705500000003,0.081567283,2.5426677e-06,4.557922979999999e-07,2.4458213329315184
113,1678935600,2.06994847e-05,2.0699489399999997e-05,-0.009795573240000004,1.0014708159599999,0.0219753672,0.00355284689,0.00731180731,0.00567646198,4.110700680000001e-06,3.66982844e-05,6.363636230000001,26.5,1.11988494e-06,1.5964665600000001e-06,1.038136922e-06,1.2119914830000001e-06,6.752131459999999e-07,5.193143670000001e-07,4.2278936299999996e-07,3.41581308e-07,7.329345570000001e-07,1.7138558800000004e-07,2.52000142e-06,84.5088494,46.3192289,3.7281533100000004e-10,9.189535150000001,0.00149766176,0.13244821410000002,2.5138856199999997e-06,4.54813213e-07,0.00139498109,0.09939051009999998,2.5138856199999997e-06,4.54813213e-07,0.0008429957720000001,0.0351822001,2.5138856199999997e-06,4.54813213e-07,0.0013189461199999998,0.0842458821,2.5138856199999997e-06,4.54813213e-07,2.4459297895431518
113,1678936200,1.88718603e-05,1.88718677e-05,-0.00989306966,0.0364051565352,0.0189223917,0.00346380381,0.007125411680000001,0.00555465481,1.45754806e-06,1.3459262200000001e-05,5.46853141,21.4,1.0618922530000001e-06,1.51163675e-06,9.523016169999999e-07,7.61156128e-07,5.708914819999999e-07,4.437749670000001e-07,3.87848389e-07,3.3105525799999995e-07,7.21182034e-07,1.7360187500000002e-07,2.52053763e-06,85.570031,47.849419700000006,3.2371026399999996e-10,9.205432,0.00141638998,0.098948958,2.42586329e-06,4.21357243e-07,0.0013725575900000002,0.091412149,2.42586329e-06,4.21357243e-07,0.000849002037,0.035122247999999995,2.42586329e-06,4.21357243e-07,0.0012634999399999999,0.0778151838,2.42586329e-06,4.21357243e-07,2.445856475830078
113,1678936800,2.07106799e-05,2.07106834e-05,-0.015287671519999999,1.16662417178,0.0253821408,0.00357117263,0.00732773976,0.0056942367500000006,4.19780832e-06,4.19348351e-05,6.91083902,42.7,1.02861497e-06,1.5266584e-06,1.204634557e-06,1.115659599e-06,7.37422216e-07,5.27191106e-07,4.2345730699999993e-07,3.51621957e-07,7.595870539999999e-07,1.7114608200000002e-07,2.5092883e-06,83.84478779999999,45.530119400000004,3.6884995700000007e-10,9.186077800000001,0.0015283916200000002,0.12582697240000001,2.68030412e-06,4.5217457600000003e-07,0.00145519838,0.11184199580000001,2.68030412e-06,4.5217457600000003e-07,0.0008283527549999999,0.034209259,2.68030412e-06,4.5217457600000003e-07,0.0012645809200000002,0.0775277722,2.68030412e-06,4.5217457600000003e-07,2.445827341079712
113,1678937400,2.0290163800000003e-05,2.02901664e-05,0.0004128536200000008,0.31310804127999997,0.021501611299999997,0.0035641851,0.007362519620000001,0.00572113961,2.62929557e-06,2.24220738e-05,6.809440650000001,35.5,1.0833088e-06,1.59278427e-06,1.1121637460000001e-06,9.74650054e-07,6.9373029e-07,4.90394137e-07,4.18022469e-07,3.39800513e-07,7.38553558e-07,1.70939634e-07,2.53070954e-06,84.3799321,46.044119699999996,3.5773776699999996e-10,9.192401499999999,0.0014993642599999998,0.117327755,2.5864576300000004e-06,4.65937322e-07,0.0014361282500000001,0.104702934,2.5864576300000004e-06,4.65937322e-07,0.0008448398339999999,0.03542644859999999,2.5864576300000004e-06,4.65937322e-07,0.0012934397299999999,0.08203415080000001,2.5864576300000004e-06,4.65937322e-07,2.4457499742507935
113,1678938000,1.88232962e-05,1.88233009e-05,-0.003949289895,0.003999307100000002,0.0172081443,0.0034591338900000004,0.00712494553,0.0055622503,1.3065340799999999e-06,1.17964111e-05,5.28846152,15.0,1.0512798299999999e-06,1.55968868e-06,9.9596379e-07,7.1212119e-07,5.491439149999999e-07,4.4391714400000004e-07,3.70163255e-07,3.1860888500000005e-07,7.256628189999999e-07,1.7236511399999999e-07,2.51267064e-06,85.77719040000001,47.83605010000001,3.2237853e-10,9.207097800000001,0.0014024475500000002,0.0952951884,2.46927766e-06,4.4022177499999993e-07,0.00139940207,0.0944755256,2.46927766e-06,4.4022177499999993e-07,0.0008370882189999999,0.0349175771,2.46927766e-06,4.4022177499999993e-07,0.0012797061000000003,0.07934532789999998,2.46927766e-06,4.4022177499999993e-07,2.44585645198822
113,1678938600,1.94852081e-05,1.9485211e-05,0.0018823814000000015,0.11912687375000001,0.0193761623,0.00351056078,0.00726067069,0.00562388683,1.86063812e-06,1.72657701e-05,5.828671300000001,25.4,1.15396039e-06,1.5350659700000001e-06,1.02336804e-06,8.450824250000001e-07,5.93237454e-07,4.50187219e-07,3.8415072300000004e-07,3.39360311e-07,7.41619728e-07,1.73232621e-07,2.50329255e-06,84.99462899999999,46.7713698,3.3871407800000005e-10,9.1990072,0.0014556276399999997,0.10567253839999999,2.4680941e-06,4.71679863e-07,0.00139819292,0.0972437801,2.4680941e-06,4.71679863e-07,0.0008663864579999999,0.0372143098,2.4680941e-06,4.71679863e-07,0.00129579658,0.08095788219999998,2.4680941e-06,4.71679863e-07,2.4458542823791505
113,1678939200,2.1133243200000004e-05,2.1133245200000003e-05,0.008636665862,0.6541383748599999,0.023977528199999997,0.0036128671,0.0074561500300000015,0.00578105966,3.7786847099999997e-06,3.32442113e-05,7.118881119999999,38.9,1.07994465e-06,1.52848592e-06,1.2061254320000003e-06,1.21332845e-06,7.642576189999999e-07,5.20860081e-07,4.05377741e-07,3.6050339900000003e-07,7.680705999999999e-07,1.7173075e-07,2.5479057699999997e-06,83.6669722,45.37564629999999,3.7847401e-10,9.18430385,0.0015628077,0.13440535609999998,2.6856510300000004e-06,4.62267396e-07,0.00147264009,0.11209998920000001,2.6856510300000004e-06,4.62267396e-07,0.000819621764,0.0339121815,2.6856510300000004e-06,4.62267396e-07,0.0012673671000000002,0.0785510009,2.6856510300000004e-06,4.62267396e-07,2.4458962440490724
113,1678939800,2.1719654000000002e-05,2.17196593e-05,-0.009123892499999998,1.062588392574,0.025709948700000002,0.0036480282199999998,0.007518491689999999,0.00581243309,4.34306651e-06,3.841077315e-05,7.851398550000001,49.6,1.06021901e-06,1.5371318199999999e-06,1.3221193000000001e-06,1.3667869910000001e-06,8.001187620000001e-07,5.243827239999999e-07,4.32369476e-07,3.62286328e-07,7.613448210000001e-07,1.69690215e-07,2.5233309300000002e-06,83.16387440000001,44.5906274,3.9366947900000006e-10,9.1779762,0.0016004474499999998,0.14368427150000002,2.3671159500000002e-06,4.2284961199999997e-07,0.00149734368,0.1185010219,2.3671159500000002e-06,4.2284961199999997e-07,0.000848299403,0.0350401315,2.3671159500000002e-06,4.2284961199999997e-07,0.0012780901,0.078504238,2.3671159500000002e-06,4.2284961199999997e-07,2.4459429740905763
113,1678940400,2.04612311e-05,2.04612322e-05,0.014153873450000002,0.39814251848,0.0216465269,0.00357935351,0.00735901442,0.00572051517,3.092800119999999e-06,2.7697202200000002e-05,6.74300698,37.2,1.12740678e-06,1.5331917899999999e-06,1.126125474e-06,1.070217296e-06,7.01566161e-07,4.884826779999999e-07,4.01835573e-07,3.42964205e-07,7.448019350000001e-07,1.69601735e-07,2.5244169299999997e-06,84.1771775,45.7136621,3.6269819699999996e-10,9.1888713,0.00152345879,0.12265374119999999,2.9689352099999997e-06,4.853072999999999e-07,0.00143880256,0.104696799,2.9689352099999997e-06,4.853072999999999e-07,0.0008623124770000001,0.0369107293,2.9689352099999997e-06,4.853072999999999e-07,0.00129009822,0.0803918114,2.9689352099999997e-06,4.853072999999999e-07,2.445938801765442
113,1678941000,1.9359841400000002e-05,1.93598469e-05,-0.0013106535539999997,0.15241396375,0.020307768599999998,0.00349474206,0.00722041076,0.005601500599999999,1.80002357e-06,1.632541035e-05,5.9982517799999995,26.8,1.07659806e-06,1.50164848e-06,1.032224937e-06,8.664826199999999e-07,5.78984156e-07,4.67144026e-07,4.0558663999999996e-07,3.31787984e-07,7.258047340000001e-07,1.6899103400000003e-07,2.52462446e-06,85.1741241,47.2024287,3.354844339999999e-10,9.201124000000002,0.0014561495700000002,0.1058468848,2.4730165699999996e-06,4.35659766e-07,0.0013992228799999998,0.09748760520000001,2.4730165699999996e-06,4.35659766e-07,0.0008412747669999998,0.0347274189,2.4730165699999996e-06,4.35659766e-07,0.00127048591,0.0784110924,2.4730165699999996e-06,4.35659766e-07,2.4458138942718506
113,1678941600,1.90541798e-05,1.90541893e-05,-0.004284202977999999,0.08071294362,0.0192749912,0.0034756831699999996,0.007157644369999999,0.0055837945,1.6469002299999998e-06,1.5611532799999998e-05,5.49825175,22.1,1.10548982e-06,1.5361388099999997e-06,9.89940533e-07,7.665586400000001e-07,5.75176702e-07,4.54857669e-07,3.7670737100000004e-07,3.2330856099999997e-07,7.138983650000001e-07,1.71627414e-07,2.51334061e-06,85.5105953,47.413951899999994,3.2906939599999997e-10,9.2037257,0.00142055697,0.09918675429999999,2.57332346e-06,4.542634e-07,0.00137327174,0.09377651499999999,2.57332346e-06,4.542634e-07,0.000870042981,0.037196958399999994,2.57332346e-06,4.542634e-07,0.0012842352700000001,0.07996303960000001,2.57332346e-06,4.542634e-07,2.445859956741333
113,1678942200,2.00685172e-05,2.0068524700000003e-05,-0.0019345070299999997,0.3044977876,0.0211695376,0.0035461731600000003,0.00729967814,0.005667232140000001,2.60712358e-06,2.2482795849999996e-05,6.569930070000001,31.4,1.0859878499999998e-06,1.5664432e-06,1.0595412850000001e-06,1.039485414e-06,6.521311349999999e-07,4.639365600000001e-07,4.07659826e-07,3.4784406000000003e-07,7.35631346e-07,1.70125113e-07,2.50539653e-06,84.44103650000001,46.14179229999999,3.5266144e-10,9.194219399999998,0.00149936544,0.11836768919999999,2.3885063600000003e-06,4.318293150000001e-07,0.00142269487,0.10181176380000001,2.3885063600000003e-06,4.318293150000001e-07,0.0008228734140000001,0.0341052468,2.3885063600000003e-06,4.318293150000001e-07,0.00129544159,0.0811720844,2.3885063600000003e-06,4.318293150000001e-07,2.445898151397705
113,1678942800,2.0220436200000002e-05,2.0220438900000002e-05,0.001246433799999999,0.9376093451999999,0.0225879646,0.0035388763499999997,0.0072692011700000005,0.0056325103800000005,3.4442172100000004e-06,3.159063025e-05,6.30944048,26.2,1.14043295e-06,1.5419852300000002e-06,1.0388726e-06,1.1812479759999998e-06,5.83571087e-07,4.7274389800000004e-07,4.02099465e-07,3.38518736e-07,7.13806241e-07,1.69191452e-07,2.5277232799999997e-06,84.74652649999999,46.2426716,3.59839181e-10,9.191813900000001,0.00147131132,0.1161299425,2.6282449799999998e-06,4.58247928e-07,0.00142863823,0.1068643655,2.6282449799999998e-06,4.58247928e-07,0.000867166961,0.036842834299999995,2.6282449799999998e-06,4.58247928e-07,0.0012844470600000002,0.0805486685,2.6282449799999998e-06,4.58247928e-07,2.445895624160767
113,1678943400,1.94377595e-05,1.9437763300000002e-05,-0.0045771005499999975,0.42304812633,0.021709996000000002,0.00348823277,0.00718463706,0.00558589492,2.31084832e-06,2.07046002e-05,5.886363560000001,23.8,1.0767712600000001e-06,1.53492649e-06,1.059721797e-06,8.55207467e-07,6.15408761e-07,4.5793412999999997e-07,3.70553994e-07,3.4858103799999997e-07,7.107704929999999e-07,1.70172533e-07,2.5188156599999996e-06,85.205647,47.18313189999999,3.38660686e-10,9.1992716,0.0014384945500000002,0.10702832,2.53891509e-06,4.3613309400000003e-07,0.00139800083,0.09886139000000001,2.53891509e-06,4.3613309400000003e-07,0.000822805444,0.033764893100000005,2.53891509e-06,4.3613309400000003e-07,0.00127850772,0.07956163690000001,2.53891509e-06,4.3613309400000003e-07,2.4459263563156126
113,1678944000,2.0576536199999997e-05,2.0576537399999996e-05,0.0182884249,1.52687961599,0.0236913347,0.00354925124,0.0072748705999999995,0.00565725933,4.13931393e-06,3.922142355e-05,6.23076917,41.2,1.1077995499999999e-06,1.53361149e-06,1.0625051099999999e-06,1.378636598e-06,5.997664789999999e-07,4.5808522799999994e-07,3.88318103e-07,3.3400767300000004e-07,7.19491483e-07,1.70681235e-07,2.5353357e-06,84.5487996,45.9919304,3.69992123e-10,9.189571,0.0014897404600000001,0.12547449230000002,2.3670830399999996e-06,4.5052222099999994e-07,0.00143029239,0.10932805510000002,2.3670830399999996e-06,4.5052222099999994e-07,0.000850455463,0.0358160836,2.3670830399999996e-06,4.5052222099999994e-07,0.00127797102,0.0795514839,2.3670830399999996e-06,4.5052222099999994e-07,2.445893478393555
113,1678944600,1.98458294e-05,1.9845835699999996e-05,0.0086066292,0.39654830939999997,0.0221511556,0.0035281612500000004,0.00725943325,0.00563842956,2.6602098800000002e-06,2.6822380849999996e-05,6.187063,32.8,1.09356038e-06,1.5298112500000003e-06,1.055859944e-06,9.89834288e-07,6.3134884e-07,4.8461457e-07,3.9602064e-07,3.33548475e-07,7.25287059e-07,1.7075271299999999e-07,2.51221089e-06,84.6042665,46.4248185,3.4792853e-10,9.195243399999999,0.00148520943,0.11602170710000001,2.2350653500000003e-06,4.31581321e-07,0.00141285564,0.0996293449,2.2350653500000003e-06,4.31581321e-07,0.0008609316529999999,0.0361622491,2.2350653500000003e-06,4.31581321e-07,0.0012735818200000002,0.0797324142,2.2350653500000003e-06,4.31581321e-07,2.4458863973617553
113,1678945200,2.09709565e-05,2.097096e-05,-0.008336938339999999,0.8887640661,0.024405631499999997,0.0036057248599999994,0.00739972193,0.00575668357,3.7409826049999997e-06,3.6287670350000003e-05,7.14335674,42.9,1.1134260200000002e-06,1.54977963e-06,1.1774507780000001e-06,1.282885893e-06,6.9437826e-07,4.98643243e-07,4.1933751400000003e-07,3.27221639e-07,7.33925435e-07,1.7193780100000003e-07,2.5164627299999997e-06,83.71585590000001,44.978033499999995,3.77260597e-10,9.182679149999998,0.00156076004,0.1323800396,2.51280008e-06,4.7339848e-07,0.00146512872,0.11015375599999999,2.51280008e-06,4.7339848e-07,0.00087656098,0.0378066702,2.51280008e-06,4.7339848e-07,0.00127722706,0.0791674476,2.51280008e-06,4.7339848e-07,2.44592490196228
113,1678945800,2.1640946500000002e-05,2.1640955399999998e-05,0.0008959068999999997,0.39258288496000004,0.0234663348,0.0036595686400000002,0.0075401756,0.00582941345,3.21669285e-06,2.685024009999999e-05,8.050699419999999,39.4,1.02861824e-06,1.5861658600000002e-06,1.014099865e-06,9.668457609999999e-07,9.82770698e-07,8.350022100000001e-07,5.48814485e-07,3.82015233e-07,7.809724030000001e-07,1.74207795e-07,2.5208856e-06,83.27096300000001,45.409032200000006,3.8898071399999997e-10,9.18057915,0.0016321372000000002,0.14879353,2.4762851500000005e-06,4.5066926100000007e-07,0.0014152868900000003,0.0998706876,2.4762851500000005e-06,4.5066926100000007e-07,0.0008066855119999999,0.0331872443,2.4762851500000005e-06,4.5066926100000007e-07,0.00127931384,0.07974600550000001,2.4762851500000005e-06,4.5066926100000007e-07,2.445956802368164
113,1678946400,2.00370738e-05,2.00370767e-05,0.01876580634,0.21127421977,0.021059376999999997,0.0035470507699999995,0.0073323444,0.00568694893,2.33122198e-06,2.126064175e-05,6.421328669999999,29.9,1.1149379799999998e-06,1.5248199100000002e-06,1.03167097e-06,8.01038641e-07,6.359816459999999e-07,5.493471390000002e-07,5.23807103e-07,3.6428103399999997e-07,7.62542982e-07,1.7401956900000002e-07,2.5360615999999998e-06,84.666618,46.7910836,3.50104216e-10,9.1953888,0.0014878898299999998,0.11465680740000002,2.69367037e-06,4.6862831300000006e-07,0.00138364531,0.09375903440000001,2.69367037e-06,4.6862831300000006e-07,0.000855259911,0.0361219163,2.69367037e-06,4.6862831300000006e-07,0.0012991721000000002,0.08125032950000001,2.69367037e-06,4.6862831300000006e-07,2.445955491065979
113,1678947000,1.9656675600000002e-05,1.96566813e-05,0.003967553699999999,0.51395892734,0.022541376299999995,0.0035041130399999995,0.007205186100000001,0.005602902129999999,2.62386208e-06,2.4661587449999998e-05,5.931818089999999,31.1,1.062506924e-06,1.50491579e-06,1.10819412e-06,9.750930549999999e-07,6.25739923e-07,4.5150005499999987e-07,3.7721585200000003e-07,3.3205876699999994e-07,7.132262689999999e-07,1.68526983e-07,2.5093164199999997e-06,84.925476,46.761963200000004,3.4467459199999997e-10,9.19706185,0.00146577965,0.114556434,2.3808596899999996e-06,4.43896413e-07,0.0014341983699999998,0.10294505969999998,2.3808596899999996e-06,4.43896413e-07,0.0008324006700000001,0.034791045300000004,2.3808596899999996e-06,4.43896413e-07,0.00124871724,0.075830327,2.3808596899999996e-06,4.43896413e-07,2.446057081222534
113,1678947600,1.9591328e-05,1.95913334e-05,0.00784549294,0.017137953409999997,0.018621455000000002,0.0035265733599999993,0.007277268139999999,0.005666875409999999,1.4420437299999997e-06,1.287800805e-05,6.0874126099999994,16.8,1.2334265100000002e-06,1.66347272e-06,1.0014069499999999e-06,7.32149688e-07,5.73422472e-07,4.623691230000001e-07,3.86083355e-07,3.3465490899999996e-07,7.2298632e-07,1.7023585899999998e-07,2.5154346299999997e-06,85.04664199999999,46.3629777,3.4317727699999994e-10,9.198064900000002,0.0014297235,0.0998306494,2.74710556e-06,4.96010916e-07,0.00140889106,0.095978159,2.74710556e-06,4.96010916e-07,0.0008935756290000001,0.0395751715,2.74710556e-06,4.96010916e-07,0.0013560049799999998,0.0895143154,2.74710556e-06,4.96010916e-07,2.4459449291229247
113,1678948200,2.11785107e-05,2.11785166e-05,0.00588796504,0.1296856411,0.020117082900000003,0.00366078435,0.007543137950000001,0.00586669981,2.2002602100000002e-06,1.9261039399999997e-05,7.543706350000001,27.6,1.20050877e-06,2.13397684e-06,1.2727742e-06,8.361830780000001e-07,5.784847980000001e-07,4.632515760000001e-07,3.6940001399999996e-07,3.2756822500000003e-07,7.22745634e-07,1.7236910499999998e-07,2.51196221e-06,83.6923093,43.6649588,3.8688167799999996e-10,9.17995665,0.00146223231,0.10619745500000002,2.5838647400000004e-06,4.59085972e-07,0.0015604355,0.12129298200000001,2.5838647400000004e-06,4.59085972e-07,0.000853380846,0.036010158,2.5838647400000004e-06,4.59085972e-07,0.00147938883,0.1065745025,2.5838647400000004e-06,4.59085972e-07,2.4459381818771364
113,1678948800,2.1889310700000003e-05,2.1889316e-05,0.0175888401,0.15943262760000002,0.021450790100000002,0.0037078899799999994,0.007678189249999999,0.005949228709999999,2.4493129499999997e-06,2.07301003e-05,8.32517487,31.9,1.27059207e-06,2.3988060800000003e-06,1.18727053e-06,8.482781589999999e-07,6.10444048e-07,4.69674187e-07,3.9957352000000003e-07,3.306718e-07,7.39937725e-07,1.6884067399999998e-07,2.5205111e-06,83.384173,42.9565959,4.06930868e-10,9.1738411,0.00147465898,0.10940562440000001,2.59871048e-06,4.9286243e-07,0.0015760763299999998,0.12316701999999999,2.59871048e-06,4.9286243e-07,0.0008881625490000001,0.039516009399999996,2.59871048e-06,4.9286243e-07,0.00151461225,0.11695922959999998,2.59871048e-06,4.9286243e-07,2.446033477783203
113,1678949400,2.04503873e-05,2.04503905e-05,0.009321497499999998,-0.0010624305100000002,0.018553253800000002,0.0036099274,0.00745077361,0.005804934360000001,1.70883389e-06,1.488366045e-05,6.725524490000001,20.7,1.2200247e-06,2.05727573e-06,1.06733297e-06,7.585548530000001e-07,5.684049949999999e-07,4.56148287e-07,3.68792062e-07,3.2364928800000003e-07,7.37080676e-07,1.68217222e-07,2.49965366e-06,84.3253124,44.60299619999999,3.68537331e-10,9.185737900000001,0.00143786698,0.10079763690000001,2.93910978e-06,4.73324213e-07,0.00147079909,0.10665246939999999,2.93910978e-06,4.73324213e-07,0.0008455869799999999,0.0355820862,2.93910978e-06,4.73324213e-07,0.0014688604099999999,0.107055594,2.93910978e-06,4.73324213e-07,2.445931553840637
113,1678950000,1.96665416e-05,1.9666549099999998e-05,-0.01319238298,0.029398132870000003,0.0182575713,0.00353625081,0.00727039143,0.0056600861199999995,1.5017179400000002e-06,1.2916295049999999e-05,6.12237748,17.5,1.16756093e-06,1.66873526e-06,1.0506102100000001e-06,7.27790739e-07,6.184944730000001e-07,4.7132683299999997e-07,3.88901772e-07,3.30980133e-07,7.24481404e-07,1.67623691e-07,2.51673364e-06,84.7643683,46.2377546,3.4481201e-10,9.1962468,0.0014398802599999998,0.10156114359999999,2.9473073599999997e-06,5.03544432e-07,0.00142366906,0.09954740690000001,2.9473073599999997e-06,5.03544432e-07,0.0008670336719999999,0.0374762124,2.9473073599999997e-06,5.03544432e-07,0.0013273937400000001,0.08640886760000001,2.9473073599999997e-06,5.03544432e-07,2.4459831953048705
113,1678950600,1.91941703e-05,1.91941747e-05,0.01339451649,-0.00772174511,0.0174712268,0.00349763383,0.007215887629999999,0.005628374649999999,1.36084828e-06,1.29636103e-05,5.75699307,17.4,1.1150900800000001e-06,1.6944353899999999e-06,1.02729303e-06,6.77688497e-07,5.40449413e-07,4.316592519999999e-07,3.79084481e-07,3.1637837699999997e-07,7.26491316e-07,1.70939589e-07,2.5175384600000002e-06,85.3333181,46.907750400000005,3.3344505000000005e-10,9.2008601,0.00140202769,0.0947749205,2.7684275000000003e-06,4.7381107100000005e-07,0.00142400469,0.09849002720000001,2.7684275000000003e-06,4.7381107100000005e-07,0.000821982722,0.0339547336,2.7684275000000003e-06,4.7381107100000005e-07,0.00134087734,0.08769260799999999,2.7684275000000003e-06,4.7381107100000005e-07,2.4459776639938355
113,1678951200,1.9767417199999996e-05,1.97674229e-05,-0.0015196436500000006,0.41358134850000006,0.019835296999999998,0.0035188975800000003,0.00724904822,0.005631550339999999,2.4852910499999997e-06,2.326150415e-05,6.146853119999999,28.2,1.10084639e-06,1.6670652e-06,1.052449865e-06,9.201348130000001e-07,5.57497274e-07,4.7127202399999994e-07,3.943524449999999e-07,3.28606509e-07,7.252178159999999e-07,1.69587514e-07,2.4966185100000004e-06,84.88085240000001,46.3627603,3.4977416799999995e-10,9.1941067,0.00142971266,0.10556347769999999,2.40906443e-06,4.4752748299999996e-07,0.00143396003,0.1048683208,2.40906443e-06,4.4752748299999996e-07,0.000846717055,0.03506343520000001,2.40906443e-06,4.4752748299999996e-07,0.0013169103000000002,0.0844519025,2.40906443e-06,4.4752748299999996e-07,2.4460281133651733
113,1678951800,2.06769235e-05,2.06769275e-05,-0.005365959954000001,0.4791495257019999,0.023929786900000003,0.0035922340800000003,0.00738187418,0.0057385293599999995,3.1964848900000007e-06,3.04582714e-05,7.18881107,40.7,1.07107535e-06,1.6817952599999999e-06,1.1723896599999998e-06,1.076028514e-06,7.07189075e-07,4.71533195e-07,3.93479275e-07,3.3649728000000006e-07,7.455629969999999e-07,1.7339796e-07,2.5094605e-06,83.9802734,45.1994112,3.69323268e-10,9.186251,0.0015186726200000001,0.12314689860000001,2.6531459e-06,4.38627057e-07,0.0014887193800000001,0.11166440650000001,2.6531459e-06,4.38627057e-07,0.0008257324099999999,0.0340449791,2.6531459e-06,4.38627057e-07,0.00131378946,0.0837641044,2.6531459e-06,4.38627057e-07,2.4459382772445677
113,1678952400,1.94133219e-05,1.94133348e-05,0.00011347375000000174,0.03281099875,0.0178088785,0.00350957758,0.00725834408,0.00563755148,1.50883974e-06,1.3672358749999999e-05,6.10139857,19.0,1.1386499199999998e-06,1.61175173e-06,1.00969752e-06,7.750802480000001e-07,5.96341996e-07,4.6219409900000003e-07,3.84058954e-07,3.2065603099999996e-07,7.195462050000001e-07,1.73682019e-07,2.5149643699999998e-06,85.1073083,46.751441500000006,3.3758278799999997e-10,9.200377,0.0014377285200000002,0.10190404629999998,2.9674116e-06,4.69015102e-07,0.00141508606,0.0976498952,2.9674116e-06,4.69015102e-07,0.000853901956,0.036214476499999995,2.9674116e-06,4.69015102e-07,0.00131529148,0.083579773,2.9674116e-06,4.69015102e-07,2.4458879947662355
113,1678953000,1.90818705e-05,1.90818757e-05,-0.0005246207999999999,0.010530085719999999,0.0184666925,0.00348078661,0.0071843420899999995,0.00558359422,1.29120433e-06,1.1965401649999999e-05,5.55419585,15.7,1.1181628999999998e-06,1.5595674199999998e-06,9.734586679999999e-07,7.188857720000001e-07,5.725542029999999e-07,4.6160948799999996e-07,3.8778593199999997e-07,3.35884319e-07,7.29348607e-07,1.68803877e-07,2.51484649e-06,85.47811709999999,47.369106,3.2981631200000005e-10,9.203574049999999,0.0014222295499999999,0.09874310640000002,2.8770112599999995e-06,4.8700555e-07,0.0013903056400000001,0.09325403410000001,2.8770112599999995e-06,4.8700555e-07,0.000840927373,0.035413014300000004,2.8770112599999995e-06,4.8700555e-07,0.0013035223200000001,0.0822406185,2.8770112599999995e-06,4.8700555e-07,2.445951962471008
113,1678953600,1.98986488e-05,1.9898651499999997e-05,-0.00184849453,0.23926984442000002,0.0199203028,0.0035430771200000003,0.00730796366,0.00567984629,2.11010281e-06,1.9064098e-05,6.07517489,24.4,1.1364371999999999e-06,1.74282759e-06,1.051209088e-06,8.37737147e-07,5.90233724e-07,4.64774366e-07,3.9657221800000006e-07,3.25020633e-07,7.25595864e-07,1.6908665100000002e-07,2.50981365e-06,84.7575191,45.9031741,3.5124106100000003e-10,9.1942737,0.00144615596,0.10545660350000001,3.2229358399999997e-06,5.368294649999999e-07,0.00143640832,0.1007585455,3.2229358399999997e-06,5.368294649999999e-07,0.0008475008250000001,0.0368278608,3.2229358399999997e-06,5.368294649999999e-07,0.00134367686,0.0891939506,3.2229358399999997e-06,5.368294649999999e-07,2.4459585666656496
113,1678954200,2.03411342e-05,2.0341136600000002e-05,-0.010607167062,0.33679502670000006,0.0214879158,0.00357282664,0.00736548972,0.0057233390900000005,2.6477598400000003e-06,2.65670675e-05,6.66258751,35.3,1.11532397e-06,1.72588165e-06,1.0706045099999998e-06,9.647454429999998e-07,6.61925395e-07,4.7630581200000006e-07,4.09284667e-07,3.27481823e-07,7.26864419e-07,1.7229731399999997e-07,2.51981507e-06,84.30613400000001,45.5576841,3.6159112399999994e-10,9.189621599999999,0.00149959013,0.1167870625,2.4080460600000003e-06,4.4214984000000003e-07,0.0014401678200000002,0.1034297496,2.4080460600000003e-06,4.4214984000000003e-07,0.0008524881890000001,0.0358491418,2.4080460600000003e-06,4.4214984000000003e-07,0.00133468928,0.0874018289,2.4080460600000003e-06,4.4214984000000003e-07,2.445916271209717
113,1678954800,1.9110558e-05,1.9110563500000003e-05,0.0029042112229999994,0.012571971599999999,0.017851691099999997,0.0034857356200000003,0.007191841360000001,0.0055991184,1.3376909500000001e-06,1.18196887e-05,5.638111780000001,14.8,1.123491993e-06,1.6047493500000002e-06,9.9109539e-07,7.238278760000001e-07,5.557375440000001e-07,4.57971543e-07,3.83856776e-07,3.18440747e-07,7.19745816e-07,1.7068925500000003e-07,2.50565271e-06,85.34618500000002,47.1095861,3.3128461800000003e-10,9.200838749999999,0.00142274343,0.0984770819,2.7912502999999996e-06,4.784407449999999e-07,0.0013974069000000002,0.09534315360000001,2.7912502999999996e-06,4.784407449999999e-07,0.0008639759820000001,0.036958020599999995,2.7912502999999996e-06,4.784407449999999e-07,0.00129426035,0.0818565536,2.7912502999999996e-06,4.784407449999999e-07,2.445986580848694
113,1678955400,1.9217354e-05,1.9217358300000003e-05,0.0027171297999999994,0.0030938096999999993,0.0184358549,0.0034982784899999994,0.00722175466,0.00561305049,1.36776266e-06,1.24104548e-05,5.49125868,15.3,1.1110377299999999e-06,1.59501186e-06,1.0367963200000002e-06,7.20249369e-07,5.60084731e-07,4.67022161e-07,3.9050044999999995e-07,3.21634696e-07,7.30281959e-07,1.6915622499999998e-07,2.5068297899999997e-06,85.2343171,47.00527189999999,3.3296376500000003e-10,9.20184535,0.0014387864700000001,0.10079155520000001,2.63844875e-06,4.434188729999999e-07,0.0013968277399999999,0.09495448,2.63844875e-06,4.434188729999999e-07,0.0008647616989999999,0.0363676669,2.63844875e-06,4.434188729999999e-07,0.00130556774,0.08297340589999999,2.63844875e-06,4.434188729999999e-07,2.446047067642212
113,1678956000,1.99788682e-05,1.99788725e-05,-0.0007727859400000006,0.11037863965700001,0.019608380800000002,0.0035471798200000003,0.007330302990000001,0.005690243,1.7773471399999998e-06,1.4552550349999999e-05,6.57517474,20.1,1.1016993e-06,1.6601978200000001e-06,1.0622143669999999e-06,8.01922136e-07,6.29683522e-07,5.066842210000001e-07,4.2886054299999995e-07,3.46485017e-07,7.447061420000001e-07,1.68527134e-07,2.53842011e-06,84.68260319999999,46.4726267,3.50351783e-10,9.1953276,0.00147975863,0.1105020615,2.74326643e-06,4.2746125999999996e-07,0.00142976984,0.10085263259999999,2.74326643e-06,4.2746125999999996e-07,0.000809113511,0.0324195507,2.74326643e-06,4.2746125999999996e-07,0.00132934076,0.0859032627,2.74326643e-06,4.2746125999999996e-07,2.4459749460220337
113,1678956600,1.99868131e-05,1.99868152e-05,0.00931583039,0.10926761027000001,0.0193049027,0.0035565580200000004,0.007346456970000001,0.00571176642,1.97040283e-06,1.78868939e-05,6.57167825,25.2,1.11750616e-06,1.63695992e-06,1.0606135330000001e-06,8.88306686e-07,6.321718040000001e-07,4.80548251e-07,4.0970859299999996e-07,3.3172240899999996e-07,7.454994900000001e-07,1.7319166e-07,2.5171461e-06,84.65631749999999,46.214746000000005,3.51462488e-10,9.193262299999999,0.00148166917,0.1110443731,2.5514784100000003e-06,4.6100162500000003e-07,0.0014242550500000004,0.0994516366,2.5514784100000003e-06,4.6100162500000003e-07,0.000854710765,0.0361387655,2.5514784100000003e-06,4.6100162500000003e-07,0.00132291092,0.08620889150000001,2.5514784100000003e-06,4.6100162500000003e-07,2.446010446548462
113,1678957200,2.21902592e-05,2.21902624e-05,-0.003710603209999999,0.81963905168,0.0223745693,0.0036502582899999997,0.00751506387,0.005817707060000001,4.7065612600000005e-06,4.09466187e-05,7.690559349999999,32.3,1.13174958e-06,1.6481658299999999e-06,1.144557043e-06,1.5620152249999997e-06,8.490882870000001e-07,5.197720980000001e-07,4.5142181599999997e-07,3.5056082e-07,7.36639299e-07,1.71496853e-07,2.5296354e-06,83.93104509999999,45.400398900000006,4.14090398e-10,9.1791657,0.00158334371,0.154747785,2.5165233999999997e-06,4.53370152e-07,0.0014592645000000002,0.1141242424,2.5165233999999997e-06,4.53370152e-07,0.000828845871,0.034200284100000006,2.5165233999999997e-06,4.53370152e-07,0.00133251881,0.0861251314,2.5165233999999997e-06,4.53370152e-07,2.4459896087646484
113,1678957800,1.89398837e-05,1.89398863e-05,-0.01148560859,0.02168128288,0.0178069405,0.0034696890600000004,0.0071508187499999985,0.00555422244,1.40114162e-06,1.2928296999999998e-05,5.524475499999999,16.1,1.08972657e-06,1.6024220599999999e-06,9.89919982e-07,6.889920349999999e-07,5.36833413e-07,4.5800242199999994e-07,3.72685747e-07,3.25473409e-07,7.13856256e-07,1.70639475e-07,2.5213778399999998e-06,85.537565,47.5281399,3.25922226e-10,9.2040951,0.00140658248,0.09622330009999999,2.8074697399999997e-06,4.56122991e-07,0.0013849033000000001,0.0927123554,2.8074697399999997e-06,4.56122991e-07,0.000819100274,0.0333213075,2.8074697399999997e-06,4.56122991e-07,0.0013182212699999999,0.08465458540000001,2.8074697399999997e-06,4.56122991e-07,2.4459280014038085
113,1678958400,1.9317245e-05,1.9317250899999996e-05,0.0002049374500000003,0.07326612239,0.0194001825,0.0034982595499999996,0.00722347299,0.00561165045,1.55926871e-06,1.4481294499999998e-05,5.75699311,19.4,1.09607171e-06,1.6694970100000002e-06,9.918426250000001e-07,7.15695017e-07,5.97225592e-07,4.63736963e-07,3.8427427099999997e-07,3.2120975000000005e-07,7.25576921e-07,1.68679211e-07,2.52476628e-06,85.17784909999999,46.927178100000006,3.3542731200000005e-10,9.2004092,0.0014162877800000002,0.0994672085,2.49793102e-06,4.51749366e-07,0.0013868912299999999,0.09401222179999999,2.49793102e-06,4.51749366e-07,0.0008544327690000001,0.03589238880000001,2.49793102e-06,4.51749366e-07,0.0013340049799999997,0.0865557693,2.49793102e-06,4.51749366e-07,2.445953059196472
113,1678959000,1.92161466e-05,1.9216148999999998e-05,-0.0060988875499999986,0.00544013075,0.0174263545,0.0034969803300000006,0.0072049322700000005,0.00561524784,1.37184694e-06,1.233136585e-05,5.65034961,17.7,1.1422853900000002e-06,1.58651095e-06,1.0212505499999998e-06,7.00917074e-07,5.464375239999999e-07,4.64985516e-07,3.8440206299999994e-07,3.30809722e-07,7.41759156e-07,1.71548442e-07,2.5171367200000002e-06,85.37768030000001,47.139317399999996,3.32600491e-10,9.202718399999998,0.0014078285499999998,0.09675509959999999,3.1417615500000002e-06,5.270148999999999e-07,0.00140653934,0.0957995619,3.1417615500000002e-06,5.270148999999999e-07,0.0008758984200000002,0.0386941276,3.1417615500000002e-06,5.270148999999999e-07,0.0012906282900000002,0.081016232,3.1417615500000002e-06,5.270148999999999e-07,2.4459245443344115
113,1678959600,2.13320161e-05,2.1332019699999998e-05,-0.004788905089999999,0.98144300005,0.0233191102,0.0036319209399999996,0.00747573691,0.0057967129200000005,3.84281656e-06,3.60376835e-05,7.3234265600000015,38.4,1.16321089e-06,1.7673905e-06,1.1898611899999999e-06,1.0927032939999998e-06,7.416533859999999e-07,5.054406890000002e-07,4.1201943e-07,3.44234269e-07,7.51862587e-07,1.69331959e-07,2.52823384e-06,83.597054,44.5305948,3.87011628e-10,9.180775,0.00151074707,0.12342043259999999,2.91049833e-06,4.9493989e-07,0.0014947844,0.11638425490000001,2.91049833e-06,4.9493989e-07,0.0008730066199999999,0.037928121800000006,2.91049833e-06,4.9493989e-07,0.0013649665200000003,0.09019369259999999,2.91049833e-06,4.9493989e-07,2.4458465576171875
113,1678960200,2.02989402e-05,2.02989456e-05,0.006226874750000001,0.3290627277,0.021853062200000002,0.00356999295,0.00736773156,0.005716778539999999,2.5251488200000002e-06,2.2102962999999994e-05,6.861888260000001,29.8,1.08202157e-06,1.6276328300000004e-06,1.1222349770000002e-06,1.011990046e-06,6.66214943e-07,4.81836138e-07,4.03610704e-07,3.32480129e-07,7.30573953e-07,1.7153553700000002e-07,2.51931684e-06,84.20310099999999,45.7405629,3.59266582e-10,9.1900474,0.00150917756,0.1193584134,2.36883656e-06,4.3890327499999996e-07,0.0014541517599999999,0.104851333,2.36883656e-06,4.3890327499999996e-07,0.0008407023640000001,0.034867057,2.36883656e-06,4.3890327499999996e-07,0.0012968240300000001,0.0819579595,2.36883656e-06,4.3890327499999996e-07,2.4459373474121096
113,1678960800,1.94731325e-05,1.94731351e-05,-0.01817549355,0.15810184955,0.0193983032,0.0035079867600000003,0.00721203839,0.005617003,1.95188598e-06,1.74038987e-05,5.96853139,24.7,1.08189056e-06,1.53501056e-06,1.0702617159999998e-06,8.454649180000001e-07,5.857575829999999e-07,4.77147271e-07,3.90705523e-07,3.3337521800000006e-07,7.26904089e-07,1.69172968e-07,2.5208534599999996e-06,85.0318861,46.9814739,3.38735383e-10,9.197829000000002,0.0014529953,0.1074182699,2.45033208e-06,4.3535248799999996e-07,0.0014196100700000001,0.0982698564,2.45033208e-06,4.3535248799999996e-07,0.0008407977399999999,0.034884024,2.45033208e-06,4.3535248799999996e-07,0.00127082645,0.0793432594,2.45033208e-06,4.3535248799999996e-07,2.4459423065185546
113,1678961400,2.19316169e-05,2.19316235e-05,-0.02310093792,1.62405509566,0.0276772289,0.0036508829299999996,0.00752936751,0.005793579679999999,5.591282390000001e-06,4.9979601699999996e-05,7.95629372,58.5,1.0844898e-06,1.56675517e-06,1.2141681399999998e-06,1.398872654e-06,8.592250639999999e-07,5.40018668e-07,4.367880189999999e-07,3.828331829999999e-07,7.722608019999999e-07,1.75242548e-07,2.5351286799999995e-06,83.0724886,44.5276525,3.97712872e-10,9.177786299999998,0.0015965948599999998,0.1511417315,2.2024501500000003e-06,4.37660646e-07,0.0014744106600000002,0.1127890289,2.2024501500000003e-06,4.37660646e-07,0.0008391685500000001,0.0351205902,2.2024501500000003e-06,4.37660646e-07,0.00128768693,0.0807457818,2.2024501500000003e-06,4.37660646e-07,2.445935320854187
113,1678962000,2.21593987e-05,2.2159402799999998e-05,0.011204485659999998,0.9949042267499999,0.027356543,0.0036809380000000004,0.00759783411,0.005852070369999999,4.52535622e-06,3.95696283e-05,8.23601403,56.4,1.11307231e-06,1.5446880500000003e-06,1.3194732499999998e-06,1.573380314e-06,7.39600956e-07,5.20010644e-07,4.32011695e-07,3.72085245e-07,7.69775497e-07,1.70702748e-07,2.52486251e-06,82.6488469,43.786688399999996,4.05099816e-10,9.172944900000001,0.0016229826,0.15023690550000002,2.3662721500000005e-06,4.48956695e-07,0.00150683227,0.1197183705,2.3662721500000005e-06,4.48956695e-07,0.000862409662,0.036223589199999996,2.3662721500000005e-06,4.48956695e-07,0.00128432008,0.0809881667,2.3662721500000005e-06,4.48956695e-07,2.4459551334381104
113,1678962600,2.16312912e-05,2.16312933e-05,-0.010557154490000002,0.9547728654400002,0.026326880599999998,0.0036484282,0.007483497060000001,0.00579605272,4.03761669e-06,3.6775526e-05,7.648601399999999,50.6,1.1131065899999997e-06,1.62353755e-06,1.3900808099999999e-06,1.264109624e-06,6.91041993e-07,4.93197517e-07,4.13724793e-07,3.56457356e-07,7.57635781e-07,1.73735122e-07,2.53900347e-06,83.4571126,44.6241388,3.9258175400000007e-10,9.1799736,0.00156302174,0.135385718,3.51852955e-06,5.24804248e-07,0.00151122232,0.12138187450000001,3.51852955e-06,5.24804248e-07,0.0008690881419999999,0.037868047200000005,3.51852955e-06,5.24804248e-07,0.0012937622499999998,0.08078979160000002,3.51852955e-06,5.24804248e-07,2.4458723068237305
113,1678963200,2.2244841200000003e-05,2.22448444e-05,0.024112322000000002,0.5955030536,0.0245430825,0.0036847626100000004,0.0075925313900000015,0.00586612042,3.7857568999999998e-06,2.8327861599999997e-05,8.449300650000001,42.3,1.12776806e-06,1.53665379e-06,1.28034054e-06,1.458671617e-06,8.692435470000001e-07,5.54458514e-07,4.5428242399999997e-07,3.5965382800000004e-07,7.753687619999999e-07,1.7109905699999998e-07,2.5348314399999996e-06,83.1633694,44.644454100000004,4.095042179999999e-10,9.1760243,0.00162988561,0.150746427,2.48829004e-06,4.55845814e-07,0.0014995145699999999,0.120449151,2.48829004e-06,4.55845814e-07,0.0008588694729999999,0.0362781236,2.48829004e-06,4.55845814e-07,0.00129576974,0.0813678072,2.48829004e-06,4.55845814e-07,2.4459891319274902
113,1678963800,2.0043008899999997e-05,2.0043014299999997e-05,0.0022072074800000008,0.281545385956,0.0218406327,0.0035550171299999996,0.0073028304700000005,0.005688281540000001,2.54249699e-06,2.4187327150000003e-05,6.53146852,36.0,1.10579273e-06,1.5618452e-06,1.08272486e-06,9.487079079999999e-07,6.51284447e-07,4.901031109999999e-07,4.02737603e-07,3.4399575e-07,7.4302067e-07,1.7167808499999997e-07,2.5196004799999996e-06,84.34331490000001,46.122708599999996,3.5145181400000004e-10,9.193455199999999,0.0014953776800000003,0.1133368337,2.50210243e-06,4.448793499999999e-07,0.00143331275,0.10283294139999999,2.50210243e-06,4.448793499999999e-07,0.000841613415,0.0353448388,2.50210243e-06,4.448793499999999e-07,0.00130061539,0.0818080855,2.50210243e-06,4.448793499999999e-07,2.445698595046997
113,1678964400,2.13745919e-05,2.13745943e-05,-0.007855355975,0.40313499532,0.020496964599999997,0.0036264124100000004,0.00749842089,0.0058024613499999995,3.0665288900000006e-06,2.390222855e-05,7.636363729999999,34.8,1.07304958e-06,1.5446739199999998e-06,1.2467107000000001e-06,1.2806173919999998e-06,7.159936540000001e-07,5.28174929e-07,4.5766840199999997e-07,3.6950864e-07,7.64703361e-07,1.7138005699999999e-07,2.5347791700000003e-06,83.6767621,45.428491099999995,3.868780820000001e-10,9.1833072,0.0015572465,0.1339973683,2.75554239e-06,4.78923794e-07,0.00149948474,0.1184758226,2.75554239e-06,4.78923794e-07,0.000838889112,0.035515299800000004,2.75554239e-06,4.78923794e-07,0.00125739719,0.07761398929999999,2.75554239e-06,4.78923794e-07,2.445543956756592
113,1678965000,2.0387482100000003e-05,2.0387484500000002e-05,-0.00807053662,0.29913292735999997,0.0206516906,0.00356317435,0.00735223491,0.00569685589,2.61346875e-06,2.0665904299999997e-05,6.851398540000001,30.1,1.1018477760000003e-06,1.5313580899999999e-06,1.095607994e-06,1.053517266e-06,6.851184370000001e-07,5.21829429e-07,4.11733728e-07,3.33928412e-07,7.643838960000001e-07,1.7174351699999997e-07,2.52262997e-06,84.40669340000001,46.1626804,3.61102683e-10,9.19228485,0.00151076602,0.12075972910000002,2.8849301399999998e-06,4.77540873e-07,0.0014347708399999998,0.10528237160000001,2.8849301399999998e-06,4.77540873e-07,0.000861516459,0.036822436300000004,2.8849301399999998e-06,4.77540873e-07,0.00126898666,0.0785872186,2.8849301399999998e-06,4.77540873e-07,2.4458513498306274
113,1678965600,2.03679803e-05,2.03679842e-05,-0.008815743219999998,0.42070608689,0.0215222924,0.0035617610600000003,0.0073470652600000005,0.00569646645,2.99350042e-06,2.59344027e-05,6.6590908099999995,38.1,1.0883844799999998e-06,1.50439624e-06,1.1803272500000001e-06,1.013106843e-06,6.405846460000001e-07,5.11794795e-07,4.0976132e-07,3.53190275e-07,7.558497750000001e-07,1.6921627700000002e-07,2.55734366e-06,84.4042721,46.3036242,3.5891377499999997e-10,9.19320115,0.00150526218,0.1198541001,2.58173805e-06,4.4737260599999994e-07,0.0014560249,0.10770503149999999,2.58173805e-06,4.4737260599999994e-07,0.0008472450980000001,0.035494166,2.58173805e-06,4.4737260599999994e-07,0.0012593489999999999,0.07696701689999999,2.58173805e-06,4.4737260599999994e-07,2.4458789348602297
113,1678966200,2.04068461e-05,2.04068526e-05,-0.012666320567999998,0.62902300957,0.0224778251,0.00356216148,0.00732323019,0.005694814889999999,3.38387707e-06,3.14599422e-05,6.5961538200000005,41.1,1.1013022300000002e-06,1.5499814699999999e-06,1.1246522719999999e-06,1.072684467e-06,6.27527474e-07,5.15401021e-07,4.01501099e-07,3.5231473400000003e-07,7.69286017e-07,1.72066157e-07,2.51667539e-06,84.2002995,45.880137500000004,3.61507551e-10,9.1905062,0.001505416,0.1202657264,2.47983295e-06,4.34307345e-07,0.00144256586,0.107394663,2.47983295e-06,4.34307345e-07,0.000828442853,0.0339448588,2.47983295e-06,4.34307345e-07,0.00127808277,0.0797054249,2.47983295e-06,4.34307345e-07,2.4458805084228517
113,1678966800,2.03353274e-05,2.0335332500000004e-05,-0.00922831327,0.48757913859999996,0.0227189098,0.0035594068899999997,0.007334913429999999,0.005688326390000001,3.02181627e-06,2.6936630600000007e-05,6.83916083,39.3,1.12397423e-06,1.5510275499999998e-06,1.1068425069999999e-06,9.93417202e-07,7.068565330000001e-07,5.035541590000001e-07,4.12348333e-07,3.51950357e-07,7.345162229999999e-07,1.7016043799999998e-07,2.5129678600000002e-06,84.0000614,45.7156146,3.59682935e-10,9.18946335,0.00150558823,0.1187291404,2.5601657200000002e-06,4.55005196e-07,0.0014369457700000002,0.10563482770000002,2.5601657200000002e-06,4.55005196e-07,0.0008386263250000001,0.0351945405,2.5601657200000002e-06,4.55005196e-07,0.00129603065,0.08140762230000001,2.5601657200000002e-06,4.55005196e-07,2.445886993408203
113,1678967400,2.0528507800000004e-05,2.0528512100000003e-05,-0.014354982594,0.35370447160000007,0.0212029336,0.0035759555400000005,0.0073671753699999995,0.00571251409,2.75662801e-06,2.43240757e-05,6.89335667,32.0,1.0774058399999998e-06,1.61562566e-06,1.18451149e-06,1.0298659800000001e-06,6.37533608e-07,4.914346120000001e-07,4.1693596899999996e-07,3.44245189e-07,7.58892103e-07,1.73562547e-07,2.5342167e-06,84.27595939999999,45.86354970000001,3.6449488499999994e-10,9.19065345,0.00150479902,0.11899467059999999,2.19662902e-06,4.1922068300000006e-07,0.00145884716,0.1073897686,2.19662902e-06,4.1922068300000006e-07,0.000847269388,0.035013125799999996,2.19662902e-06,4.1922068300000006e-07,0.00130203232,0.082003136,2.19662902e-06,4.1922068300000006e-07,2.4459596157073973
113,1678968000,2.07279336e-05,2.0727940400000004e-05,0.010289100300000001,0.47995769034,0.0232753863,0.0035866218400000005,0.00738256561,0.0057124457699999995,3.2280307500000002e-06,2.9420565799999998e-05,7.015734140000001,42.4,1.0848551999999999e-06,1.55127518e-06,1.1778978e-06,1.1097054989999999e-06,6.99244626e-07,5.222738330000001e-07,4.1486594699999997e-07,3.4912877699999996e-07,7.576686279999999e-07,1.71718381e-07,2.52532335e-06,83.9873448,45.735175899999994,3.68017532e-10,9.1889633,0.0015235934499999999,0.12265224100000001,2.7498915e-06,4.69216306e-07,0.00145147572,0.10973431,2.7498915e-06,4.69216306e-07,0.0008378666639999999,0.03517339270000001,2.7498915e-06,4.69216306e-07,0.0013009375299999999,0.08144323090000001,2.7498915e-06,4.69216306e-07,2.4459564447402955
113,1678968600,1.94866141e-05,1.9486616e-05,0.0014616663199999995,0.12748698249999998,0.020153003600000004,0.0035103806,0.007221600559999999,0.0056286982799999994,1.93751394e-06,1.79083314e-05,5.861888049999999,26.8,1.09106452e-06,1.49105786e-06,1.009161664e-06,8.226953080000001e-07,6.73582196e-07,4.85057094e-07,4.00489188e-07,3.4036049e-07,7.27499912e-07,1.70782626e-07,2.53151394e-06,85.084149,47.16443650000001,3.3747488200000004e-10,9.19948075,0.0014782117000000001,0.110747843,2.8723957099999997e-06,4.6448814999999996e-07,0.00137864943,0.09357011999999999,2.8723957099999997e-06,4.6448814999999996e-07,0.000840967322,0.0350736525,2.8723957099999997e-06,4.6448814999999996e-07,0.00127882754,0.07977840520000001,2.8723957099999997e-06,4.6448814999999996e-07,2.445953369140625
113,1678969200,1.91499423e-05,1.9149944500000003e-05,-0.0010462504469999994,0.020085688428,0.0176230327,0.00348789271,0.007179881359999999,0.005598895549999999,1.44311504e-06,1.28326657e-05,5.5716782600000005,16.8,1.095967716e-06,1.5191665300000001e-06,1.0073345579999999e-06,7.4764372e-07,5.87882858e-07,4.6702385900000003e-07,3.7690520099999996e-07,3.28289335e-07,7.371657779999999e-07,1.74071506e-07,2.53349608e-06,85.4667877,47.5706751,3.2964552799999995e-10,9.2034467,0.0014363094000000001,0.10134356250000001,2.79708329e-06,4.7548365800000005e-07,0.0013938345200000001,0.094412596,2.79708329e-06,4.7548365800000005e-07,0.0008417779440000001,0.035639522,2.79708329e-06,4.7548365800000005e-07,0.00127739009,0.0790559256,2.79708329e-06,4.7548365800000005e-07,2.4459706783294677
113,1678969800,2.10258396e-05,2.10258459e-05,0.014239847799999997,0.446712649,0.022996757500000003,0.00360696001,0.0074386254,0.0057563345799999995,3.1694391600000003e-06,2.4164028199999994e-05,7.39160826,35.8,1.0494882209999998e-06,1.55516882e-06,1.169258009e-06,1.1344960749999997e-06,7.44077848e-07,5.52434797e-07,4.2970743400000006e-07,3.66452013e-07,7.826129919999999e-07,1.7379060199999998e-07,2.55537809e-06,84.05629990000001,45.87910320000001,3.7445121e-10,9.189202600000002,0.00154171414,0.1301214031,2.21261411e-06,4.0446751499999995e-07,0.0014632794799999999,0.109915342,2.21261411e-06,4.0446751499999995e-07,0.000823092793,0.033348268800000004,2.21261411e-06,4.0446751499999995e-07,0.00127883067,0.07975747209999999,2.21261411e-06,4.0446751499999995e-07,2.4459558725357056
113,1678970400,2.08817496e-05,2.08817537e-05,0.007712348899999999,0.48250287509999995,0.0221970946,0.0036039815199999997,0.00742848059,0.005772025179999999,3.13701439e-06,2.85387313e-05,7.21503496,40.1,1.07042898e-06,1.5673768200000002e-06,1.2200068969999999e-06,1.102663033e-06,6.72420458e-07,5.113795159999999e-07,4.3828927499999995e-07,3.84815438e-07,7.74623333e-07,1.7129870899999998e-07,2.52747523e-06,83.85105039999999,45.553416999999996,3.71361701e-10,9.1872121,0.00154530242,0.1271817486,3.09292402e-06,4.900305669999999e-07,0.00146566157,0.10889499569999998,3.09292402e-06,4.900305669999999e-07,0.0008506027099999999,0.035789805200000004,3.09292402e-06,4.900305669999999e-07,0.00127821928,0.079341498,3.09292402e-06,4.900305669999999e-07,2.4460305690765383
113,1678971000,1.9558696e-05,1.95587021e-05,0.019480723897,0.3361918622,0.0223148869,0.0035025755999999997,0.007237373510000001,0.0056244158,2.4622593000000003e-06,2.264252755e-05,5.8846153900000004,32.3,1.054699895e-06,1.49614385e-06,1.10285221e-06,8.801034450000002e-07,6.09705663e-07,4.7625843000000003e-07,3.90885765e-07,3.38803593e-07,7.3990389e-07,1.7188265799999998e-07,2.51806863e-06,85.06094440000001,47.037348599999994,3.40226141e-10,9.19928045,0.0014673022599999998,0.11135898100000001,2.3092070999999998e-06,4.3449883400000004e-07,0.0013884927599999999,0.09672988029999999,2.3092070999999998e-06,4.3449883400000004e-07,0.0008363344719999998,0.0345040457,2.3092070999999998e-06,4.3449883400000004e-07,0.0012673571100000002,0.0779600969,2.3092070999999998e-06,4.3449883400000004e-07,2.4458168268203737
113,1678971600,2.0499519199999998e-05,2.0499523499999997e-05,0.0006067695300000004,1.27622666937,0.0226423125,0.0035433702000000006,0.00727406013,0.00564999126,3.931918710000001e-06,3.8383503999999994e-05,6.347902070000001,23.4,1.1178481600000001e-06,1.5320419200000001e-06,1.001238647e-06,1.2108272310000001e-06,7.55613357e-07,4.7586320499999995e-07,3.8659036899999993e-07,3.36402835e-07,7.345365060000001e-07,1.71027328e-07,2.5277197000000003e-06,84.77902,46.4671847,3.68238531e-10,9.1921375,0.00149226962,0.13151549550000002,2.74060891e-06,4.6294532800000005e-07,0.0013898134300000002,0.09851358799999999,2.74060891e-06,4.6294532800000005e-07,0.0008555164100000001,0.036041694299999996,2.74060891e-06,4.6294532800000005e-07,0.00129357759,0.0814894988,2.74060891e-06,4.6294532800000005e-07,2.445951151847839
113,1678972200,1.9904354499999998e-05,1.99043585e-05,-0.006675440831000001,0.34073957885,0.0206824557,0.0035327226400000003,0.007258171869999999,0.00563670977,2.43536055e-06,2.3743505e-05,6.36363641,34.9,1.09284203e-06,1.52297926e-06,1.05818902e-06,9.518214639999999e-07,6.339376899999999e-07,4.896558309999999e-07,4.153690010000001e-07,3.44588987e-07,7.4570726e-07,1.7270601e-07,2.5243625100000005e-06,84.5898991,46.479138899999995,3.49149664e-10,9.194576499999998,0.0014902920200000002,0.1131167286,3.0688507200000003e-06,4.7818154e-07,0.00141955887,0.1014314153,3.0688507200000003e-06,4.7818154e-07,0.000852971122,0.0361957047,3.0688507200000003e-06,4.7818154e-07,0.0012658930699999999,0.07751995199999999,3.0688507200000003e-06,4.7818154e-07,2.44597487449646
113,1678972800,2.6166886499999995e-05,2.6166890199999998e-05,-0.023969360700000004,2.86990978095,0.03234515150000001,0.0037661804800000003,0.0076992938100000005,0.00591010056,1.22670599e-05,0.00011537801595000001,9.14860131,57.4,1.0964734600000003e-06,1.5608334899999999e-06,1.2136002730000002e-06,2.376023772e-06,1.4791661329999998e-06,7.495598229999999e-07,6.395880450000001e-07,4.2788477399999994e-07,8.281779179999999e-07,1.7332083500000003e-07,2.5387813199999997e-06,82.082956,43.866445500000005,5.18220414e-10,9.1572405,0.00170165275,0.23760767840000002,2.1271676000000004e-06,4.0595667899999993e-07,0.00150599003,0.12634043760000002,2.1271676000000004e-06,4.0595667899999993e-07,0.0008219542719999998,0.0333885188,2.1271676000000004e-06,4.0595667899999993e-07,0.00132080941,0.0842569025,2.1271676000000004e-06,4.0595667899999993e-07,2.445892810821533
113,1678973400,1.93928629e-05,1.93928719e-05,0.010808566203,0.11135475956999999,0.0201567583,0.0035045911999999997,0.007208683320000001,0.005620107520000001,1.86808047e-06,1.7909200649999997e-05,5.81643361,30.1,1.11676931e-06,1.5712644200000002e-06,9.671588499999998e-07,8.61570548e-07,5.98935151e-07,4.5510743100000005e-07,3.92490517e-07,3.2543068299999996e-07,7.290314100000001e-07,1.70188486e-07,2.50847571e-06,85.01630400000002,46.8616073,3.36928594e-10,9.200011850000001,0.0014512943299999999,0.10635205340000001,2.84760794e-06,4.76820668e-07,0.00139959511,0.09611748810000001,2.84760794e-06,4.76820668e-07,0.000857242963,0.03661671,2.84760794e-06,4.76820668e-07,0.0012835529,0.0795136335,2.84760794e-06,4.76820668e-07,2.4459707975387572
113,1678974000,1.88062436e-05,1.88062493e-05,0.00257763508,-0.005473781580000001,0.0178382576,0.0034609018,0.0071366728099999995,0.00554793787,1.29381872e-06,1.20261216e-05,5.23076927,14.4,1.12280095e-06,1.5341862200000003e-06,9.635463760000003e-07,6.90282643e-07,5.45996133e-07,4.4440719599999993e-07,3.74490496e-07,3.2416597500000003e-07,7.09562655e-07,1.75536621e-07,2.51808542e-06,85.8378244,47.8022266,3.23162511e-10,9.206393899999998,0.0013926716600000002,0.0945011605,2.8059526599999997e-06,4.908607990000001e-07,0.00136938325,0.09089240569999998,2.8059526599999997e-06,4.908607990000001e-07,0.000856657556,0.03663571140000001,2.8059526599999997e-06,4.908607990000001e-07,0.0012994967800000002,0.081847189,2.8059526599999997e-06,4.908607990000001e-07,2.445873665809631
113,1678974600,1.91144749e-05,1.91144789e-05,0.005063367639999999,0.101799495067,0.019141106600000003,0.0034795669900000007,0.007189918610000001,0.0055721207,1.6044559000000004e-06,1.460914135e-05,5.5506993399999995,23.7,1.08585192e-06,1.5159647099999999e-06,1.02599748e-06,7.66821083e-07,5.443573019999999e-07,4.692067479999999e-07,3.9215828399999995e-07,3.4357475e-07,7.34278999e-07,1.69115983e-07,2.5098733500000004e-06,85.3716245,47.42162,3.29913416e-10,9.2023895,0.00142707888,0.10199450939999999,2.6261012599999996e-06,4.6071440200000003e-07,0.00137259906,0.0928446736,2.6261012599999996e-06,4.6071440200000003e-07,0.000830034692,0.0349087458,2.6261012599999996e-06,4.6071440200000003e-07,0.00129003144,0.0800785681,2.6261012599999996e-06,4.6071440200000003e-07,2.4458348989486693
113,1678975200,2.0615352199999998e-05,2.0615358399999997e-05,-0.0015366131799999985,0.5191260268,0.0234729376,0.00357457557,0.007363271490000001,0.005704124499999999,3.08538517e-06,2.6259218250000006e-05,6.84965032,39.1,1.1028928700000002e-06,1.51492997e-06,1.074833643e-06,9.06674317e-07,6.795209619999999e-07,5.85745546e-07,5.617938629999999e-07,4.0526475999999997e-07,7.867580189999999e-07,1.69572673e-07,2.5196472500000005e-06,84.1194065,46.2351324,3.64868459e-10,9.189592600000001,0.0015055555700000001,0.12355994210000001,2.82169792e-06,4.5872131000000006e-07,0.0014082353299999999,0.100255108,2.82169792e-06,4.5872131000000006e-07,0.000861095769,0.0364178273,2.82169792e-06,4.5872131000000006e-07,0.00126538271,0.0778896567,2.82169792e-06,4.5872131000000006e-07,2.4457581520080565
113,1678975800,1.8444046300000002e-05,1.8444050699999996e-05,0.00985560844,0.007873734779999999,0.018224944400000002,0.0034259841,0.007078362290000001,0.0055171863800000005,1.26070898e-06,1.138193695e-05,5.08391612,14.1,1.0653378600000001e-06,1.4426965600000002e-06,9.36323815e-07,6.90555975e-07,5.37226974e-07,4.4191078300000005e-07,3.76019237e-07,3.2294848199999996e-07,7.213671630000001e-07,1.70670877e-07,2.51696093e-06,86.02969549999999,48.509581999999995,3.13215691e-10,9.21037565,0.0013957786999999999,0.0944667076,2.5136308600000005e-06,4.5932027900000007e-07,0.00135505056,0.0883759765,2.5136308600000005e-06,4.5932027900000007e-07,0.000846384593,0.035530200899999996,2.5136308600000005e-06,4.5932027900000007e-07,0.00123476181,0.07427992559999999,2.5136308600000005e-06,4.5932027900000007e-07,2.4458343029022216
113,1678976400,1.8886316400000003e-05,1.8886317600000002e-05,-0.002304974950000001,0.04112219633,0.0183197573,0.0034636309400000002,0.007134504630000001,0.00554371164,1.44268832e-06,1.3188926e-05,5.2814685699999995,15.9,1.0917772600000002e-06,1.46488787e-06,9.65205074e-07,6.677433059999999e-07,5.32974035e-07,4.863707639999999e-07,4.53430178e-07,3.5061171599999997e-07,7.363825999999999e-07,1.70728051e-07,2.5229815899999997e-06,85.7220685,48.134779599999995,3.2291676400000003e-10,9.206605249999999,0.0014042602900000002,0.09692629159999999,3.25700178e-06,5.01364964e-07,0.00134552181,0.0882755439,3.25700178e-06,5.01364964e-07,0.0008608098769999999,0.0369939939,3.25700178e-06,5.01364964e-07,0.0012611578600000002,0.0768048661,3.25700178e-06,5.01364964e-07,2.4457345724105837
113,1678977000,1.8550803900000005e-05,1.85508078e-05,0.0060177812700000005,0.007102223939999999,0.0174384536,0.00343605164,0.00710120563,0.005519494200000001,1.29021655e-06,1.18144174e-05,4.970279789999999,13.8,1.08363874e-06,1.4834909100000001e-06,9.3811487e-07,7.14273796e-07,5.31588135e-07,4.26466411e-07,3.78889002e-07,3.2342516399999996e-07,7.23671791e-07,1.7272897499999997e-07,2.49905259e-06,85.9812361,48.2181269,3.1640030199999994e-10,9.20838535,0.0013900112199999998,0.09380487239999999,3.0682308800000003e-06,4.7237608200000003e-07,0.0013604945399999999,0.09017244749999999,3.0682308800000003e-06,4.7237608200000003e-07,0.000824860749,0.0340412732,3.0682308800000003e-06,4.7237608200000003e-07,0.0012725621799999998,0.07821283999999999,3.0682308800000003e-06,4.7237608200000003e-07,2.445724940299988
113,1678977600,1.87313715e-05,1.8731373900000002e-05,-0.0051263582516999995,0.0279266999,0.0179284713,0.0034475360900000003,0.007121116450000001,0.00552323487,1.3216009599999999e-06,1.226238295e-05,5.26048945,14.2,1.1158606100000002e-06,1.56630885e-06,9.323917970000001e-07,6.92756747e-07,5.29311058e-07,4.28380319e-07,3.66406964e-07,3.32339092e-07,7.11476816e-07,1.71228897e-07,2.5191945399999996e-06,85.8931539,47.8426396,3.21223102e-10,9.20686665,0.0013896139099999999,0.0934050996,2.8106316699999997e-06,4.6725494400000005e-07,0.00135781924,0.08998230160000001,2.8106316699999997e-06,4.6725494400000005e-07,0.0008574402450000001,0.036054655199999994,2.8106316699999997e-06,4.6725494400000005e-07,0.0012995792299999999,0.0816169098,2.8106316699999997e-06,4.6725494400000005e-07,2.4457466125488283
113,1678978200,1.8731241999999996e-05,1.87312469e-05,0.0008661041499999998,-0.00810623743,0.0186717455,0.0034521534699999993,0.00711634633,0.00553570153,1.2707571e-06,1.1918892150000001e-05,5.1765734100000005,12.9,1.1297902599999998e-06,1.5452474099999999e-06,9.324278239999999e-07,6.951816359999999e-07,5.17058454e-07,4.57029612e-07,3.840963420000001e-07,3.2844660499999997e-07,7.15596746e-07,1.6923136500000002e-07,2.49146477e-06,85.73670150000001,47.6792149,3.2168247799999996e-10,9.206545049999999,0.00138896486,0.09398694390000001,2.5793941000000004e-06,4.3565145300000004e-07,0.00137448626,0.0917033564,2.5793941000000004e-06,4.3565145300000004e-07,0.00082922008,0.0338828697,2.5793941000000004e-06,4.3565145300000004e-07,0.0013044002300000002,0.08225739359999999,2.5793941000000004e-06,4.3565145300000004e-07,2.445704483985901
113,1678978800,1.8636518499999997e-05,1.86365207e-05,0.002954490940000001,0.0015334047000000004,0.017659229800000002,0.0034429065300000004,0.00710986341,0.005524226179999999,1.30807754e-06,1.2164669e-05,5.04895109,14.9,1.0785537759999998e-06,1.50200124e-06,9.14833263e-07,7.14009018e-07,5.273824380000001e-07,4.4753542600000003e-07,3.8568121400000006e-07,3.2355150399999996e-07,7.327428209999998e-07,1.71334087e-07,2.52057421e-06,85.9290596,48.25534639999999,3.17923551e-10,9.2083852,0.00139431872,0.09443781600000001,2.72220289e-06,4.852261480000001e-07,0.0013513199499999998,0.08926773550000001,2.72220289e-06,4.852261480000001e-07,0.000828574812,0.0346276148,2.72220289e-06,4.852261480000001e-07,0.00127352206,0.0787236466,2.72220289e-06,4.852261480000001e-07,2.4455475330352785
113,1678979400,1.8787012800000004e-05,1.87870157e-05,0.007413412428999999,0.00300531401,0.017201628,0.0034572653299999997,0.007143636319999999,0.00555763705,1.2099579400000002e-06,1.103122595e-05,5.360139800000001,13.9,1.12728886e-06,1.5560395699999998e-06,9.69397377e-07,6.77668818e-07,5.395543829999999e-07,4.20832921e-07,3.5788686999999996e-07,3.10263438e-07,7.285513340000001e-07,1.73286418e-07,2.53267342e-06,85.89976279999999,47.90922389999999,3.21863761e-10,9.2077071,0.00137560899,0.09208114,2.28837803e-06,4.2497063899999996e-07,0.00137459449,0.0920671094,2.28837803e-06,4.2497063899999996e-07,0.0008417670650000001,0.0349126931,2.28837803e-06,4.2497063899999996e-07,0.00130481223,0.083180156,2.28837803e-06,4.2497063899999996e-07,2.4450984716415407
113,1678980000,1.88465173e-05,1.88465186e-05,-0.0034313815000000004,0.0798941397,0.0181275968,0.00345736175,0.007106686240000002,0.00554504284,1.5178394400000002e-06,1.3692010799999999e-05,5.53671336,17.2,1.0512066600000002e-06,1.5432587e-06,9.215126450000001e-07,6.517746430000001e-07,5.564374870000001e-07,5.074552909999999e-07,4.2725846700000003e-07,3.3574616400000003e-07,7.21357072e-07,1.6851366600000003e-07,2.5386877e-06,85.8297413,48.1943478,3.2222297000000005e-10,9.206514,0.0014020840900000001,0.0976232695,2.25085975e-06,4.2876508199999994e-07,0.00135474845,0.08898635220000001,2.25085975e-06,4.2876508199999994e-07,0.000822187788,0.03321235809999999,2.25085975e-06,4.2876508199999994e-07,0.00128472397,0.0806216689,2.25085975e-06,4.2876508199999994e-07,2.445001411437988
113,1678980600,1.8697721899999997e-05,1.8697724e-05,0.010631779689999999,-0.00658498837,0.0179218513,0.0034520715799999995,0.007123848470000001,0.00553934172,1.23895607e-06,1.153636585e-05,5.129370660000001,14.6,1.0760180199999999e-06,1.5418026499999999e-06,9.68608836e-07,7.12604788e-07,5.22788906e-07,4.3609326499999997e-07,3.7065125e-07,3.2552207e-07,7.0037486e-07,1.73541789e-07,2.52083005e-06,85.83387,47.9298334,3.20251494e-10,9.2057453,0.00139701526,0.09473669490000002,2.71656386e-06,4.634812280000001e-07,0.00137459292,0.09136403750000001,2.71656386e-06,4.634812280000001e-07,0.0008378158450000001,0.0346018154,2.71656386e-06,4.634812280000001e-07,0.0012941151300000001,0.08100513410000001,2.71656386e-06,4.634812280000001e-07,2.445202946662903
113,1678981200,1.86324529e-05,1.8632457500000002e-05,0.0002621434120000007,-0.008772779049999999,0.0169119624,0.00344394544,0.00710942091,0.005526825930000001,1.25920404e-06,1.10583058e-05,5.21153843,14.0,1.06873909e-06,1.5717844200000002e-06,9.253143730000001e-07,6.809256860000001e-07,5.2681856e-07,4.3937648400000006e-07,3.7446260599999996e-07,3.1954216099999997e-07,7.17989334e-07,1.68502249e-07,2.52274047e-06,85.777035,48.0046542,3.1840710399999997e-10,9.2082052,0.0013893783100000002,0.0935559725,2.54796156e-06,4.65405283e-07,0.0013691673,0.09044228200000001,2.54796156e-06,4.65405283e-07,0.000833203664,0.034709785,2.54796156e-06,4.65405283e-07,0.00128177721,0.0794157124,2.54796156e-06,4.65405283e-07,2.445465850830078
113,1678981800,1.8538505600000002e-05,1.85385104e-05,-0.0033791549300000003,-0.01735004792,0.017711100200000003,0.0034379946,0.0070573595599999995,0.00552874951,1.23028799e-06,1.15428398e-05,4.99125873,13.3,1.1069465e-06,1.4953039200000001e-06,9.54447647e-07,6.61319365e-07,5.30994502e-07,4.3798917700000005e-07,3.6577705600000005e-07,3.18595636e-07,7.18226076e-07,1.7048319899999999e-07,2.50909143e-06,86.0129456,48.1675547,3.1676602100000003e-10,9.20862635,0.00138116177,0.0924203091,2.3809847199999998e-06,4.236340820000001e-07,0.00137308356,0.09130376259999999,2.3809847199999998e-06,4.236340820000001e-07,0.00084632684,0.03516059840000001,2.3809847199999998e-06,4.236340820000001e-07,0.00126480168,0.07824182090000001,2.3809847199999998e-06,4.236340820000001e-07,2.445240926742554
113,1678982400,1.87147265e-05,1.87147353e-05,-0.0023073900500000005,-0.009240352250000002,0.01749752665,0.0034518937899999996,0.00711396603,0.005542732609999999,1.22029713e-06,1.1489067099999998e-05,5.181818100000001,14.7,1.050197756e-06,1.5779075200000001e-06,9.56576763e-07,6.811858659999999e-07,5.24736352e-07,4.3196020100000005e-07,3.7551639200000006e-07,3.2876865200000003e-07,7.15354012e-07,1.7415769400000002e-07,2.54098952e-06,85.8760991,48.158358400000004,3.19005165e-10,9.209724300000001,0.0013947840399999999,0.09380983899999999,2.38247114e-06,4.3778072399999997e-07,0.00137435611,0.0919152872,2.38247114e-06,4.3778072399999997e-07,0.000809001941,0.0326627942,2.38247114e-06,4.3778072399999997e-07,0.00129243407,0.08103417559999998,2.38247114e-06,4.3778072399999997e-07,2.444750738143921
113,1678983000,1.84555367e-05,1.8455546099999997e-05,0.00520406172,-0.004570989350000001,0.0175035749,0.00342873608,0.007064960649999999,0.00551067168,1.27570365e-06,1.1640448499999999e-05,4.95979022,14.4,1.08265826e-06,1.4948818000000001e-06,9.467723449999999e-07,6.66016505e-07,5.211552689999999e-07,4.3744915899999996e-07,3.5587210199999997e-07,3.2051463499999993e-07,7.089783539999998e-07,1.6776497399999998e-07,2.52567613e-06,86.11401719999999,48.423530400000004,3.1372017700000007e-10,9.21130805,0.00137548441,0.0917613855,2.43112358e-06,4.3628221800000004e-07,0.0013635744799999998,0.090145842,2.43112358e-06,4.3628221800000004e-07,0.0008447265400000001,0.034855143500000005,2.43112358e-06,4.3628221800000004e-07,0.00126296342,0.0776370574,2.43112358e-06,4.3628221800000004e-07,2.4456775903701784
113,1678983600,1.8755940500000002e-05,1.8755944500000003e-05,-0.004565106729999999,0.0038492392,0.0175573421,0.0034555507999999998,0.00712031064,0.005539153829999999,1.2922206599999999e-06,1.1682153400000001e-05,5.38636357,14.4,1.1189353500000001e-06,1.4961201099999998e-06,9.512423639999999e-07,6.914648009999999e-07,5.526519730000002e-07,4.44755314e-07,3.7737413699999997e-07,3.20160198e-07,7.294042030000001e-07,1.72153331e-07,2.5236820699999996e-06,85.9087265,48.07111690000001,3.20740458e-10,9.207236,0.0013942405900000002,0.09430232749999999,2.72274919e-06,4.7200124600000006e-07,0.00136498566,0.09051937749999998,2.72274919e-06,4.7200124600000006e-07,0.0008573492029999999,0.0361391759,2.72274919e-06,4.7200124600000006e-07,0.00127117588,0.07937534399999999,2.72274919e-06,4.7200124600000006e-07,2.4457528829574584
113,1678984200,1.85879602e-05,1.85879683e-05,0.01173259944,0.004290768279999999,0.01753284905,0.00344012203,0.00710689322,0.0055329268800000005,1.2684911700000002e-06,1.1665273599999999e-05,5.09265734,14.5,1.1067772900000001e-06,1.5015332899999998e-06,9.28495192e-07,6.7015598e-07,5.33976178e-07,4.42290124e-07,3.77086612e-07,3.28856962e-07,7.17762018e-07,1.71538159e-07,2.51548047e-06,86.03781980000001,48.20279480000001,3.1731720800000004e-10,9.209854700000001,0.0013843916299999999,0.0932731668,2.67899637e-06,4.84356519e-07,0.00135475588,0.0894440486,2.67899637e-06,4.84356519e-07,0.0008532239800000001,0.036461729600000006,2.67899637e-06,4.84356519e-07,0.00125856971,0.077352051,2.67899637e-06,4.84356519e-07,2.4457337141036986
113,1678984800,1.8497458999999998e-05,1.84974617e-05,-0.0115064159,0.00491138719,0.018093809699999998,0.0034305657,0.007067387779999999,0.005493079179999999,1.20856888e-06,1.1639444e-05,5.02972031,14.3,1.06066268e-06,1.51712526e-06,9.381260659999999e-07,6.75995817e-07,5.283877190000001e-07,4.424272410000001e-07,3.61936532e-07,3.18002014e-07,7.19202202e-07,1.7047712200000002e-07,2.5163708499999997e-06,86.04799399999999,48.3494271,3.1499637899999996e-10,9.2093139,0.0013851191199999997,0.0932349101,2.7669905499999997e-06,4.50881992e-07,0.00135552774,0.089856676,2.7669905499999997e-06,4.50881992e-07,0.0008445293439999999,0.0349469142,2.7669905499999997e-06,4.50881992e-07,0.00126669272,0.0776802577,2.7669905499999997e-06,4.50881992e-07,2.445756936073303
113,1678985400,1.8416830300000003e-05,1.84168369e-05,0.0012229679100000013,-0.01021342228,0.016934608400000002,0.00342482017,0.007046773419999999,0.005501934389999999,1.2208239899999998e-06,1.1503368300000001e-05,4.912587479999999,13.9,1.0768976720000003e-06,1.4630686200000001e-06,9.04674022e-07,6.60595415e-07,5.368591030000001e-07,4.470100039999999e-07,3.69960315e-07,3.29304742e-07,7.30543501e-07,1.7012517499999997e-07,2.5193511599999994e-06,85.95860769999999,48.560697,3.12682415e-10,9.2096982,0.00139710817,0.09408828999999999,2.34663552e-06,4.27149297e-07,0.00132778429,0.0853955779,2.34663552e-06,4.27149297e-07,0.0008171917580000002,0.0330593356,2.34663552e-06,4.27149297e-07,0.001281855,0.0789324831,2.34663552e-06,4.27149297e-07,2.4457754611968996
113,1678986000,1.86252362e-05,1.86252394e-05,-0.0005185235100000001,0.014252773366,0.017689055500000002,0.00344161218,0.0070842237099999995,0.00552054175,1.28214282e-06,1.14816002e-05,4.902097970000001,14.3,1.1081812300000001e-06,1.50916136e-06,9.31883184e-07,6.49798276e-07,5.48481814e-07,4.4648317399999993e-07,3.69055894e-07,3.3285356600000004e-07,7.2506256e-07,1.6999571100000002e-07,2.52163712e-06,86.03405669999998,48.223980999999995,3.1795092e-10,9.20911005,0.00137663257,0.09193009849999999,2.45943999e-06,4.744568750000001e-07,0.0013611202500000003,0.0901586243,2.45943999e-06,4.744568750000001e-07,0.000827420798,0.0345914318,2.45943999e-06,4.744568750000001e-07,0.00128053655,0.07988456460000001,2.45943999e-06,4.744568750000001e-07,2.446008229255676
113,1678986600,1.84501081e-05,1.8450114499999998e-05,0.0007263580600000007,-0.01753240898,0.0172101799,0.0034293516400000002,0.007062446509999999,0.005501306029999999,1.2199419100000002e-06,1.1055401699999998e-05,4.9265734299999995,14.0,1.07576783e-06,1.48344983e-06,9.35942803e-07,6.65113072e-07,5.15932002e-07,4.4199575000000006e-07,3.75618822e-07,3.2789788900000004e-07,7.12225037e-07,1.7242424e-07,2.5186681e-06,86.19900759999999,48.6065874,3.13158024e-10,9.210977000000002,0.0013790691799999998,0.09246044509999998,2.4138996699999997e-06,4.45685365e-07,0.00135311081,0.0891625154,2.4138996699999997e-06,4.45685365e-07,0.0008538649029999999,0.0356708849,2.4138996699999997e-06,4.45685365e-07,0.00125080572,0.07559024719999999,2.4138996699999997e-06,4.45685365e-07,2.445840907096863
113,1678987200,1.8589928899999997e-05,1.85899327e-05,-0.0026857528399999993,-0.0163098333,0.0176227373,0.0034413303399999998,0.007074155789999999,0.005520554489999999,1.2111945200000002e-06,1.10971216e-05,4.970279789999999,14.1,1.1093099800000001e-06,1.50105658e-06,9.38717751e-07,6.68557954e-07,5.362496479999999e-07,4.41461901e-07,3.72134176e-07,3.16501407e-07,7.153539269999999e-07,1.70820421e-07,2.5247632199999995e-06,85.9945664,48.176847,3.17304656e-10,9.209418600000001,0.00138781144,0.0935989596,2.67996039e-06,4.7889095e-07,0.00136366075,0.0898019231,2.67996039e-06,4.7889095e-07,0.000855281401,0.0363984442,2.67996039e-06,4.7889095e-07,0.0012745912699999998,0.0789468381,2.67996039e-06,4.7889095e-07,2.4458057165145872
113,1678987800,1.84287263e-05,1.84287303e-05,-0.004223226500000001,0.0008197548439999999,0.017546992900000002,0.0034245139200000003,0.00705536346,0.00549949105,1.22952669e-06,1.10784549e-05,5.04370626,13.2,1.0449547039999997e-06,1.5240326599999998e-06,9.20170747e-07,6.899116770000001e-07,5.196563730000001e-07,4.4287991999999993e-07,3.7023566e-07,3.1431018000000003e-07,7.10208592e-07,1.71080449e-07,2.5068647e-06,86.13425250000002,48.426920700000004,3.13382319e-10,9.20962495,0.0013848435,0.0928767176,2.33303085e-06,4.21438488e-07,0.00134674402,0.08843491109999999,2.33303085e-06,4.21438488e-07,0.0008093138639999999,0.032674659,2.33303085e-06,4.21438488e-07,0.00128280825,0.08029199890000001,2.33303085e-06,4.21438488e-07,2.4458263874053956
113,1678988400,1.8503623599999996e-05,1.85036287e-05,0.009059044749999998,0.0083500774,0.01777159595,0.0034302955400000003,0.00707755949,0.00552057941,1.2228416200000002e-06,1.1244122649999999e-05,5.0576923,13.7,1.0832350339999999e-06,1.48159616e-06,9.46318307e-07,6.74727994e-07,5.26457759e-07,4.32030462e-07,3.691195e-07,3.1512019299999994e-07,7.35166656e-07,1.7015982399999998e-07,2.5178669599999996e-06,86.0426665,48.38543069999999,3.1503977000000004e-10,9.209804,0.00139113215,0.0935147579,2.40747908e-06,4.34416485e-07,0.0013486034899999999,0.08805710650000001,2.40747908e-06,4.34416485e-07,0.000830163203,0.034045529799999995,2.40747908e-06,4.34416485e-07,0.0012679481799999998,0.07907792259999999,2.40747908e-06,4.34416485e-07,2.4457698822021485
113,1678989000,1.8592671399999996e-05,1.8592674500000003e-05,-0.0010576142499999998,-0.025409740689999998,0.0173339909,0.00344505601,0.007084193509999999,0.005541700490000001,1.2013302100000002e-06,1.09341429e-05,4.921328620000001,13.7,1.06247508e-06,1.5445006400000002e-06,9.307201299999999e-07,6.65096139e-07,5.25731841e-07,4.24162053e-07,3.7624710699999993e-07,3.25283948e-07,7.34354906e-07,1.72054414e-07,2.535617060000001e-06,86.13732300000001,48.437174399999996,3.1671704899999996e-10,9.209114750000001,0.00137938926,0.0922803059,2.3252645e-06,4.12597533e-07,0.00136749015,0.0910631192,2.3252645e-06,4.12597533e-07,0.000823111342,0.033490836700000005,2.3252645e-06,4.12597533e-07,0.0012786967,0.07977254760000001,2.3252645e-06,4.12597533e-07,2.445754361152649
113,1678989600,1.9867871700000002e-05,1.98678768e-05,0.010518867670000003,0.4085164928,0.0219091243,0.0035211255499999995,0.00727298359,0.00563818172,2.3332793200000005e-06,2.0935875400000002e-05,6.20629356,28.5,1.11887293e-06,1.5165885599999998e-06,1.02856697e-06,9.49141882e-07,6.22729121e-07,4.944122550000001e-07,4.05474971e-07,3.31771737e-07,7.54487372e-07,1.71989481e-07,2.53988168e-06,84.69518559999999,46.7518898,3.4726020500000003e-10,9.1961768,0.0014647457199999999,0.1121943975,2.38901069e-06,4.52404408e-07,0.0013790081100000001,0.095479433,2.38901069e-06,4.52404408e-07,0.0008607908739999998,0.0366924323,2.38901069e-06,4.52404408e-07,0.00129181384,0.0811820588,2.38901069e-06,4.52404408e-07,2.4457359790802
113,1678990200,1.8464593199999997e-05,1.84645954e-05,-0.005890023869999999,-0.0042721567000000025,0.0169556386,0.0034258083099999994,0.007073668629999999,0.005508872220000001,1.2881372e-06,1.1868109649999999e-05,5.0961538,14.5,1.0838773999999999e-06,1.51890886e-06,9.30577423e-07,6.81703531e-07,5.37630558e-07,4.19371301e-07,3.6664434400000004e-07,3.216877e-07,7.094895209999999e-07,1.71573919e-07,2.4907830300000004e-06,85.9554095,48.139239999999994,3.15327574e-10,9.208189500000001,0.00138255989,0.0926063805,2.5523677500000004e-06,4.4381369300000006e-07,0.00135367829,0.08879509700000002,2.5523677500000004e-06,4.4381369300000006e-07,0.0008343837369999999,0.0343332665,2.5523677500000004e-06,4.4381369300000006e-07,0.0012849218300000002,0.0802709509,2.5523677500000004e-06,4.4381369300000006e-07,2.4458603382110597
113,1678990800,1.8421197400000004e-05,1.84212036e-05,-0.0017021752669999994,-0.023737293200000002,0.0171801709,0.00342545521,0.0070637685,0.005526075470000001,1.2418433900000002e-06,1.1279021399999999e-05,4.83566425,13.2,1.054330483e-06,1.4824118900000001e-06,9.728325e-07,6.675896080000001e-07,5.059009179999999e-07,4.2050088300000007e-07,3.7206801800000003e-07,3.28721476e-07,7.104438469999999e-07,1.70945619e-07,2.52483923e-06,86.1613021,48.530715300000004,3.13225065e-10,9.210483700000001,0.0013766850199999998,0.0920040483,2.76306989e-06,4.79842929e-07,0.0013698817699999998,0.09137773230000001,2.76306989e-06,4.79842929e-07,0.000837298741,0.035404603800000004,2.76306989e-06,4.79842929e-07,0.00124229886,0.075129865,2.76306989e-06,4.79842929e-07,2.4457284212112427
113,1678991400,1.8583003499999998e-05,1.8583008400000003e-05,0.0035739365960000004,-0.01139889773,0.0176260723,0.0034410310400000005,0.007105675010000001,0.00553565197,1.2588124799999999e-06,1.1475978450000002e-05,4.987762310000001,14.7,1.1157778100000002e-06,1.5168236299999998e-06,9.559363009999999e-07,6.785075539999999e-07,5.13756493e-07,4.3204705100000006e-07,3.6670744500000003e-07,3.11346461e-07,7.120429309999999e-07,1.71773074e-07,2.51676197e-06,86.0306651,48.0940273,3.17984587e-10,9.2088402,0.00138191195,0.09270131979999999,2.6010317300000003e-06,4.69825007e-07,0.0013547608200000002,0.0890988942,2.6010317300000003e-06,4.69825007e-07,0.0008569765030000001,0.0367352033,2.6010317300000003e-06,4.69825007e-07,0.0013001837600000001,0.08093888219999999,2.6010317300000003e-06,4.69825007e-07,2.445805048942566
113,1678992000,1.8520428499999998e-05,1.85204298e-05,-0.0009386890199999997,0.024052387520000003,0.018497055300000002,0.00342828221,0.00709661947,0.00552290822,1.27481979e-06,1.1494230349999998e-05,4.94230768,14.0,1.0429367999999999e-06,1.5360979799999999e-06,9.345955349999999e-07,6.80377722e-07,5.27993158e-07,4.3979214000000003e-07,3.71487467e-07,3.22305689e-07,7.184553549999999e-07,1.71195543e-07,2.5149175499999998e-06,86.0123108,48.2700758,3.16318343e-10,9.2074208,0.00139065276,0.09353773200000001,2.83348148e-06,4.6029081600000005e-07,0.0013612183599999998,0.0901087174,2.83348148e-06,4.6029081600000005e-07,0.0008369222360000001,0.0351374205,2.83348148e-06,4.6029081600000005e-07,0.00126401287,0.077598848,2.83348148e-06,4.6029081600000005e-07,2.445843529701233
113,1678992600,1.84658111e-05,1.8465812999999997e-05,0.011338523670000001,-0.0036225923499999995,0.0176786554,0.00343076155,0.007072181130000001,0.005506409540000001,1.24229775e-06,1.14383649e-05,5.04545453,14.3,1.069235014e-06,1.4991402800000002e-06,9.196796379999999e-07,6.72758884e-07,5.197267229999999e-07,4.2985969e-07,3.7828718899999995e-07,3.1934739300000003e-07,7.402696099999999e-07,1.7074076399999997e-07,2.5138332600000003e-06,86.0656495,48.4657802,3.14336626e-10,9.20936975,0.0013747782199999999,0.0914135378,2.4077819e-06,4.26212627e-07,0.0013568844799999999,0.08931071850000001,2.4077819e-06,4.26212627e-07,0.0008258745839999999,0.0336232603,2.4077819e-06,4.26212627e-07,0.00127193776,0.07804684740000001,2.4077819e-06,4.26212627e-07,2.4457321882247927
113,1678993200,1.85215258e-05,1.85215293e-05,-0.0020897993000000004,-0.021639121799999994,0.0169287553,0.00343397405,0.0070736020800000006,0.00552853831,1.2259861e-06,1.1303849800000002e-05,5.14860131,12.9,1.11811477e-06,1.51527059e-06,9.40546697e-07,6.674081150000001e-07,5.19118024e-07,4.2154114800000004e-07,3.67630492e-07,3.1176870299999995e-07,7.16231593e-07,1.70109021e-07,2.51297116e-06,86.0609946,48.1610443,3.1606190500000005e-10,9.2095418,0.0013764571899999999,0.0914927519,2.72528312e-06,4.82142419e-07,0.00135697767,0.0887627299,2.72528312e-06,4.82142419e-07,0.0008633930049999998,0.037197604100000004,2.72528312e-06,4.82142419e-07,0.0012813649299999999,0.0799825232,2.72528312e-06,4.82142419e-07,2.4458179235458375
113,1678993800,1.86018599e-05,1.8601865499999998e-05,-0.002356142310000001,0.0020372322999999983,0.0176561117,0.00343927078,0.00708836392,0.005529512009999999,1.2835581399999999e-06,1.1616449500000002e-05,5.0909091,14.5,1.09846733e-06,1.52431496e-06,9.61817237e-07,6.703290110000001e-07,5.261420649999999e-07,4.2638281900000005e-07,3.6841661e-07,3.2189955800000003e-07,7.20353101e-07,1.70306313e-07,2.5124409500000004e-06,85.91150760000001,48.0677826,3.17903451e-10,9.208901399999998,0.00137663178,0.0919378914,2.55564158e-06,4.51024459e-07,0.00136444169,0.0909132557,2.55564158e-06,4.51024459e-07,0.000833849766,0.0344842673,2.55564158e-06,4.51024459e-07,0.00127965682,0.07969299059999999,2.55564158e-06,4.51024459e-07,2.4458547115325926
113,1678994400,1.85329861e-05,1.8532991800000002e-05,0.01057113988,-0.014169239799999997,0.0175378853,0.0034361672599999998,0.00709896069,0.00553964925,1.2629492100000002e-06,1.18809224e-05,4.94930067,12.9,1.039477894e-06,1.50146269e-06,9.512676719999999e-07,6.808221100000001e-07,5.30885454e-07,4.5913642399999997e-07,3.71620145e-07,3.2761114600000003e-07,7.18455112e-07,1.7423100400000003e-07,2.5114827e-06,85.9871056,48.4262841,3.14653929e-10,9.21075135,0.00139210809,0.09398344309999998,2.67991431e-06,4.5289065899999993e-07,0.00137041831,0.0908165396,2.67991431e-06,4.5289065899999993e-07,0.000831624268,0.0349077014,2.67991431e-06,4.5289065899999993e-07,0.0012547448799999999,0.0763554176,2.67991431e-06,4.5289065899999993e-07,2.445834589004517
113,1678995000,1.84485624e-05,1.8448567199999998e-05,0.0009448471200000005,0.025074047500000002,0.0183150658,0.00342351049,0.00705754248,0.005499026149999999,1.25671917e-06,1.1940252500000002e-05,5.1101398499999995,13.9,1.054392065e-06,1.50198451e-06,9.432341539999999e-07,6.69805237e-07,5.2928787e-07,4.3904964900000005e-07,3.76424352e-07,3.14881595e-07,7.034311189999999e-07,1.70915692e-07,2.52083054e-06,86.1145621,48.4642207,3.14167099e-10,9.2093402,0.0013746623400000002,0.09194424949999999,2.41863803e-06,4.2067607199999997e-07,0.00135829625,0.08957176860000002,2.41863803e-06,4.2067607199999997e-07,0.0008245006000000001,0.0337180151,2.41863803e-06,4.2067607199999997e-07,0.0012803462,0.0793428979,2.41863803e-06,4.2067607199999997e-07,2.4457500696182253
113,1678995600,1.84729342e-05,1.8472936699999997e-05,-0.00403747394,0.1198259844439,0.018979153800000002,0.00342406632,0.00705895079,0.00548983047,1.29508332e-06,1.25931915e-05,4.90034966,14.2,1.0293765800000002e-06,1.5104137599999997e-06,9.67461334e-07,6.731542020000001e-07,5.244698580000002e-07,4.4439671700000004e-07,3.5561677899999997e-07,3.21200149e-07,7.14717603e-07,1.71110413e-07,2.52451969e-06,86.1540986,48.538418899999996,3.1355761100000005e-10,9.2104569,0.0013858043899999998,0.093458598,2.56923255e-06,4.31772279e-07,0.0013643472,0.08997103050000002,2.56923255e-06,4.31772279e-07,0.000828493246,0.0338654236,2.56923255e-06,4.31772279e-07,0.00127187433,0.0782097311,2.56923255e-06,4.31772279e-07,2.4458702564239503
113,1678996200,1.85719997e-05,1.85720006e-05,-0.01601015845,-0.0065801086499999994,0.017198858,0.00344152334,0.007068812119999999,0.005517166949999999,1.2720589099999999e-06,1.17400325e-05,5.02097895,14.5,1.0510782430000002e-06,1.52531067e-06,9.54580435e-07,6.83430975e-07,5.37072939e-07,4.369069560000001e-07,3.8741784000000006e-07,3.1449244300000003e-07,7.15237562e-07,1.74538336e-07,2.5058877200000004e-06,86.0002528,48.2490033,3.1693500599999997e-10,9.2077342,0.00139108167,0.09410308009999999,2.3732977000000003e-06,4.5515833299999994e-07,0.00136464411,0.0906923345,2.3732977000000003e-06,4.5515833299999994e-07,0.000838493981,0.0347215305,2.3732977000000003e-06,4.5515833299999994e-07,0.0012695849799999998,0.07807254840000001,2.3732977000000003e-06,4.5515833299999994e-07,2.445872116088867
113,1678996800,1.8384623699999998e-05,1.83846311e-05,-0.0032087125300000003,-0.00170681024,0.0177874881,0.0034221206699999998,0.00704512889,0.0054930512699999995,1.2234534500000001e-06,1.117243265e-05,4.88811185,13.4,1.066962536e-06,1.49945554e-06,9.29456402e-07,6.42844216e-07,5.21725968e-07,4.2705732599999995e-07,3.6152259199999995e-07,3.2898111000000003e-07,7.24528055e-07,1.74105301e-07,2.5155964499999997e-06,86.23250549999999,48.610017400000004,3.12108155e-10,9.211406299999998,0.00137283517,0.09140822350000001,2.6961031199999998e-06,4.72227541e-07,0.0013542416199999999,0.08827351000000001,2.6961031199999998e-06,4.72227541e-07,0.0008323115209999999,0.0348232553,2.6961031199999998e-06,4.72227541e-07,0.0012580092500000001,0.0769218976,2.6961031199999998e-06,4.72227541e-07,2.445815682411194
113,1678997400,1.85518732e-05,1.85518772e-05,0.00843119702,-0.016151004038999998,0.0178481314,0.00344017212,0.00710118497,0.00554323602,1.18884476e-06,1.0827444899999999e-05,4.884615439999999,13.5,1.08052596e-06,1.53672275e-06,9.612994970000002e-07,6.5610105e-07,5.43024054e-07,4.2336000300000006e-07,3.6612982e-07,3.17413917e-07,7.10145142e-07,1.76990496e-07,2.5041786899999997e-06,86.00682850000001,48.080603499999995,3.1750649e-10,9.2082696,0.00137973712,0.092386546,2.72654767e-06,4.6541858100000004e-07,0.00137682804,0.0909449411,2.72654767e-06,4.6541858100000004e-07,0.0008590121610000002,0.036409641300000004,2.72654767e-06,4.6541858100000004e-07,0.0012775233099999999,0.0789938621,2.72654767e-06,4.6541858100000004e-07,2.4458197355270386
113,1678998000,1.86539408e-05,1.8653944399999998e-05,0.00529243882,-0.01049894332,0.0177705545,0.0034476939499999996,0.007112380869999999,0.00553189191,1.2448710199999998e-06,1.20300238e-05,5.113636380000001,14.7,1.1064838100000003e-06,1.5410209899999999e-06,9.621407419999998e-07,6.57903764e-07,5.21927697e-07,4.3413642499999994e-07,3.7127333200000003e-07,3.2306539299999996e-07,7.19559552e-07,1.70549708e-07,2.51889429e-06,85.95184179999998,48.030314499999996,3.1950348800000003e-10,9.20803235,0.0013841983299999999,0.09322493050000001,2.8456177100000004e-06,5.03675423e-07,0.0013641964799999998,0.0904063106,2.8456177100000004e-06,5.03675423e-07,0.0008373871700000001,0.035863584299999994,2.8456177100000004e-06,5.03675423e-07,0.00127825218,0.07993144090000001,2.8456177100000004e-06,5.03675423e-07,2.4458778858184815
113,1678998600,1.85271656e-05,1.85271712e-05,-0.0009369102999999999,-0.015381397639999999,0.0171450346,0.00343703333,0.0070830992600000005,0.00553143731,1.20579061e-06,1.1185107900000001e-05,4.94405598,14.6,1.0280219350000002e-06,1.53514791e-06,9.64443208e-07,6.7524962e-07,5.22196166e-07,4.4323990200000006e-07,3.6550122400000003e-07,3.21910228e-07,7.19129461e-07,1.6844858900000002e-07,2.5202384e-06,86.030218,48.2910752,3.1617301700000003e-10,9.2088653,0.0013839671400000001,0.09285194949999999,2.49993288e-06,4.40085481e-07,0.0013700358799999999,0.0907950761,2.49993288e-06,4.40085481e-07,0.0008272638339999999,0.0338115351,2.49993288e-06,4.40085481e-07,0.00126770644,0.07840393030000001,2.49993288e-06,4.40085481e-07,2.4458648204803466
113,1678999200,1.86234148e-05,1.86234189e-05,-0.0059354098,0.0006266431999999999,0.0180938838,0.00344361649,0.00708330056,0.005522670360000001,1.24575569e-06,1.145248175e-05,5.17307692,13.7,1.13065349e-06,1.48987647e-06,9.546157760000002e-07,6.88104091e-07,5.267129709999999e-07,4.3977475399999996e-07,3.7034950199999997e-07,3.24351514e-07,7.03610849e-07,1.69784589e-07,2.5138229499999996e-06,85.9946777,47.9851036,3.1930913799999996e-10,9.20834465,0.00138988855,0.0935297445,2.51093981e-06,4.878655820000001e-07,0.0013639671,0.0904504899,2.51093981e-06,4.878655820000001e-07,0.0008760168060000002,0.038092704,2.51093981e-06,4.878655820000001e-07,0.0012815996600000002,0.0785501154,2.51093981e-06,4.878655820000001e-07,2.4458476305007935
113,1678999800,1.8622035199999998e-05,1.86220389e-05,-0.00831869956,-0.013393876980000005,0.0170065473,0.0034450471,0.007082252329999999,0.0055419189599999995,1.2585924699999997e-06,1.160409505e-05,4.94930072,15.0,1.10747096e-06,1.5361755300000002e-06,9.429333399999998e-07,6.61099954e-07,5.367029390000001e-07,4.2832779199999996e-07,3.83198277e-07,3.27141103e-07,7.114025660000001e-07,1.73565681e-07,2.5029626900000004e-06,85.9086258,48.0316142,3.1807900300000003e-10,9.2082917,0.00138818727,0.0936922537,2.4828749799999994e-06,4.69222051e-07,0.0013613765200000002,0.089896397,2.4828749799999994e-06,4.69222051e-07,0.000851559296,0.0362411208,2.4828749799999994e-06,4.69222051e-07,0.00127522515,0.07926621929999998,2.4828749799999994e-06,4.69222051e-07,2.445857810974121
113,1679000400,1.84326589e-05,1.84326614e-05,-0.016168990520000003,0.0045377447000000005,0.016870821999999997,0.00342463529,0.007052444769999999,0.00549233023,1.25164888e-06,1.1517643199999999e-05,5.153846110000001,14.1,1.05635853e-06,1.49619252e-06,9.302861299999999e-07,6.646800569999999e-07,5.277834199999999e-07,4.30944858e-07,3.70449875e-07,3.2414580999999994e-07,7.10413798e-07,1.7202206e-07,2.53302018e-06,86.1830104,48.633729900000006,3.1274765799999996e-10,9.211374699999999,0.0013733657099999999,0.09138471470000001,2.49901848e-06,4.77090468e-07,0.00135947608,0.089179424,2.49901848e-06,4.77090468e-07,0.000820346509,0.0340914831,2.49901848e-06,4.77090468e-07,0.00126675205,0.0779129304,2.49901848e-06,4.77090468e-07,2.4458287954330444
113,1679001000,1.9648210099999998e-05,1.9648214e-05,-0.005263592189999999,1.0454985643700003,0.023724831800000002,0.00349103313,0.007182073209999999,0.00557861457,2.9010253600000004e-06,2.9206554300000005e-05,5.95629363,31.7,1.0850412299999998e-06,1.4733068000000003e-06,1.057677622e-06,8.7895201e-07,6.154425179999999e-07,4.94906656e-07,3.98074268e-07,3.5311065899999997e-07,7.702506490000001e-07,1.73902494e-07,2.52341778e-06,84.9955735,47.2060908,3.4152590600000006e-10,9.199822399999999,0.00143517198,0.1052997916,2.6088762300000005e-06,4.42441743e-07,0.00139146483,0.0995073515,2.6088762300000005e-06,4.42441743e-07,0.000850852625,0.035723092,2.6088762300000005e-06,4.42441743e-07,0.0012533405300000002,0.0766567674,2.6088762300000005e-06,4.42441743e-07,2.445875883102417
113,1679001600,1.84154144e-05,1.84154234e-05,0.0006117063400000011,0.0012464747999999994,0.017621674900000002,0.00342360435,0.007056951340000001,0.005487689289999999,1.29119148e-06,1.14714445e-05,5.10489505,14.9,1.055638944e-06,1.4912624900000001e-06,9.466533079999999e-07,6.75343086e-07,5.159861240000001e-07,4.252842870000001e-07,3.75305682e-07,3.09230116e-07,7.191410770000001e-07,1.70369459e-07,2.5234621499999998e-06,86.21508569999999,48.5860798,3.12554255e-10,9.2125496,0.0013720668199999999,0.0918564485,2.62560475e-06,4.55024708e-07,0.0013504351099999999,0.0884881424,2.62560475e-06,4.55024708e-07,0.000832836461,0.0347130832,2.62560475e-06,4.55024708e-07,0.0012695999300000001,0.0790807498,2.62560475e-06,4.55024708e-07,2.445862364768982
113,1679002200,1.8483125e-05,1.8483128200000002e-05,7.314558000000044e-05,-0.014789692109999999,0.017856216,0.0034325712699999995,0.007056445389999999,0.005513412450000001,1.21566588e-06,1.1312945799999997e-05,4.95279717,13.4,1.0888727e-06,1.4902359799999998e-06,9.206155170000001e-07,6.727853e-07,5.427689519999999e-07,4.4034089500000005e-07,3.7246447900000004e-07,3.25017746e-07,7.090517249999999e-07,1.75111185e-07,2.50428706e-06,86.0337706,48.3360543,3.14265667e-10,9.2102609,0.00139953688,0.09468282500000001,2.49838005e-06,4.66225902e-07,0.0013396251500000002,0.0874783112,2.49838005e-06,4.66225902e-07,0.00084820001,0.035740150299999995,2.49838005e-06,4.66225902e-07,0.00125992757,0.07741635840000001,2.49838005e-06,4.66225902e-07,2.445856499671936
113,1679002800,1.8596877599999998e-05,1.8596882399999995e-05,0.00529897874,-0.0003981645800000015,0.017541206299999994,0.0034397006,0.00710352769,0.005526185790000001,1.2234169999999998e-06,1.1539584199999998e-05,5.1258742,14.6,1.084326753e-06,1.5597957899999998e-06,9.36241301e-07,6.671183140000001e-07,5.33322562e-07,4.34579501e-07,3.69500209e-07,3.22116172e-07,7.084941610000001e-07,1.7286281300000001e-07,2.5100503399999998e-06,85.9534334,48.0706973,3.18167647e-10,9.2077054,0.0013870915200000001,0.0933943216,2.53193558e-06,4.52791128e-07,0.00137065156,0.09023390740000001,2.53193558e-06,4.52791128e-07,0.000840055682,0.0352970155,2.53193558e-06,4.52791128e-07,0.0012871176,0.080565544,2.53193558e-06,4.52791128e-07,2.445900011062622
113,1679003400,1.86140865e-05,1.8614088299999997e-05,-0.005860905656,-0.0154048776,0.0174541327,0.0034448678900000002,0.007082238690000001,0.00553298624,1.1849070300000002e-06,1.1320169299999999e-05,5.09965037,13.4,1.08647905e-06,1.5145694800000001e-06,9.411799369999999e-07,6.78186186e-07,5.258563219999999e-07,4.38248672e-07,3.7563896399999994e-07,3.31475502e-07,7.19344902e-07,1.7346138100000003e-07,2.5225572599999998e-06,86.08395370000001,48.2503919,3.17742147e-10,9.2087426,0.0013940902899999999,0.094304456,2.91111797e-06,4.5223975699999994e-07,0.00135553252,0.0893515635,2.91111797e-06,4.5223975699999994e-07,0.0008418582460000001,0.0347421976,2.91111797e-06,4.5223975699999994e-07,0.00128636663,0.0797938961,2.91111797e-06,4.5223975699999994e-07,2.445869302749634
113,1679004000,1.8319313199999998e-05,1.83193172e-05,-0.004934192030000001,0.0101372978,0.0179769888,0.003411795,0.007037014359999999,0.00548077476,1.2151944300000002e-06,1.142029245e-05,4.7255245299999995,13.1,1.0489642699999998e-06,1.48125254e-06,9.27946362e-07,6.57777947e-07,5.380744590000001e-07,4.3095146400000005e-07,3.71518101e-07,3.11055142e-07,7.205424119999999e-07,1.67100637e-07,2.50444262e-06,86.2001266,48.6097945,3.1071405500000003e-10,9.211066500000001,0.0013798829799999998,0.0923466005,2.85885119e-06,4.72709682e-07,0.00135225479,0.08946506,2.85885119e-06,4.72709682e-07,0.0008493754879999999,0.0357273363,2.85885119e-06,4.72709682e-07,0.0012409573,0.074860819,2.85885119e-06,4.72709682e-07,2.445940351486206
113,1679004600,1.87291419e-05,1.8729145499999998e-05,-0.005214276119999999,0.011140944140000001,0.018683236199999998,0.00345137498,0.00710537084,0.005534387389999999,1.2583248300000002e-06,1.1674126050000001e-05,5.225524500000001,14.3,1.10165618e-06,1.4765965000000002e-06,9.61009895e-07,6.953732559999999e-07,5.356881529999999e-07,4.3961429200000006e-07,3.8658178700000003e-07,3.313398609999999e-07,7.206034719999999e-07,1.71342089e-07,2.54470329e-06,85.8897388,48.237178899999996,3.19408917e-10,9.209201150000002,0.0014022541,0.09554738519999999,2.5550945799999997e-06,4.61713756e-07,0.0013696403100000002,0.0899013123,2.5550945799999997e-06,4.61713756e-07,0.0008552126680000001,0.036044878200000005,2.5550945799999997e-06,4.61713756e-07,0.0012675553999999998,0.07806064550000001,2.5550945799999997e-06,4.61713756e-07,2.4458676099777223
113,1679005200,2.0041154700000003e-05,2.00411605e-05,-0.0004460678699999992,0.7401803364000001,0.0232458841,0.0035232773,0.00725592786,0.0056342198399999995,2.9315834599999997e-06,2.6902777199999996e-05,6.16433565,31.5,1.10689773e-06,1.5385744e-06,1.0208442499999998e-06,9.85047258e-07,6.19856593e-07,4.86765708e-07,4.1957668899999996e-07,3.56454481e-07,7.833525669999999e-07,1.7258329399999999e-07,2.5306087e-06,84.65482979999999,46.7636476,3.51280023e-10,9.196288050000001,0.00145213179,0.11523404050000001,2.80294562e-06,4.957898450000001e-07,0.00140664113,0.0994191186,2.80294562e-06,4.957898450000001e-07,0.0008476530000000001,0.03616621340000001,2.80294562e-06,4.957898450000001e-07,0.0012788339199999998,0.0793753005,2.80294562e-06,4.957898450000001e-07,2.4458597898483276
113,1679005800,1.84393875e-05,1.84393925e-05,0.00035799024999999974,0.014245635750000003,0.018036279300000003,0.00342370289,0.00707209488,0.00550645446,1.24102443e-06,1.14117128e-05,5.11188807,15.1,1.03569473e-06,1.5340509699999999e-06,9.343385300000001e-07,6.743563930000001e-07,5.19094647e-07,4.1721962799999995e-07,3.77267458e-07,3.2000112899999997e-07,7.107094819999999e-07,1.7098059799999999e-07,2.52596757e-06,86.0854324,48.4596515,3.13303999e-10,9.211023299999999,0.0013747027700000002,0.09195363,2.67938859e-06,4.67320432e-07,0.00135501934,0.089598118,2.67938859e-06,4.67320432e-07,0.0008227572129999999,0.0339391371,2.67938859e-06,4.67320432e-07,0.0012724581600000002,0.0785276184,2.67938859e-06,4.67320432e-07,2.4459242820739746
113,1679006400,1.86769432e-05,1.86769472e-05,-0.00746657161,0.023722518430999998,0.018006304199999996,0.00344577515,0.00707958635,0.005530106839999999,1.36561461e-06,1.2664931450000002e-05,5.29370631,15.2,1.0566560550000001e-06,1.55126101e-06,9.426305420000001e-07,6.95000806e-07,5.26548819e-07,4.5104930800000004e-07,3.72712085e-07,3.32653024e-07,7.2736028e-07,1.734439e-07,2.50914675e-06,85.85762199999999,48.1273432,3.18761717e-10,9.208111249999998,0.0013898475700000002,0.0942893984,2.4379595500000002e-06,4.25166335e-07,0.0013669019500000001,0.0902177634,2.4379595500000002e-06,4.25166335e-07,0.000818145254,0.0332846209,2.4379595500000002e-06,4.25166335e-07,0.00128536611,0.0820080541,2.4379595500000002e-06,4.25166335e-07,2.4458974599838257
113,1679007000,1.8681424099999998e-05,1.86814287e-05,-0.0013070935700000002,0.03484874196,0.0191317768,0.00344441213,0.007080852480000001,0.00551054455,1.4533191599999998e-06,1.305072275e-05,5.36538461,16.2,1.1158468500000003e-06,1.4750507900000003e-06,9.50229725e-07,6.83634189e-07,5.516949990000001e-07,4.3908326900000004e-07,3.84835054e-07,3.24237821e-07,7.34817256e-07,1.69340661e-07,2.5118810200000002e-06,85.802887,48.0762711,3.1883814e-10,9.20889115,0.0014082594600000001,0.09661529390000001,2.670723e-06,4.784200380000001e-07,0.0013414754600000003,0.08810280509999999,2.670723e-06,4.784200380000001e-07,0.0008664244520000001,0.036809773,2.670723e-06,4.784200380000001e-07,0.0012627781599999998,0.0779699975,2.670723e-06,4.784200380000001e-07,2.445866084098816
113,1679007600,1.86117797e-05,1.86117839e-05,-0.00826717746,-0.00378732394,0.0182668722,0.00344344918,0.007083363799999999,0.0055250462100000005,1.3020560099999997e-06,1.21754569e-05,5.07867129,16.6,1.08447314e-06,1.53487684e-06,9.48233865e-07,6.72245053e-07,5.35561422e-07,4.3452255e-07,3.6682159599999996e-07,3.30134231e-07,7.261110540000001e-07,1.73314268e-07,2.4995359e-06,85.86741660000001,48.0116519,3.1871734499999997e-10,9.207354599999999,0.00136983982,0.0914436129,2.7025545e-06,4.72437331e-07,0.00137557376,0.09163477639999999,2.7025545e-06,4.72437331e-07,0.0008438448580000001,0.0353557612,2.7025545e-06,4.72437331e-07,0.00127649411,0.079687449,2.7025545e-06,4.72437331e-07,2.445802021026611
113,1679008200,2.4571653699999997e-05,2.4571656299999995e-05,-0.01090803685,3.12999337245,0.028921229899999994,0.00369343161,0.00756714693,0.0058099417100000005,8.48084896e-06,7.18937372e-05,8.45804201,44.9,1.0969687300000001e-06,1.63280058e-06,1.380101244e-06,2.082413781e-06,9.608259560000001e-07,6.382472780000001e-07,5.10571217e-07,4.1230186e-07,8.20320803e-07,1.75363492e-07,2.57588592e-06,82.967525,44.975718500000006,4.73322136e-10,9.1690882,0.00161961578,0.187334704,3.39036942e-06,5.22114628e-07,0.00148989962,0.13798376390000003,3.39036942e-06,5.22114628e-07,0.0008519919540000001,0.036242182299999995,3.39036942e-06,5.22114628e-07,0.0012757383500000001,0.0809730277,3.39036942e-06,5.22114628e-07,2.4458105087280275
113,1679008800,1.9274505499999998e-05,1.9274509900000002e-05,0.0054460897150000005,0.37160455432999995,0.0212217101,0.00347256061,0.007144091789999999,0.0055433384,2.14651388e-06,1.865467945e-05,5.756993079999999,22.0,1.104021846e-06,1.50885624e-06,9.369923159999999e-07,6.797016039999999e-07,6.024930420000001e-07,5.14894173e-07,4.689917749999999e-07,3.8527366300000006e-07,7.618074959999999e-07,1.71283904e-07,2.50281766e-06,85.27654150000001,47.566870300000005,3.3368126e-10,9.202069949999998,0.0014134213599999999,0.10262301749999998,3.02456818e-06,4.868824329999999e-07,0.0013636441200000002,0.090004742,3.02456818e-06,4.868824329999999e-07,0.0008444623889999999,0.0354982661,3.02456818e-06,4.868824329999999e-07,0.001277652,0.0791780335,3.02456818e-06,4.868824329999999e-07,2.4458206415176393
113,1679009400,1.88505353e-05,1.88505397e-05,0.0018181546100000002,0.0121033854,0.0184302333,0.00346208238,0.007134303530000001,0.00555591579,1.2684750199999998e-06,1.186366175e-05,5.44405591,15.1,1.090159706e-06,1.5285771e-06,9.77280596e-07,7.05097125e-07,5.36930405e-07,4.5976458600000005e-07,3.97061769e-07,3.2179118899999994e-07,7.251998580000001e-07,1.6931788600000002e-07,2.51405825e-06,85.559749,47.7322228,3.2379195099999997e-10,9.20431275,0.00141164515,0.0970490077,2.63146037e-06,4.50545696e-07,0.00137901827,0.0923107692,2.63146037e-06,4.50545696e-07,0.000849996118,0.0358670089,2.63146037e-06,4.50545696e-07,0.00127956865,0.0794785006,2.63146037e-06,4.50545696e-07,2.4458830833435057
113,1679010000,1.89042202e-05,1.89042239e-05,0.009705893179999998,0.0027974006000000004,0.017926944999999996,0.00346951119,0.007145397739999999,0.0055590416,1.3310674099999998e-06,1.1872448750000002e-05,5.45629369,14.3,1.10767979e-06,1.5197840699999999e-06,9.7406777e-07,7.146783179999999e-07,5.470102880000001e-07,4.55247592e-07,3.80140318e-07,3.24868658e-07,7.364025649999999e-07,1.72889276e-07,2.51924751e-06,85.6666405,47.7592062,3.24592548e-10,9.205524100000002,0.00141438713,0.09702971459999998,2.96321399e-06,4.859922580000001e-07,0.00137463635,0.09163616059999999,2.96321399e-06,4.859922580000001e-07,0.000839688725,0.0349693996,2.96321399e-06,4.859922580000001e-07,0.00128775902,0.08082027760000002,2.96321399e-06,4.859922580000001e-07,2.445803165435791
113,1679010600,1.8751223199999997e-05,1.8751225899999997e-05,-0.0011382399640000004,0.0015695092800000014,0.0173357154,0.0034544617600000002,0.007129410180000001,0.00556212371,1.28014001e-06,1.18149946e-05,5.25349646,13.7,1.0840316100000002e-06,1.57260713e-06,9.572212440000001e-07,6.842469220000001e-07,5.37598194e-07,4.4424971000000003e-07,3.7369866400000004e-07,3.2113616300000003e-07,7.154110890000001e-07,1.7311314199999998e-07,2.5122727099999995e-06,85.87920740000001,47.8805192,3.21666163e-10,9.206580499999998,0.0014004776100000002,0.09543444209999999,2.70615862e-06,4.75166438e-07,0.0013761266,0.091791628,2.70615862e-06,4.75166438e-07,0.0008397301859999999,0.035211215399999996,2.70615862e-06,4.75166438e-07,0.00128454872,0.0803785005,2.70615862e-06,4.75166438e-07,2.4458025217056276
113,1679011200,1.8601185800000003e-05,1.86011907e-05,0.00470712442,-0.01590182012,0.0187998963,0.0034464898399999997,0.00708760435,0.00553649153,1.2300290099999999e-06,1.0866060850000002e-05,5.04720283,13.0,1.0826212600000003e-06,1.48410758e-06,9.48459238e-07,6.87840774e-07,5.46350128e-07,4.4731829299999996e-07,3.7168689500000003e-07,3.18918211e-07,7.10725506e-07,1.67885758e-07,2.5346362899999996e-06,85.90957550000002,48.2475962,3.17485339e-10,9.207512349999998,0.00140302892,0.0951146131,2.6049228599999997e-06,4.5195824999999993e-07,0.0013537356299999999,0.0895551184,2.6049228599999997e-06,4.5195824999999993e-07,0.000839719144,0.0348666305,2.6049228599999997e-06,4.5195824999999993e-07,0.00126711168,0.0780494586,2.6049228599999997e-06,4.5195824999999993e-07,2.44583420753479
113,1679011800,1.96374488e-05,1.9637452e-05,0.00550466834,0.33954779194,0.020254634799999997,0.0035022626899999998,0.00723875791,0.00561163254,2.30809375e-06,2.0196613500000003e-05,6.06643356,26.9,1.0530977e-06,1.51985288e-06,1.027076355e-06,8.598504550000001e-07,6.14575176e-07,4.808734939999999e-07,4.2389389600000007e-07,3.4322165899999996e-07,7.762525289999999e-07,1.7162221900000003e-07,2.5483416400000005e-06,84.99383259999999,47.333166899999995,3.40521892e-10,9.1998452,0.00145349771,0.11029436749999999,2.3878538299999992e-06,4.3837960500000003e-07,0.0013931100500000002,0.0958669171,2.3878538299999992e-06,4.3837960500000003e-07,0.0008436599770000001,0.035300368500000005,2.3878538299999992e-06,4.3837960500000003e-07,0.00126150031,0.076847478,2.3878538299999992e-06,4.3837960500000003e-07,2.445882964134216
113,1679012400,1.94129442e-05,1.94129542e-05,-0.0038116075099999995,0.09123101642999999,0.0190008751,0.0035062790399999996,0.00722153317,0.00561667162,1.7427467999999998e-06,1.6427399599999998e-05,5.97027962,19.6,1.0840743700000001e-06,1.50128554e-06,1.0116510899999998e-06,7.634047809999999e-07,5.8627491e-07,5.280739990000001e-07,4.27676672e-07,3.62967876e-07,7.50207276e-07,1.68474053e-07,2.52235888e-06,85.0506793,47.290790599999994,3.35615919e-10,9.2015826,0.0014508560399999998,0.10556245499999999,2.2446792900000003e-06,4.50387331e-07,0.00138098895,0.0925096686,2.2446792900000003e-06,4.50387331e-07,0.000849378398,0.035746495100000004,2.2446792900000003e-06,4.50387331e-07,0.00127430762,0.0790046914,2.2446792900000003e-06,4.50387331e-07,2.4458402395248413
113,1679013000,1.8720431399999996e-05,1.87204374e-05,-0.002275628666,-0.0087305574,0.0171674148,0.00345448228,0.00710918254,0.00553758699,1.2882485800000003e-06,1.18369019e-05,5.28321673,14.4,1.07791871e-06,1.4492117399999998e-06,9.7100326e-07,7.344836909999999e-07,5.435986639999999e-07,4.6006805999999997e-07,3.8028252e-07,3.2874727200000003e-07,7.128878310000001e-07,1.6904440200000002e-07,2.5329233400000003e-06,85.7056305,48.144518700000006,3.1855401599999994e-10,9.2093551,0.00142096383,0.09760236949999998,2.9693880799999994e-06,4.70343189e-07,0.0013623136000000002,0.0902839124,2.9693880799999994e-06,4.70343189e-07,0.0008487848379999999,0.035808394699999996,2.9693880799999994e-06,4.70343189e-07,0.0012485643499999999,0.07599510440000001,2.9693880799999994e-06,4.70343189e-07,2.445895552635193
113,1679013600,1.95473645e-05,1.9547369800000003e-05,0.01498316703,0.1280892897,0.0198255404,0.003511260099999999,0.007264253189999998,0.005628164780000001,1.6114711700000002e-06,1.42010075e-05,6.10839158,18.2,1.073881637e-06,1.6075647000000001e-06,1.051402346e-06,7.76642778e-07,5.72111926e-07,4.71991671e-07,4.10265695e-07,3.44960399e-07,7.493740160000001e-07,1.7440479699999998e-07,2.54103807e-06,85.0340384,47.0691062,3.3938213200000004e-10,9.19962725,0.00144386442,0.10344082270000002,2.41433135e-06,4.462841689999999e-07,0.00142379618,0.09962181140000001,2.41433135e-06,4.462841689999999e-07,0.0008303026429999999,0.0340533834,2.41433135e-06,4.462841689999999e-07,0.0012986134300000001,0.08153433,2.41433135e-06,4.462841689999999e-07,2.4459354162216185
113,1679014200,2.04814918e-05,2.0481494700000002e-05,0.007006681900000001,0.5859275616,0.022400837899999998,0.00356888896,0.0073456352000000015,0.0057109548,3.0199981599999996e-06,2.7423523700000003e-05,6.62587407,30.0,1.13071508e-06,1.5970001099999999e-06,1.072970866e-06,9.583444479999999e-07,6.55036307e-07,5.121171200000001e-07,4.292114029999999e-07,3.5424771199999994e-07,7.97164161e-07,1.69818584e-07,2.5640755799999997e-06,84.2640735,46.158369300000004,3.60796887e-10,9.192555599999999,0.0014906987100000001,0.114824,2.6859533499999998e-06,4.71716651e-07,0.00143034894,0.1041946395,2.6859533499999998e-06,4.71716651e-07,0.0008562889269999998,0.036685356100000004,2.6859533499999998e-06,4.71716651e-07,0.00130630535,0.08357631000000001,2.6859533499999998e-06,4.71716651e-07,2.445856523513794
113,1679014800,1.95662464e-05,1.9566250800000002e-05,0.007985084675,0.060622323860000014,0.018293367999999997,0.00352288085,0.00725898854,0.00565851509,1.64483365e-06,1.429292035e-05,6.089160860000001,20.8,1.14547684e-06,1.5878505200000002e-06,1.0161393099999998e-06,7.32691455e-07,5.98644555e-07,5.02508206e-07,4.1728966500000006e-07,3.47775716e-07,7.445038050000001e-07,1.7134562400000002e-07,2.51888615e-06,85.01345819999999,46.7853304,3.40757544e-10,9.1984333,0.001446932,0.1038449674,2.3138960200000004e-06,4.41873545e-07,0.00139183805,0.09413034049999999,2.3138960200000004e-06,4.41873545e-07,0.0008598812900000001,0.036321238000000006,2.3138960200000004e-06,4.41873545e-07,0.00133482528,0.08593544510000001,2.3138960200000004e-06,4.41873545e-07,2.4458116769790648
113,1679015400,1.8724837e-05,1.8724842699999997e-05,0.004010350179999999,0.010218871200000002,0.017300439,0.0034511613699999997,0.00713147879,0.00554323648,1.27375624e-06,1.13989527e-05,5.162587329999999,13.9,1.1232775999999997e-06,1.4994241399999999e-06,9.68660774e-07,6.891451819999999e-07,5.437376109999999e-07,4.6457276899999997e-07,3.7490344599999996e-07,3.17657847e-07,7.12059532e-07,1.71439619e-07,2.4975046799999994e-06,85.67944710000002,47.70220809999999,3.22206259e-10,9.20432145,0.0014073564999999998,0.0958420224,2.61471683e-06,4.47989802e-07,0.00137163027,0.09148798039999999,2.61471683e-06,4.47989802e-07,0.000840660335,0.0351635523,2.61471683e-06,4.47989802e-07,0.00128295901,0.0801165737,2.61471683e-06,4.47989802e-07,2.445850110054016
113,1679016000,1.9845173500000002e-05,1.9845175700000004e-05,0.0019844308599999997,0.7150138854300001,0.021565051600000003,0.00351314884,0.007239114959999999,0.005623657030000001,2.57867161e-06,2.1382393900000002e-05,5.951049020000001,24.4,1.0280062799999999e-06,1.53595515e-06,1.0597235339999998e-06,9.57069875e-07,6.36606687e-07,4.78925229e-07,3.98441055e-07,3.4014306e-07,7.77467194e-07,1.7434025200000003e-07,2.53583568e-06,85.1000305,47.2370066,3.4766516e-10,9.1974281,0.0014621757900000001,0.11493190499999999,2.6092411800000002e-06,4.46836585e-07,0.00141621853,0.10021741190000003,2.6092411800000002e-06,4.46836585e-07,0.000825493853,0.0338788435,2.6092411800000002e-06,4.46836585e-07,0.0012486464400000002,0.07616766420000001,2.6092411800000002e-06,4.46836585e-07,2.4457722663879395
113,1679016600,2.06390633e-05,2.06390681e-05,0.00396867807,0.8882613447999999,0.023567384,0.0035647074800000005,0.007359888360000001,0.00569681313,3.4011729700000006e-06,3.0479977299999998e-05,6.7465034,33.5,1.08985443e-06,1.5974513300000002e-06,1.13994097e-06,1.068350979e-06,6.905523790000001e-07,4.68674655e-07,3.9864228799999996e-07,3.4758462399999993e-07,7.856447139999999e-07,1.717416e-07,2.56105611e-06,84.4516034,46.18741279999999,3.6603797999999996e-10,9.192201999999998,0.00148625964,0.12095091120000001,2.24118365e-06,4.31138895e-07,0.00143721169,0.10725204349999999,2.24118365e-06,4.31138895e-07,0.000822841587,0.0334424993,2.24118365e-06,4.31138895e-07,0.00131972047,0.0848525098,2.24118365e-06,4.31138895e-07,2.445749521255493
113,1679017200,2.41412254e-05,2.41412325e-05,-0.0035367698029999993,2.06576237992,0.026701610199999996,0.0036274341,0.007449375649999999,0.005702955470000001,9.99504707e-06,8.953481755e-05,7.555944070000001,37.6,1.019935836e-06,1.6058059099999998e-06,1.13389734e-06,2.052865411e-06,1.2467422550000001e-06,6.487556599999999e-07,4.7573590599999997e-07,3.9188172300000004e-07,7.786313179999999e-07,1.7012449099999998e-07,2.54619511e-06,83.77470309999998,45.9818836,4.69944592e-10,9.1763802,0.0015674606500000001,0.2030726601,2.6954536e-06,4.5995537400000005e-07,0.00143838303,0.11622567759999998,2.6954536e-06,4.5995537400000005e-07,0.0008203015370000001,0.0339136422,2.6954536e-06,4.5995537400000005e-07,0.0012807396599999999,0.0799714347,2.6954536e-06,4.5995537400000005e-07,2.445760941505432
113,1679017800,2.53069916e-05,2.53069926e-05,-0.028440841990000004,2.8848831669550004,0.030922055799999997,0.0037418997499999995,0.007682600549999999,0.00588684664,1.057720199e-05,9.00487057e-05,9.09440539,53.8,1.2003631000000002e-06,1.6268840199999999e-06,1.235516413e-06,2.402050873e-06,1.16875256e-06,5.99693366e-07,4.868442e-07,3.82012617e-07,8.056273449999999e-07,1.70698531e-07,2.57501807e-06,82.56041549999999,43.742751899999995,4.98864069e-10,9.1603346,0.0016330046799999999,0.200239402,2.91451386e-06,4.812628699999999e-07,0.00153369552,0.1437028124,2.91451386e-06,4.812628699999999e-07,0.000873164733,0.03761919030000001,2.91451386e-06,4.812628699999999e-07,0.0013322328799999998,0.0864398216,2.91451386e-06,4.812628699999999e-07,2.445749020576477
113,1679018400,1.88552815e-05,1.88552843e-05,-0.0062459328770000004,-0.003913660220000002,0.017452987800000003,0.00346530559,0.007127842560000002,0.00556298766,1.24994694e-06,1.12501594e-05,5.423076969999999,14.8,1.10652385e-06,1.5511885599999999e-06,9.5331001e-07,7.025840990000001e-07,5.476569049999999e-07,4.4551688300000006e-07,3.884608890000001e-07,3.1627361799999995e-07,7.210658510000002e-07,1.70336723e-07,2.52468341e-06,85.6339714,47.7050004,3.24209004e-10,9.20395245,0.00141161033,0.09653165699999999,2.67519893e-06,4.84808701e-07,0.00138871958,0.09286085200000001,2.67519893e-06,4.84808701e-07,0.0008449468479999999,0.0358846032,2.67519893e-06,4.84808701e-07,0.00128171103,0.0792308978,2.67519893e-06,4.84808701e-07,2.4456854581832888
113,1679019000,2.1420320800000003e-05,2.1420323399999998e-05,0.09798100010000002,2.0169900381,0.029977409299999997,0.00360529283,0.00740128372,0.00573376721,3.7766695400000007e-06,3.358753959999999e-05,7.00699296,32.9,1.37844575e-06,1.9026832699999997e-06,1.1197424040000001e-06,8.343277200000001e-07,6.21443203e-07,4.91425397e-07,4.2783024600000003e-07,3.5002817000000005e-07,7.725871619999998e-07,1.76812761e-07,2.6347393900000003e-06,84.2775732,45.439347399999996,3.84812282e-10,9.1889941,0.0014783434899999998,0.11131671010000002,5.96542517e-06,9.826143479999999e-07,0.0014517681700000002,0.1114339634,5.96542517e-06,9.826143479999999e-07,0.000888985974,0.046405361900000004,5.96542517e-06,9.826143479999999e-07,0.00135144459,0.0952468842,5.96542517e-06,9.826143479999999e-07,2.4456568717956544
113,1679019600,1.94708944e-05,1.94708965e-05,0.010175505409999999,0.09541480510000003,0.01925127025,0.0035125251999999995,0.00724664829,0.00563749378,1.7962382e-06,1.61865493e-05,5.8164335000000005,22.0,1.061884123e-06,1.53197976e-06,1.0338151900000002e-06,8.38645173e-07,5.92554559e-07,4.944241529999999e-07,4.08725312e-07,3.3507667699999997e-07,7.467809000000001e-07,1.7217651799999997e-07,2.5193344199999997e-06,85.0865514,47.150431000000005,3.37616769e-10,9.1992114,0.0014701272999999998,0.10839225940000001,2.2363807799999996e-06,4.3133996999999994e-07,0.0014037614300000001,0.0960337178,2.2363807799999996e-06,4.3133996999999994e-07,0.0008276285289999999,0.03418054150000001,2.2363807799999996e-06,4.3133996999999994e-07,0.0012791848099999998,0.0798304919,2.2363807799999996e-06,4.3133996999999994e-07,2.4457047462463377
113,1679020200,2.30585073e-05,2.30585105e-05,-0.008478410510000001,2.89371807057,0.0277210919,0.0036267371700000003,0.007456686459999999,0.00576945474,7.746988250000002e-06,6.440288965000002e-05,7.550699510000001,36.9,1.10352293e-06,1.5035110899999999e-06,1.0889827900000001e-06,2.0035903639999995e-06,9.64967507e-07,5.79261163e-07,4.334929e-07,3.8443158500000004e-07,7.561482799999999e-07,1.70570258e-07,2.5407064500000004e-06,83.7729875,45.5827401,4.39260254e-10,9.1777845,0.0015797892299999998,0.1781835685,2.63602855e-06,4.70354593e-07,0.00144880015,0.1196889535,2.63602855e-06,4.70354593e-07,0.0008586964329999998,0.036549203200000005,2.63602855e-06,4.70354593e-07,0.00125041419,0.07589836280000001,2.63602855e-06,4.70354593e-07,2.4457821607589723
113,1679020800,2.3777483399999997e-05,2.37774854e-05,0.026643207910000005,3.6415593298150006,0.029867447400000004,0.00361213804,0.0073954884699999985,0.00569780202,1.1466855750000001e-05,0.00011551105185000001,7.346153920000001,41.2,1.08966662e-06,1.44714224e-06,1.0414967620000002e-06,2.146561701e-06,1.2109178020000001e-06,6.07584194e-07,4.670563009999999e-07,3.94761581e-07,7.49251344e-07,1.74197376e-07,2.56008133e-06,83.896636,46.1002837,4.5923390400000006e-10,9.17659865,0.00156697997,0.20060530660000003,2.3124022300000003e-06,4.3655759e-07,0.0014155547199999998,0.111884917,2.3124022300000003e-06,4.3655759e-07,0.0008404055860000001,0.0352962179,2.3124022300000003e-06,4.3655759e-07,0.00126278807,0.077726738,2.3124022300000003e-06,4.3655759e-07,2.4458102941513062
113,1679021400,1.87893989e-05,1.8789401899999997e-05,-0.0009832227899999996,-0.021741388703,0.0170238521,0.0034603401999999998,0.00714322243,0.00557571898,1.3005448e-06,1.176629785e-05,5.1590909400000005,15.7,1.0949230100000001e-06,1.5350754899999997e-06,9.612095440000001e-07,7.060146730000001e-07,5.509462300000001e-07,4.3356778100000003e-07,3.70636625e-07,3.27955116e-07,7.20479366e-07,1.71770019e-07,2.5221049900000005e-06,85.80561709999999,47.913988499999995,3.2168533900000003e-10,9.207379750000001,0.00140458885,0.095788703,2.8518679e-06,4.67364898e-07,0.00138622109,0.09268527940000001,2.8518679e-06,4.67364898e-07,0.000847338479,0.035783085199999995,2.8518679e-06,4.67364898e-07,0.00127651635,0.07962482509999999,2.8518679e-06,4.67364898e-07,2.44577271938324
113,1679022000,1.8791429500000002e-05,1.8791432300000003e-05,-0.0015461700299999998,0.05308160555,0.0190738666,0.00345623844,0.007090557379999999,0.0055374162999999995,1.5249768200000002e-06,1.4419884600000002e-05,5.30944053,17.2,1.0591182400000003e-06,1.54305807e-06,9.94464003e-07,7.071511019999998e-07,5.51058692e-07,4.39427169e-07,3.6689833e-07,3.2925934699999993e-07,7.21586185e-07,1.6829377000000002e-07,2.5153230099999997e-06,85.86092540000001,47.9062885,3.2225900199999996e-10,9.206627049999998,0.00140915136,0.0977441587,2.5811476e-06,4.4457961999999997e-07,0.00137475353,0.0913413275,2.5811476e-06,4.4457961999999997e-07,0.000809161404,0.032632107,2.5811476e-06,4.4457961999999997e-07,0.0012938593000000002,0.08127554649999999,2.5811476e-06,4.4457961999999997e-07,2.4457690477371217
113,1679022600,2.05195999e-05,2.05196043e-05,-0.015143197959999999,0.9199928443000001,0.0247077896,0.00355905906,0.00732373324,0.00567510896,3.94345114e-06,3.5200530800000005e-05,6.601398550000001,40.5,1.12540171e-06,1.55431121e-06,1.129015413e-06,1.105259596e-06,6.78175102e-07,4.80989348e-07,4.06055201e-07,3.4003325599999996e-07,7.43843052e-07,1.73369794e-07,2.52329286e-06,84.27218250000001,45.8519076,3.64868698e-10,9.1895757,0.0014877510300000001,0.12443269999999998,2.87291942e-06,4.913576399999999e-07,0.0014300761499999998,0.10558135260000001,2.87291942e-06,4.913576399999999e-07,0.00086065085,0.03697437090000001,2.87291942e-06,4.913576399999999e-07,0.0012813392500000001,0.0797816546,2.87291942e-06,4.913576399999999e-07,2.4457417726516724
113,1679023200,1.9124148899999998e-05,1.91241522e-05,0.00020435280000000072,0.41156622169999996,0.0206760267,0.00346703576,0.007164668020000001,0.005557416989999999,2.2828219e-06,2.13923003e-05,5.59790196,24.6,1.080898414e-06,1.52718837e-06,1.0044897210000002e-06,7.77042582e-07,6.058537370000001e-07,4.44007327e-07,3.7136629600000003e-07,3.33355294e-07,7.32999503e-07,1.68879017e-07,2.5159065999999997e-06,85.4516347,47.473794100000006,3.30541834e-10,9.202503799999999,0.001420194,0.1025606507,2.5206948799999995e-06,4.6171435400000004e-07,0.0013734797699999999,0.094449963,2.5206948799999995e-06,4.6171435400000004e-07,0.0008443075320000001,0.035754817499999994,2.5206948799999995e-06,4.6171435400000004e-07,0.00127245587,0.0787459129,2.5206948799999995e-06,4.6171435400000004e-07,2.4458224534988404
113,1679023800,1.8638340000000004e-05,1.8638346899999998e-05,-0.006127958839999999,0.01525160253,0.017901078100000002,0.00344258442,0.0070790583200000005,0.0055076677300000005,1.22841436e-06,1.095625205e-05,5.11188808,13.9,1.089636555e-06,1.5208195600000001e-06,9.474472139999998e-07,6.836547059999999e-07,5.386599970000001e-07,4.4417041200000005e-07,3.7658483699999997e-07,3.14965539e-07,7.10273017e-07,1.7297764000000002e-07,2.51993096e-06,85.94422080000001,48.10610380000001,3.1844585e-10,9.2091614,0.0013963479400000002,0.0942882736,2.53186138e-06,4.54612387e-07,0.0013640361900000002,0.0909662604,2.53186138e-06,4.54612387e-07,0.0008453397010000001,0.035685181899999995,2.53186138e-06,4.54612387e-07,0.00127702386,0.07862486939999999,2.53186138e-06,4.54612387e-07,2.4458438873291017
113,1679024400,2.0616490500000006e-05,2.06164935e-05,0.004067942789999999,0.3916949102,0.0223445351,0.0035786163199999998,0.007386221500000001,0.00570935049,2.73514432e-06,2.24099268e-05,6.844405589999999,32.1,1.09547248e-06,1.61938228e-06,1.110775726e-06,1.14830463e-06,6.76678987e-07,4.7647835100000004e-07,3.9346390899999997e-07,3.48212307e-07,7.41746259e-07,1.74521104e-07,2.52318219e-06,84.2579804,45.8007958,3.687346e-10,9.188066000000001,0.00152447026,0.1246508605,2.68532376e-06,4.83893786e-07,0.00145171052,0.10825283399999999,2.68532376e-06,4.83893786e-07,0.000834396005,0.0353188072,2.68532376e-06,4.83893786e-07,0.00130296393,0.0824281992,2.68532376e-06,4.83893786e-07,2.4458606004714967
113,1679025000,2.0043488099999998e-05,2.00434903e-05,0.008174572959399998,0.22560240367,0.0219878288,0.00355547554,0.00733879407,0.00569404472,2.36806312e-06,2.27349611e-05,6.25524481,32.2,1.1080381799999998e-06,1.5928733e-06,1.081956735e-06,9.436882080000001e-07,6.3471534e-07,4.7633993099999995e-07,3.9737657200000003e-07,3.47142926e-07,7.311167909999999e-07,1.71639864e-07,2.5368301500000003e-06,84.553843,46.211865200000005,3.5195298400000003e-10,9.1940693,0.0014845035799999997,0.1120538037,2.4585867400000002e-06,4.4131427399999997e-07,0.00144041213,0.103428202,2.4585867400000002e-06,4.4131427399999997e-07,0.00083939697,0.035024317400000005,2.4585867400000002e-06,4.4131427399999997e-07,0.0012987120999999999,0.083095499,2.4585867400000002e-06,4.4131427399999997e-07,2.445783257484436
113,1679025600,1.95133078e-05,1.9513313900000002e-05,-0.004666673790000001,0.10070408949999998,0.0194768091,0.0035155601600000003,0.00724326865,0.0056298877800000004,1.7685000899999998e-06,1.527554825e-05,6.068181770000001,22.3,1.0903785700000002e-06,1.5081483599999999e-06,9.92089597e-07,8.647201440000001e-07,6.39755537e-07,4.80426767e-07,4.1210899899999997e-07,3.5118616e-07,7.230410649999999e-07,1.7190918500000002e-07,2.5228651699999997e-06,85.13222389999999,47.1211013,3.3860924900000006e-10,9.1997876,0.00147605479,0.1096715409,2.49258414e-06,4.4718100999999997e-07,0.0013904257599999998,0.0948345864,2.49258414e-06,4.4718100999999997e-07,0.0008540171740000002,0.035606253600000005,2.49258414e-06,4.4718100999999997e-07,0.00126370443,0.0779373012,2.49258414e-06,4.4718100999999997e-07,2.4458890914916993
113,1679026200,1.9070040500000003e-05,1.9070043300000005e-05,-0.0025822761400000004,0.073741982,0.01869774695,0.0034777485399999997,0.007163492029999999,0.005573525729999999,1.5680520199999999e-06,1.5146361200000001e-05,5.54545452,20.5,1.07595656e-06,1.50047754e-06,1.013097422e-06,7.68098875e-07,6.03918932e-07,4.5742270199999993e-07,3.6733812299999997e-07,3.3001019600000005e-07,7.25233405e-07,1.68106254e-07,2.5253164499999995e-06,85.3978207,47.4867878,3.2917458100000004e-10,9.201991950000002,0.00143308068,0.10075887450000001,2.5908021200000003e-06,4.49371224e-07,0.00140133023,0.0964849825,2.5908021200000003e-06,4.49371224e-07,0.000843670182,0.0352868642,2.5908021200000003e-06,4.49371224e-07,0.0012559393400000001,0.0771027218,2.5908021200000003e-06,4.49371224e-07,2.4457735300064085
113,1679026800,1.8979292599999997e-05,1.89792971e-05,0.00137051827,0.08217083476,0.019023394800000003,0.0034684743399999995,0.0071534135499999995,0.0055635072,1.50700053e-06,1.3851920850000002e-05,5.55244752,19.0,1.0769113e-06,1.53418978e-06,9.446286019999999e-07,7.60324854e-07,6.261164449999999e-07,4.52476955e-07,3.64758745e-07,3.32065188e-07,7.241435410000001e-07,1.7260958700000002e-07,2.50133987e-06,85.49553,47.604481500000006,3.26305136e-10,9.2044742,0.0014349524,0.1023469816,2.6222306699999997e-06,4.42620585e-07,0.00137533547,0.09163947399999998,2.6222306699999997e-06,4.42620585e-07,0.0008322740760000001,0.034017666599999996,2.6222306699999997e-06,4.42620585e-07,0.0012751082000000001,0.0795451549,2.6222306699999997e-06,4.42620585e-07,2.445856142044067
113,1679027400,1.9169821399999998e-05,1.91698232e-05,-0.02144382303,0.22932565116999998,0.0194184061,0.0034765585099999995,0.007109910409999999,0.00557212909,1.92932626e-06,1.7336130700000005e-05,5.4615384,22.6,1.06727162e-06,1.48194456e-06,1.010020442e-06,8.82645287e-07,5.75720279e-07,4.4997267399999996e-07,3.8252617599999997e-07,3.24912534e-07,7.21548738e-07,1.73311967e-07,2.51500166e-06,85.365431,47.4685513,3.31926897e-10,9.20132685,0.0014424189499999999,0.10584753710000001,2.7640738899999994e-06,4.6203636200000006e-07,0.0013899631500000002,0.0960723265,2.7640738899999994e-06,4.6203636200000006e-07,0.0008433946940000001,0.0351947774,2.7640738899999994e-06,4.6203636200000006e-07,0.0012577787,0.0765804145,2.7640738899999994e-06,4.6203636200000006e-07,2.445603680610657
113,1679028000,2.09679473e-05,2.0967952000000002e-05,0.019758296069999997,0.9833798338999999,0.0249546142,0.00359159893,0.00739254117,0.0057217753599999996,4.2209451300000006e-06,3.830330845000001e-05,7.0349652,44.6,1.0877605499999998e-06,1.52858669e-06,1.151411706e-06,1.100624567e-06,7.23754824e-07,6.09991396e-07,4.7635903599999996e-07,3.5811282299999994e-07,7.589470580000001e-07,1.6939741e-07,2.51900406e-06,83.91211610000002,45.578759000000005,3.74900822e-10,9.1860503,0.0015219286099999998,0.1310775765,2.6724066900000004e-06,4.5865717600000003e-07,0.00144816314,0.10704599300000002,2.6724066900000004e-06,4.5865717600000003e-07,0.0008378931609999999,0.034848097599999996,2.6724066900000004e-06,4.5865717600000003e-07,0.0012817002300000001,0.0801431896,2.6724066900000004e-06,4.5865717600000003e-07,2.4457289457321165
113,1679028600,2.1021640100000003e-05,2.10216433e-05,0.034239628707,0.8408456078800001,0.026893007500000003,0.0036005290299999998,0.007421298879999999,0.00572831564,3.8595019100000004e-06,3.578146065e-05,7.213286550000001,43.2,1.1744293999999999e-06,1.5712836499999999e-06,1.064453619e-06,1.0256151040000001e-06,6.71060168e-07,6.330379080000001e-07,4.923283770000001e-07,3.8068505499999996e-07,7.94017195e-07,1.73291501e-07,2.53053647e-06,83.910531,45.69729830000001,3.7437475700000005e-10,9.18766545,0.0015186646699999998,0.1285082784,2.98813964e-06,5.020592840000001e-07,0.0014129303400000001,0.101788776,2.98813964e-06,5.020592840000001e-07,0.0008785654680000001,0.038275331600000004,2.98813964e-06,5.020592840000001e-07,0.00130581549,0.0828721528,2.98813964e-06,5.020592840000001e-07,2.4458152770996096
113,1679029200,2.0557618399999997e-05,2.0557626e-05,0.025249590440000004,0.49284262735000006,0.024424643200000005,0.00357185395,0.00737746192,0.005704342909999999,3.40770283e-06,3.201195709999999e-05,6.94930068,43.7,1.04830079e-06,1.5511125999999998e-06,1.06643014e-06,1.097783725e-06,7.000131809999999e-07,5.564086930000001e-07,4.6127613199999996e-07,3.66003383e-07,7.38830076e-07,1.72062211e-07,2.5205712900000003e-06,84.2280413,46.1969355,3.64369942e-10,9.1907835,0.0015127498699999999,0.1254509559,2.30857802e-06,4.2654331e-07,0.0014409832000000001,0.10593805999999999,2.30857802e-06,4.2654331e-07,0.0008300274489999998,0.0339241134,2.30857802e-06,4.2654331e-07,0.00126879829,0.0783488445,2.30857802e-06,4.2654331e-07,2.445816254615784
113,1679029800,1.95304227e-05,1.95304296e-05,-0.014607232199999997,0.35754910803000006,0.01956845745,0.0034990416500000005,0.0071998294599999995,0.00559697531,2.26957191e-06,2.1364842199999997e-05,5.968531469999999,22.1,1.08538278e-06,1.51418482e-06,1.0207122610000001e-06,9.27315018e-07,6.179066440000001e-07,4.6899664800000005e-07,3.82537425e-07,3.27517719e-07,7.33613837e-07,1.6960275899999999e-07,2.5173707e-06,85.1299804,47.076197,3.40558176e-10,9.199374700000002,0.0014579621100000001,0.10814760429999999,2.18814233e-06,4.18571248e-07,0.0013949318199999998,0.10022719129999999,2.18814233e-06,4.18571248e-07,0.0008309838559999999,0.0344396011,2.18814233e-06,4.18571248e-07,0.00127094259,0.07841881070000001,2.18814233e-06,4.18571248e-07,2.4456969261169434
113,1679030400,2.04246769e-05,2.0424679e-05,-0.0061023222250000024,0.57449583219,0.022707808000000003,0.00355912777,0.007348511980000002,0.00569248626,3.4510062199999998e-06,3.281220245e-05,6.599650389999999,35.2,1.0582245199999999e-06,1.51241347e-06,1.0789286720000002e-06,1.093300371e-06,6.984758499999999e-07,5.259100049999999e-07,4.57210279e-07,3.51601315e-07,7.535495189999999e-07,1.6890385799999998e-07,2.51378777e-06,84.187059,46.1300386,3.60552734e-10,9.189893549999999,0.0015225557500000001,0.12578044759999998,2.64733286e-06,4.57196891e-07,0.0014256337999999998,0.10524275850000002,2.64733286e-06,4.57196891e-07,0.0008282745039999999,0.0344578636,2.64733286e-06,4.57196891e-07,0.0012580932,0.07635225939999998,2.64733286e-06,4.57196891e-07,2.44570996761322
113,1679031000,1.96364103e-05,1.9636416100000003e-05,0.0003887345199999998,0.34826864620000003,0.021021288500000002,0.00351527372,0.007245805030000001,0.00562512085,2.3628979100000005e-06,2.3167171949999998e-05,6.258741180000001,27.5,1.04171021e-06,1.59649398e-06,1.013801253e-06,9.092313129999999e-07,6.458220780000001e-07,4.7089265100000004e-07,3.9080473999999997e-07,3.4193815199999997e-07,7.25193889e-07,1.70432882e-07,2.5118464600000002e-06,84.9157631,46.7978413,3.4305173800000003e-10,9.19771515,0.0014665299200000003,0.11130393949999999,2.39971685e-06,4.26050247e-07,0.0014134763600000002,0.09989132640000001,2.39971685e-06,4.26050247e-07,0.0008096267630000001,0.0327880046,2.39971685e-06,4.26050247e-07,0.0012847706199999999,0.08091207040000001,2.39971685e-06,4.26050247e-07,2.445820999145508
113,1679031600,2.00721101e-05,2.00721126e-05,-0.0031064434699999994,0.10301263810000001,0.018823790700000002,0.0035563096000000003,0.00735736363,0.0057086778800000005,1.91767314e-06,1.7764378200000002e-05,6.77097897,26.8,1.1384689e-06,1.57730135e-06,9.96728966e-07,8.560940120000002e-07,6.560258889999999e-07,5.427917680000001e-07,4.22906552e-07,3.9355925900000005e-07,7.48666735e-07,1.6893701699999998e-07,2.53450987e-06,84.5949599,46.4736324,3.52080007e-10,9.194762449999999,0.0014956013699999999,0.11285786049999999,3.1285243200000003e-06,5.10240708e-07,0.00140726497,0.09668536009999999,3.1285243200000003e-06,5.10240708e-07,0.000851670702,0.036755704,3.1285243200000003e-06,5.10240708e-07,0.00130542929,0.082684732,3.1285243200000003e-06,5.10240708e-07,2.445964503288269
113,1679032200,1.8882239e-05,1.8882242000000002e-05,0.006522583820000001,0.007097548300000001,0.0177241447,0.0034664683,0.0071445632000000005,0.005575223860000001,1.33400897e-06,1.2547394000000001e-05,5.34965035,17.0,1.088858696e-06,1.55190246e-06,9.836318549999998e-07,7.249764239999999e-07,5.410048420000001e-07,4.4860222199999994e-07,3.7495976899999997e-07,3.1664705199999997e-07,7.19367698e-07,1.72360256e-07,2.51877562e-06,85.7666095,47.749092,3.2445786799999997e-10,9.205758800000002,0.0014047805900000002,0.096074527,2.4251577200000005e-06,4.351186830000001e-07,0.00137876601,0.0926319244,2.4251577200000005e-06,4.351186830000001e-07,0.000857324854,0.0357664607,2.4251577200000005e-06,4.351186830000001e-07,0.00128616853,0.0808052906,2.4251577200000005e-06,4.351186830000001e-07,2.4458930015563967
113,1679032800,2.0074830700000003e-05,2.0074835300000004e-05,-0.007288249889999998,0.4059289447,0.021667359350000002,0.0035425140599999994,0.007294619240000001,0.00566090148,2.9213045099999995e-06,2.7616700649999998e-05,6.494755190000001,38.8,1.06280489e-06,1.507518e-06,1.1368788159999999e-06,1.0665691789999998e-06,6.235021660000001e-07,4.870140690000001e-07,3.9339368400000003e-07,3.4677799599999997e-07,7.43263282e-07,1.73293235e-07,2.4963795e-06,84.5047885,46.264715200000005,3.54437918e-10,9.1917315,0.0015021859900000002,0.119644463,2.7377450500000002e-06,4.58685575e-07,0.0014312335600000002,0.104788134,2.7377450500000002e-06,4.58685575e-07,0.0008401036019999999,0.0350569805,2.7377450500000002e-06,4.58685575e-07,0.00125955883,0.07721805500000001,2.7377450500000002e-06,4.58685575e-07,2.445772337913513
113,1679033400,2.0012135699999998e-05,2.00121408e-05,0.011985135019999999,0.38101296068,0.0210916964,0.0035376014099999997,0.00728291116,0.0056498383299999995,2.78416948e-06,2.6651431499999996e-05,6.47727258,39.8,1.060688786e-06,1.52673749e-06,1.13914034e-06,9.61683147e-07,6.844823909999999e-07,4.85439216e-07,3.9029465e-07,3.4633453300000004e-07,7.2432744e-07,1.6998146600000001e-07,2.51694883e-06,84.5968986,46.34563010000001,3.52223023e-10,9.1928939,0.00149112566,0.11752111810000002,2.44501752e-06,4.32179604e-07,0.0014317720799999999,0.10367438529999999,2.44501752e-06,4.32179604e-07,0.000827092339,0.0339314448,2.44501752e-06,4.32179604e-07,0.00127698977,0.07907747700000001,2.44501752e-06,4.32179604e-07,2.4458853006362915
113,1679034000,2.15248585e-05,2.15248626e-05,-0.003846340650000002,2.4090768343000004,0.024882541299999998,0.00357144814,0.00733868115,0.00567003991,5.356938049999999e-06,4.27059225e-05,6.639860220000001,34.2,1.0819185e-06,1.59111571e-06,1.1600071329999998e-06,1.308240893e-06,8.670570359999999e-07,5.3425233e-07,4.41480883e-07,3.55684817e-07,7.40795107e-07,1.70052576e-07,2.5117440999999995e-06,83.85757229999999,45.5008854,3.9381831e-10,9.181280999999998,0.0015120500300000003,0.14948139240000002,2.53968904e-06,4.37980049e-07,0.0014328571599999998,0.10687406049999999,2.53968904e-06,4.37980049e-07,0.0008409814999999999,0.0346325667,2.53968904e-06,4.37980049e-07,0.00128223262,0.08081249910000002,2.53968904e-06,4.37980049e-07,2.4457614421844482
113,1679034600,1.89981171e-05,1.89981199e-05,-0.004039121130000001,0.03341015135,0.0177406793,0.00347306955,0.0071514508099999995,0.005562730310000001,1.3991123699999998e-06,1.3035642850000001e-05,5.6783217100000005,18.7,1.1184364700000001e-06,1.49760249e-06,9.961195660000001e-07,7.349789030000001e-07,5.842116770000002e-07,4.6117160599999994e-07,3.77875305e-07,3.33834896e-07,7.22014273e-07,1.7428097700000002e-07,2.4984890700000007e-06,85.55020689999999,47.54829130000001,3.26658156e-10,9.2045323,0.0014240749200000002,0.0997406313,2.36180094e-06,4.2600873699999996e-07,0.00138302738,0.09356236949999999,2.36180094e-06,4.2600873699999996e-07,0.0008385997190000001,0.0346448317,2.36180094e-06,4.2600873699999996e-07,0.00128684547,0.0804023225,2.36180094e-06,4.2600873699999996e-07,2.4458182096481322
113,1679035200,1.87893739e-05,1.87893772e-05,-0.01626121908,0.012419684200000001,0.0180957766,0.00345945536,0.007102382270000001,0.0055414422500000005,1.345984e-06,1.26123017e-05,5.487762219999999,15.9,1.1147365e-06,1.51965469e-06,9.58683981e-07,6.98221519e-07,5.43963654e-07,4.3488830800000005e-07,3.8013619600000003e-07,3.2491781700000005e-07,7.20690859e-07,1.71666651e-07,2.52709959e-06,85.631474,47.8251853,3.2213254599999996e-10,9.206300050000001,0.0013932491699999998,0.09466543000000002,2.73004853e-06,4.82216257e-07,0.0013639835200000001,0.0903697027,2.73004853e-06,4.82216257e-07,0.0008498070720000001,0.036053476900000006,2.73004853e-06,4.82216257e-07,0.00129017305,0.080391191,2.73004853e-06,4.82216257e-07,2.4457679271697996
113,1679035800,1.95939264e-05,1.9593933099999997e-05,-0.014379012130000002,0.0976001663,0.0196656474,0.0035225050699999997,0.007246906959999999,0.00564797919,1.91463782e-06,1.7590027299999998e-05,6.083916050000001,25.5,1.0938346500000001e-06,1.56802007e-06,1.049211564e-06,8.856154019999999e-07,6.006274539999999e-07,4.6471986500000003e-07,3.90068517e-07,3.2408448200000003e-07,7.372071610000002e-07,1.7240537200000001e-07,2.51114854e-06,84.93267560000001,46.6874092,3.4169756100000005e-10,9.198804,0.0014597097999999998,0.10730663199999999,2.5420583299999996e-06,4.5386096399999997e-07,0.00142257766,0.099454904,2.5420583299999996e-06,4.5386096399999997e-07,0.000849984971,0.0355656972,2.5420583299999996e-06,4.5386096399999997e-07,0.0012875026599999998,0.0809592959,2.5420583299999996e-06,4.5386096399999997e-07,2.445814871788025
113,1679036400,1.94826648e-05,1.9482668500000003e-05,0.008268247227,0.19205005596,0.0196805406,0.00350604234,0.00722134995,0.00562966562,2.1447514e-06,1.9932283e-05,5.8304195299999995,28.4,1.05356675e-06,1.5435196e-06,1.0369508e-06,8.90959589e-07,5.84589031e-07,4.88224606e-07,3.8954734900000006e-07,3.3550007399999996e-07,7.32547321e-07,1.71351649e-07,2.5145081500000004e-06,85.1092932,47.064781200000006,3.38975188e-10,9.1989773,0.0014574453699999997,0.1086978586,2.36967959e-06,4.3242789999999997e-07,0.00140630204,0.0980658463,2.36967959e-06,4.3242789999999997e-07,0.0008333817949999999,0.0343527994,2.36967959e-06,4.3242789999999997e-07,0.00126959104,0.07822666199999999,2.36967959e-06,4.3242789999999997e-07,2.4457701206207276
113,1679037000,1.9176787699999998e-05,1.91767906e-05,-0.006507099819999999,0.32011373752999994,0.0200253288,0.0034751219299999996,0.00714964097,0.0055652058199999995,2.11903411e-06,1.9488431549999997e-05,5.59615377,26.0,1.08216456e-06,1.4887169699999998e-06,1.007908865e-06,8.762347750000001e-07,5.85874611e-07,4.5448176500000003e-07,3.8619862100000003e-07,3.14600966e-07,7.165563619999999e-07,1.7007383499999998e-07,2.50552828e-06,85.42991880000001,47.3365655,3.31798063e-10,9.2024489,0.00144540811,0.105659897,2.4398515099999998e-06,4.3374680299999997e-07,0.00137201823,0.09436587369999999,2.4398515099999998e-06,4.3374680299999997e-07,0.000827315782,0.0341063146,2.4398515099999998e-06,4.3374680299999997e-07,0.00128738936,0.080167054,2.4398515099999998e-06,4.3374680299999997e-07,2.445821166038513
113,1679037600,1.9969679100000004e-05,1.9969683600000003e-05,-0.0007218527059999997,0.7097232822699999,0.0224127005,0.00352336179,0.00725733858,0.00563474582,2.94064991e-06,2.7626466399999997e-05,6.176573360000001,30.9,1.1049709800000002e-06,1.5168638900000001e-06,1.0835624049999998e-06,9.55190884e-07,6.950860739999999e-07,4.92849046e-07,4.11711761e-07,3.34024022e-07,7.2021618e-07,1.6736679099999998e-07,2.5029033700000004e-06,84.7083562,46.392647999999994,3.52265242e-10,9.1943006,0.0014736871500000003,0.11648957540000002,2.5010504799999996e-06,4.5203429299999996e-07,0.00140690907,0.1017778341,2.5010504799999996e-06,4.5203429299999996e-07,0.0008463048529999999,0.0352598472,2.5010504799999996e-06,4.5203429299999996e-07,0.00128278504,0.0802100254,2.5010504799999996e-06,4.5203429299999996e-07,2.445807862281799
113,1679038200,1.87617157e-05,1.8761723e-05,-0.01035926659,-0.010980700599999999,0.0181729893,0.0034583531199999995,0.00710602244,0.005546362459999999,1.2654911e-06,1.149739585e-05,5.10314685,13.4,1.10105269e-06,1.51594484e-06,9.490413889999998e-07,7.08188204e-07,5.502764340000001e-07,4.4619094300000003e-07,3.8733205700000006e-07,3.2129652800000006e-07,7.20305526e-07,1.71327827e-07,2.50985388e-06,85.7115156,47.8688595,3.2089563800000003e-10,9.2080205,0.0014167883900000002,0.096955632,2.75153874e-06,4.6200424299999997e-07,0.00137579576,0.09126856460000002,2.75153874e-06,4.6200424299999997e-07,0.0008197855700000001,0.033968732200000004,2.75153874e-06,4.6200424299999997e-07,0.0012736782799999998,0.0795635074,2.75153874e-06,4.6200424299999997e-07,2.445847821235657
113,1679038800,1.9551834799999997e-05,1.95518383e-05,-0.01747508919,0.1562188911,0.0190670134,0.0035134874500000004,0.00721962426,0.00562576107,1.94453086e-06,1.64481785e-05,6.0227273199999996,22.5,1.0697572700000001e-06,1.5533394e-06,1.07325297e-06,8.796009309999999e-07,5.947645720000001e-07,4.6013583099999995e-07,3.9078557799999997e-07,3.3031091300000003e-07,7.439024590000001e-07,1.7212679399999998e-07,2.5079072e-06,84.9897916,46.9297988,3.40853996e-10,9.1984683,0.0014571133700000002,0.1080509816,2.9159221999999995e-06,4.7455308900000006e-07,0.00142221887,0.0995810574,2.9159221999999995e-06,4.7455308900000006e-07,0.0008587978629999999,0.036273341800000004,2.9159221999999995e-06,4.7455308900000006e-07,0.0012707618000000003,0.07797761310000001,2.9159221999999995e-06,4.7455308900000006e-07,2.4458325624465944
113,1679039400,1.94688772e-05,1.94688808e-05,-0.007251589672999999,0.0393395352,0.018658448900000003,0.00351410187,0.007254208389999998,0.00563959718,1.5508598899999998e-06,1.3345598900000002e-05,5.73076921,18.0,1.0981254e-06,1.5709755300000003e-06,1.0217675730000001e-06,7.661004290000001e-07,6.371112919999999e-07,4.90575124e-07,3.9547462e-07,3.32605043e-07,7.225533489999999e-07,1.7254679799999997e-07,2.5265378200000003e-06,85.09386300000001,46.9888854,3.3771449e-10,9.200967,0.0014605419299999998,0.1061935813,2.83907066e-06,4.60635927e-07,0.00140906428,0.0963862854,2.83907066e-06,4.60635927e-07,0.0008507518010000001,0.035656185699999995,2.83907066e-06,4.60635927e-07,0.0012901090900000003,0.0807137239,2.83907066e-06,4.60635927e-07,2.4458237409591677
113,1679040000,1.8797366700000002e-05,1.8797369e-05,-0.01363267538,0.01344279217,0.0180724822,0.00345857471,0.00710780808,0.00553751463,1.33648615e-06,1.2030735399999999e-05,5.32692312,15.6,1.108546493e-06,1.51363513e-06,9.777834700000002e-07,7.014075389999999e-07,5.22355883e-07,4.41035063e-07,3.90414028e-07,3.3286589099999996e-07,7.214186770000001e-07,1.71149358e-07,2.5180402499999995e-06,85.6383427,47.793653,3.2202548499999997e-10,9.206228499999998,0.0014049955999999998,0.096156253,2.66586185e-06,4.78508178e-07,0.0013735365,0.0912793995,2.66586185e-06,4.78508178e-07,0.000853939242,0.0360557321,2.66586185e-06,4.78508178e-07,0.00127556711,0.0789410323,2.66586185e-06,4.78508178e-07,2.445841073989868
113,1679040600,1.91254967e-05,1.9125500399999998e-05,0.004560459050000001,0.19796556362,0.0192396319,0.0034750103,0.00716042239,0.00557559435,1.7137889199999996e-06,1.5472600799999998e-05,5.50524471,22.1,1.03838814e-06,1.52873405e-06,9.903345349999999e-07,8.391947980000001e-07,5.85397415e-07,4.4851562799999997e-07,3.8578386300000004e-07,3.25942855e-07,7.326734620000001e-07,1.7050458700000001e-07,2.51725344e-06,85.343383,47.552329300000004,3.29451498e-10,9.20375845,0.0014307481500000002,0.10384282149999999,2.49050879e-06,4.5165606e-07,0.0013955257,0.09482516510000001,2.49050879e-06,4.5165606e-07,0.000813742806,0.0331614847,2.49050879e-06,4.5165606e-07,0.0012833880200000002,0.0789006145,2.49050879e-06,4.5165606e-07,2.4458171129226685
113,1679041200,1.89820352e-05,1.89820382e-05,-0.0012019686299999995,0.03305891673,0.018576752499999998,0.0034729416200000003,0.007151496560000001,0.00556311497,1.4598265e-06,1.2659910349999998e-05,5.47727265,17.1,1.0974722800000001e-06,1.55392399e-06,9.82460207e-07,7.52691533e-07,5.495078099999999e-07,4.47369396e-07,3.66943606e-07,3.4030133899999993e-07,7.22312259e-07,1.74155159e-07,2.5038390100000003e-06,85.55162890000001,47.502523000000004,3.2726306300000003e-10,9.204118349999998,0.0014152220000000003,0.09817634439999999,2.7364835700000003e-06,4.5821618499999996e-07,0.0013882304600000002,0.09378304400000001,2.7364835700000003e-06,4.5821618499999996e-07,0.0008430581310000001,0.035058181699999996,2.7364835700000003e-06,4.5821618499999996e-07,0.0012882334599999999,0.08117373819999998,2.7364835700000003e-06,4.5821618499999996e-07,2.4458064079284667
113,1679041800,2.0440954700000002e-05,2.0440960799999996e-05,-0.009390438336000001,0.9433466597000001,0.0246488194,0.00355416648,0.007327150659999999,0.00567269853,3.88349273e-06,3.7230972500000005e-05,6.78671324,42.4,1.1215148900000002e-06,1.53595844e-06,1.249030185e-06,1.012414401e-06,6.853130419999999e-07,4.8079302e-07,3.82309377e-07,3.33113201e-07,7.16145722e-07,1.7404027800000002e-07,2.52980633e-06,84.36400459999999,45.822837199999995,3.6324746999999996e-10,9.19002575,0.0014762132100000001,0.11918259309999998,2.58105479e-06,4.568934e-07,0.00144880204,0.11073942200000002,2.58105479e-06,4.568934e-07,0.000847710174,0.0355387954,2.58105479e-06,4.568934e-07,0.0012847763299999998,0.0811294065,2.58105479e-06,4.568934e-07,2.4458116769790648
113,1679042400,1.88498164e-05,1.8849821e-05,-0.004422663210000001,-0.013457528600000001,0.0176735461,0.00346716117,0.0071409692299999996,0.0055564458099999995,1.3121977799999997e-06,1.1846170049999999e-05,5.370629320000001,16.0,1.0790132500000002e-06,1.5711173199999998e-06,9.92058011e-07,7.28699498e-07,5.425498270000001e-07,4.44187198e-07,3.65978861e-07,3.2103747900000003e-07,7.078967470000001e-07,1.6953886000000002e-07,2.50279227e-06,85.65847740000001,47.487652,3.2470769100000005e-10,9.2046903,0.0014013078199999998,0.0959874624,2.7717201699999998e-06,4.56448504e-07,0.00139082148,0.09374133729999999,2.7717201699999998e-06,4.56448504e-07,0.000849308426,0.035712013400000006,2.7717201699999998e-06,4.56448504e-07,0.0012982373299999998,0.08232703849999999,2.7717201699999998e-06,4.56448504e-07,2.4458430767059327
113,1679043000,1.91125931e-05,1.91125977e-05,0.006574855040000001,0.18530950620000003,0.0192354995,0.0034749061399999997,0.0071517612599999985,0.00557360872,1.9412614699999997e-06,1.8867750600000002e-05,5.52272734,20.4,1.06593532e-06,1.5222806799999998e-06,1.0293238969999998e-06,8.198342539999999e-07,5.81967767e-07,4.46986013e-07,3.67647228e-07,3.16766515e-07,7.205628959999999e-07,1.67963349e-07,2.51696227e-06,85.5681861,47.543065199999994,3.3026671099999996e-10,9.2035989,0.00142084256,0.100797413,2.3736185000000002e-06,4.4248105299999993e-07,0.00139817169,0.09762161459999999,2.3736185000000002e-06,4.4248105299999993e-07,0.000844231091,0.035046106,2.3736185000000002e-06,4.4248105299999993e-07,0.00128291675,0.07944766580000001,2.3736185000000002e-06,4.4248105299999993e-07,2.445852494239807
113,1679043600,1.90600714e-05,1.9060076900000003e-05,-0.008219611739999999,0.060355832119999994,0.0186628211,0.00347760694,0.0071589442199999995,0.00558576874,1.6373257e-06,1.4806989049999998e-05,5.42482517,20.1,1.09466114e-06,1.5398079700000002e-06,1.0116726899999998e-06,7.835639729999999e-07,5.64929901e-07,4.4510907999999994e-07,3.70172207e-07,3.21793326e-07,7.39703522e-07,1.6763090300000002e-07,2.49095355e-06,85.36006640000001,47.22206819999999,3.29839926e-10,9.2018939,0.0014192183999999998,0.0997979177,3.1397655e-06,4.9625309e-07,0.0014003533699999998,0.096111771,3.1397655e-06,4.9625309e-07,0.0008238739729999999,0.03452396579999999,3.1397655e-06,4.9625309e-07,0.0012817534499999998,0.08005396709999998,3.1397655e-06,4.9625309e-07,2.4458363533020018
113,1679044200,2.1079760400000005e-05,2.10797645e-05,-0.016035773679999997,0.7224700683699999,0.022567883900000002,0.0035953057599999996,0.007397756480000001,0.0057313741000000005,3.7872582099999995e-06,3.308328730000001e-05,7.302447410000001,38.9,1.1356305000000003e-06,1.56510156e-06,1.183714037e-06,1.0851146219999999e-06,7.89159385e-07,5.26167256e-07,4.4301266900000004e-07,3.48183946e-07,7.487611140000001e-07,1.7180366e-07,2.5431761999999997e-06,84.0747725,45.6864449,3.7873345800000006e-10,9.18706375,0.00152970602,0.132603326,2.62049185e-06,4.724461070000001e-07,0.0014377094700000002,0.10736331289999998,2.62049185e-06,4.724461070000001e-07,0.0008588676539999999,0.037075151099999995,2.62049185e-06,4.724461070000001e-07,0.0013004575100000002,0.0822263335,2.62049185e-06,4.724461070000001e-07,2.4458213567733766
113,1679044800,1.94712292e-05,1.9471232899999996e-05,-0.00205879243,0.31029659586399994,0.0194253228,0.00349814036,0.00721324383,0.00559990591,2.2310128799999996e-06,1.8384171099999998e-05,5.75874127,24.7,1.12654696e-06,1.5002803299999999e-06,1.004676895e-06,8.86632904e-07,6.00767558e-07,4.7474251599999994e-07,3.88305008e-07,3.24030432e-07,7.19092528e-07,1.72881052e-07,2.53763884e-06,85.25934800000002,47.2069577,3.382281029999999e-10,9.20118175,0.0014516798900000001,0.10970316500000002,2.91028953e-06,4.85792589e-07,0.0013817450100000002,0.094331528,2.91028953e-06,4.85792589e-07,0.000856949703,0.0363964673,2.91028953e-06,4.85792589e-07,0.00127093379,0.0787718124,2.91028953e-06,4.85792589e-07,2.4457683324813844
113,1679045400,2.03358777e-05,2.0335881e-05,-0.0009224420999999997,0.43145147466999995,0.021524954500000006,0.00356318656,0.00733407086,0.00570178764,2.7194821999999998e-06,2.32760781e-05,6.49475513,32.7,1.1328898e-06,1.55216687e-06,1.2185565369999999e-06,9.462295109999998e-07,6.558494319999999e-07,4.6620241299999994e-07,4.06157754e-07,3.3980812499999995e-07,7.55678715e-07,1.69520053e-07,2.5248339699999997e-06,84.401797,45.934159,3.60691832e-10,9.190476700000001,0.00148312904,0.11454313399999998,2.67560313e-06,4.50596678e-07,0.0014420780799999997,0.1068884286,2.67560313e-06,4.50596678e-07,0.0008518889550000001,0.035656185800000004,2.67560313e-06,4.50596678e-07,0.0013070863500000002,0.08259320789999999,2.67560313e-06,4.50596678e-07,2.4457045078277586
113,1679046000,1.91761485e-05,1.91761534e-05,-0.018310988300000004,0.09590531264999999,0.0183249107,0.0034828365900000007,0.00717183569,0.00557621818,1.6916652900000003e-06,1.5635644550000004e-05,5.70804186,23.5,1.1120657900000001e-06,1.54494459e-06,1.016037554e-06,7.858894739999999e-07,5.66461337e-07,4.396044640000001e-07,3.8192778700000005e-07,3.34092087e-07,7.23529299e-07,1.70880478e-07,2.51261197e-06,85.4242452,47.2231415,3.32509686e-10,9.2017623,0.00142878068,0.101550838,2.5720055800000004e-06,4.672967670000001e-07,0.00139978738,0.09636565,2.5720055800000004e-06,4.672967670000001e-07,0.0008391527509999999,0.0350186284,2.5720055800000004e-06,4.672967670000001e-07,0.0012819877,0.08008599869999998,2.5720055800000004e-06,4.672967670000001e-07,2.4457811594009398
113,1679046600,2.11709684e-05,2.1170971399999998e-05,0.0025137298499999993,0.9191081273999998,0.0241208019,0.0036209300400000003,0.007458233609999999,0.005774086659999999,3.77844955e-06,3.668347150000001e-05,7.32517487,38.2,1.1016843e-06,1.73214804e-06,1.214962639e-06,1.079211527e-06,7.60063211e-07,5.224684160000001e-07,4.13186206e-07,3.3946699399999996e-07,7.253025640000002e-07,1.68744245e-07,2.52820732e-06,83.7440225,44.805554099999995,3.8267491100000003e-10,9.1815086,0.00153201957,0.13082227289999998,2.95265927e-06,4.88302995e-07,0.0014767845,0.11126640000000002,2.95265927e-06,4.88302995e-07,0.000842285108,0.035342596500000004,2.95265927e-06,4.88302995e-07,0.00132883843,0.0872166751,2.95265927e-06,4.88302995e-07,2.445815896987915
113,1679047200,2.61540842e-05,2.6154093199999995e-05,-0.018139807600000002,1.1879199032000003,0.028526358999999994,0.00397081679,0.0081717412,0.0063012430699999995,6.0835132e-06,5.29603977e-05,12.075174800000001,64.6,1.219652934e-06,2.4737313499999997e-06,1.968430007e-06,1.6094152759999997e-06,8.63371228e-07,6.61001246e-07,4.27650722e-07,3.63772165e-07,7.614433159999998e-07,1.7179693e-07,2.55676869e-06,80.210926,39.4347367,5.12355395e-10,9.13826765,0.00170407127,0.1627630799,3.17895098e-06,5.12486717e-07,0.00177515324,0.17260310250000002,3.17895098e-06,5.12486717e-07,0.0008747119580000001,0.0378881571,3.17895098e-06,5.12486717e-07,0.00153300166,0.11991942660000002,3.17895098e-06,5.12486717e-07,2.4458341360092164
113,1679047800,2.61652905e-05,2.6165296199999997e-05,0.001477633900000001,0.6646990151300001,0.025698981599999997,0.00398489348,0.0082318317,0.00631638488,5.30332076e-06,4.04590967e-05,12.5227272,56.2,1.20549722e-06,2.94689419e-06,2.1303787300000005e-06,1.109674521e-06,7.21909731e-07,6.8242422e-07,4.59830517e-07,3.73850457e-07,7.49193445e-07,1.70904412e-07,2.5320510199999996e-06,80.45043849999999,39.29891339999999,5.19788424e-10,9.137475249999998,0.00165433763,0.14110622960000002,2.68501748e-06,4.7372850200000007e-07,0.00180764832,0.1849804685,2.68501748e-06,4.7372850200000007e-07,0.0008677607010000001,0.037301692,2.68501748e-06,4.7372850200000007e-07,0.00159883389,0.13669042999999997,2.68501748e-06,4.7372850200000007e-07,2.445773196220398
113,1679048400,2.1706318499999993e-05,2.17063232e-05,-0.0018622841599999994,0.6328625187000001,0.0250814913,0.0036623061900000003,0.007553619239999999,0.00582348821,3.7969417699999997e-06,3.3369303299999995e-05,7.97377618,52.4,1.09319196e-06,1.5719204400000002e-06,1.17958684e-06,1.335494488e-06,8.15700037e-07,5.38059029e-07,4.613879239999999e-07,3.5116224099999995e-07,7.72121952e-07,1.70579563e-07,2.5639147600000003e-06,83.1838324,44.732273799999994,3.91291298e-10,9.17975835,0.0016089832599999999,0.144445701,2.33923805e-06,4.3038607700000004e-07,0.00147814408,0.1110655314,2.33923805e-06,4.3038607700000004e-07,0.0008478454580000001,0.035499750600000005,2.33923805e-06,4.3038607700000004e-07,0.0012930654999999999,0.08154451589999999,2.33923805e-06,4.3038607700000004e-07,2.445840072631836
113,1679049000,2.5216969599999997e-05,2.52169774e-05,0.017563715266600003,1.7989865278,0.03352141270000001,0.0038609971800000003,0.00793123194,0.0060979319799999996,7.411146199999999e-06,5.959074565e-05,10.73426588,76.8,1.06602357e-06,1.5993084e-06,1.4273354300000003e-06,2.3417609429999996e-06,1.1281252500000002e-06,6.63330929e-07,4.853182240000001e-07,3.862965e-07,7.889449039999999e-07,1.7478377899999998e-07,2.5472300999999994e-06,80.9631004,41.740226199999995,4.85447367e-10,9.1492784,0.00181635055,0.20415479649999999,2.60607825e-06,4.5742359599999994e-07,0.00159936497,0.1441221608,2.60607825e-06,4.5742359599999994e-07,0.000850889488,0.0358779144,2.60607825e-06,4.5742359599999994e-07,0.0012873411899999997,0.0810365102,2.60607825e-06,4.5742359599999994e-07,2.445880722999573
113,1679049600,2.30829899e-05,2.3082995500000003e-05,0.015221182568,1.0266604897100002,0.0278765367,0.00374264573,0.007753947039999999,0.00596989124,5.128734840000001e-06,4.547373560000001e-05,8.98601387,51.6,1.08885911e-06,1.58736855e-06,1.32303868e-06,1.52102222e-06,8.55976962e-07,6.656252400000001e-07,5.684939319999999e-07,4.01420267e-07,8.1446799e-07,1.71711089e-07,2.54346959e-06,82.221792,43.607924600000004,4.26246773e-10,9.1671789,0.00165379565,0.1577583794,2.84904692e-06,4.525438000000001e-07,0.00153976952,0.12675100310000004,2.84904692e-06,4.525438000000001e-07,0.0008559963640000001,0.0360276126,2.84904692e-06,4.525438000000001e-07,0.00129159231,0.0805966916,2.84904692e-06,4.525438000000001e-07,2.4458236932754516
113,1679050200,1.9509811700000002e-05,1.9509815e-05,0.0013020881,0.0488515528,0.018394608599999997,0.0035182532399999993,0.0072601635400000005,0.00564745145,1.6762196200000002e-06,1.5232065199999997e-05,5.97552441,25.2,1.0505636159999999e-06,1.57731866e-06,1.044656564e-06,8.498261090000002e-07,5.968804610000001e-07,4.69749771e-07,3.9326264500000003e-07,3.36357961e-07,7.31572589e-07,1.7025741200000003e-07,2.53442603e-06,85.11989650000001,47.074849500000006,3.38704484e-10,9.19985155,0.0014605445,0.1054709837,2.6091223999999997e-06,4.457411089999999e-07,0.0014244122100000001,0.100563044,2.6091223999999997e-06,4.457411089999999e-07,0.0008311396789999999,0.0339006963,2.6091223999999997e-06,4.457411089999999e-07,0.0012781067600000002,0.07953773239999999,2.6091223999999997e-06,4.457411089999999e-07,2.445819139480591
113,1679050800,2.01916742e-05,2.0191678e-05,-0.0029529253500000007,0.258093372014,0.0197629675,0.0035599146900000002,0.00732700075,0.0056811488999999995,2.32749688e-06,2.1334340200000003e-05,6.47552449,27.0,1.06658343e-06,1.50148375e-06,1.1661653769999998e-06,9.32275115e-07,6.64344989e-07,5.17076689e-07,4.23113948e-07,3.47508267e-07,7.459141570000001e-07,1.7364179e-07,2.55767659e-06,84.4395089,46.4919833,3.5353906000000005e-10,9.1937502,0.0015030397400000001,0.11605366989999999,2.53578492e-06,4.40306091e-07,0.00144492628,0.1052742359,2.53578492e-06,4.40306091e-07,0.000805781727,0.0325221595,2.53578492e-06,4.40306091e-07,0.0012807165800000002,0.07955062360000001,2.53578492e-06,4.40306091e-07,2.4458598613739015
113,1679051400,2.03794642e-05,2.03794673e-05,0.0082336287,0.1823880393,0.020471494099999998,0.00358009517,0.007395840199999999,0.00574141637,2.23570583e-06,2.014436775e-05,6.825174850000001,29.1,1.08696843e-06,1.5505841399999999e-06,1.07546116e-06,1.035354034e-06,7.11165065e-07,5.15676562e-07,4.1207526500000005e-07,3.45493137e-07,7.51940435e-07,1.7147328299999998e-07,2.53351639e-06,84.3480335,46.1049773,3.60113096e-10,9.190839200000001,0.00152396194,0.1204467124,2.8590876799999996e-06,4.5532109800000004e-07,0.0014409525499999999,0.10226823459999998,2.8590876799999996e-06,4.5532109800000004e-07,0.000852365478,0.03584073880000001,2.8590876799999996e-06,4.5532109800000004e-07,0.0012891262300000002,0.08066354880000001,2.8590876799999996e-06,4.5532109800000004e-07,2.4458084106445312
113,1679052000,2.12305444e-05,2.12305456e-05,-0.0023684879999999998,0.20912846694700002,0.0210532519,0.00364481237,0.007515328680000001,0.00582963389,2.65682089e-06,2.2136506399999997e-05,7.622377560000001,32.6,1.108790804e-06,1.55908475e-06,1.1242600399999999e-06,9.42393927e-07,7.679234290000001e-07,6.66151021e-07,6.039364560000001e-07,3.75525362e-07,7.647129269999999e-07,1.7225760900000002e-07,2.5301798300000002e-06,83.603263,45.433293500000005,3.80470861e-10,9.1822117,0.00158468702,0.13359565599999998,2.50214186e-06,4.6057794199999996e-07,0.0014394581300000001,0.1021522279,2.50214186e-06,4.6057794199999996e-07,0.0008600323519999999,0.03655947,2.50214186e-06,4.6057794199999996e-07,0.001287637,0.0807179001,2.50214186e-06,4.6057794199999996e-07,2.445811462402344
113,1679052600,2.19279998e-05,2.19280015e-05,-0.0022286765,0.458424566821,0.0234883645,0.0036821216399999996,0.00757603579,0.00586745674,3.48772796e-06,2.8350074049999996e-05,8.136363540000001,44.0,1.09059558e-06,1.5606841700000001e-06,1.2387448e-06,1.363993633e-06,7.801168890000001e-07,5.82874318e-07,4.56232541e-07,3.8337885499999996e-07,7.86326178e-07,1.7443884900000003e-07,2.5465838899999997e-06,83.1423481,44.7772821,3.96860742e-10,9.1777506,0.0016168475000000002,0.1442542216,2.3391385e-06,4.32935097e-07,0.00149628585,0.11561326479999998,2.3391385e-06,4.32935097e-07,0.000828512204,0.0342342734,2.3391385e-06,4.32935097e-07,0.00129077686,0.0815812267,2.3391385e-06,4.32935097e-07,2.445826601982117
113,1679053200,2.11711067e-05,2.1171111599999998e-05,0.003940343886,0.612632133042,0.0235834781,0.0036228513000000004,0.007442204500000001,0.0057751103,3.39820653e-06,3.0864782900000005e-05,7.54195807,42.8,1.0708443899999999e-06,1.54852095e-06,1.174556847e-06,1.1804884499999998e-06,7.23046737e-07,5.36447982e-07,4.848492969999999e-07,3.71403218e-07,7.844066910000001e-07,1.70577815e-07,2.54037544e-06,83.4809426,45.277830300000005,3.77645682e-10,9.18511885,0.0015679656399999998,0.13435412,2.2826281500000002e-06,4.15982219e-07,0.00146226577,0.10796180709999999,2.2826281500000002e-06,4.15982219e-07,0.000832778526,0.033839243399999996,2.2826281500000002e-06,4.15982219e-07,0.00127061798,0.0787262774,2.2826281500000002e-06,4.15982219e-07,2.4458423376083376
113,1679053800,1.9996009700000002e-05,1.99960179e-05,-0.012742786160000002,0.04564654464,0.0187321997,0.00355343867,0.00731464005,0.005707193439999999,1.68432399e-06,1.492395575e-05,6.522727290000001,19.8,1.0967328800000003e-06,1.5614338699999998e-06,1.0736623969999998e-06,8.621881259999998e-07,6.622222370000001e-07,5.03205948e-07,4.23305323e-07,3.58029174e-07,7.670008619999999e-07,1.7067452000000002e-07,2.51953857e-06,84.60514359999999,46.6249462,3.49485274e-10,9.1979317,0.00150140861,0.11298155700000001,2.6686384e-06,4.6607120099999995e-07,0.00142051833,0.10042200700000001,2.6686384e-06,4.6607120099999995e-07,0.000846642857,0.0355498506,2.6686384e-06,4.6607120099999995e-07,0.0012870134999999998,0.0809069998,2.6686384e-06,4.6607120099999995e-07,2.4457818031311036
113,1679054400,2.08885928e-05,2.08885961e-05,-0.00865536279,0.9501731301999999,0.0222410568,0.0035788682600000005,0.0073604322,0.00572840235,4.0247693799999995e-06,3.670157025e-05,6.84615379,41.0,1.006717479e-06,1.5143889200000003e-06,1.21761928e-06,1.3784230199999999e-06,6.31496292e-07,4.86849748e-07,4.3277467100000014e-07,3.46670312e-07,7.322268150000001e-07,1.69510226e-07,2.52758959e-06,84.10835669999999,45.865159600000005,3.7588783199999997e-10,9.186688649999999,0.00153608353,0.1329469265,2.31860938e-06,4.0851639699999996e-07,0.00147037051,0.114140291,2.31860938e-06,4.0851639699999996e-07,0.000819162586,0.0327279123,2.31860938e-06,4.0851639699999996e-07,0.0012485054100000001,0.07531927959999998,2.31860938e-06,4.0851639699999996e-07,2.445821475982666
113,1679055000,2.0576298499999997e-05,2.0576302e-05,-0.011404005900000002,0.4663066376000001,0.0215800539,0.0035799128300000004,0.0073589256899999995,0.0057347143699999995,2.92839373e-06,2.7642802699999996e-05,6.7867133100000006,40.9,1.0360055629999999e-06,1.51407995e-06,1.18836361e-06,1.063309987e-06,7.259410379999999e-07,5.229409879999999e-07,4.26370461e-07,3.59375832e-07,7.655887989999999e-07,1.70682162e-07,2.51545958e-06,84.085721,46.0310185,3.6546591400000004e-10,9.18870385,0.00153994584,0.12704404419999998,2.96679643e-06,4.5578118400000003e-07,0.0014571914700000001,0.1085613159,2.96679643e-06,4.5578118400000003e-07,0.0008209676960000001,0.0334363641,2.96679643e-06,4.5578118400000003e-07,0.00126756128,0.0767222786,2.96679643e-06,4.5578118400000003e-07,2.4458231210708616
113,1679055600,2.1451846400000002e-05,2.14518482e-05,-0.0004810727150000013,0.855422469024,0.025844494699999998,0.00363668058,0.007488927129999999,0.005793287110000001,4.40472233e-06,4.30740816e-05,7.877622439999999,57.1,1.0579527199999999e-06,1.60048892e-06,1.22884584e-06,1.207576826e-06,7.406112629999999e-07,5.555241089999999e-07,4.4523947300000003e-07,3.7782514899999997e-07,7.90604723e-07,1.69206843e-07,2.55202193e-06,83.3357726,44.972206899999996,3.844449950000001e-10,9.181512849999999,0.0015699441999999998,0.136379945,2.8209980400000003e-06,4.6409306799999993e-07,0.0014764462700000002,0.11326325439999999,2.8209980400000003e-06,4.6409306799999993e-07,0.000834677746,0.0344452998,2.8209980400000003e-06,4.6409306799999993e-07,0.00128474562,0.0805958381,2.8209980400000003e-06,4.6409306799999993e-07,2.445808935165405
113,1679056200,2.10160868e-05,2.10160937e-05,-0.010143029180000002,0.5811706886,0.023099085900000003,0.0036035040399999994,0.007403553830000001,0.0057347872,3.5138511800000007e-06,3.0553068550000004e-05,7.0437064000000005,41.6,1.09902569e-06,1.5185336299999998e-06,1.1577425299999998e-06,9.927658550000002e-07,7.493779809999999e-07,6.3678512e-07,4.7385468599999987e-07,3.99654304e-07,7.772507709999999e-07,1.70828145e-07,2.5321633900000005e-06,83.8595582,45.8329262,3.74384768e-10,9.18824035,0.00153281592,0.1290934225,2.07398411e-06,4.1925703999999997e-07,0.00143625966,0.1060973359,2.07398411e-06,4.1925703999999997e-07,0.000844984847,0.03499826329999999,2.07398411e-06,4.1925703999999997e-07,0.0012758121500000001,0.07879407670000001,2.07398411e-06,4.1925703999999997e-07,2.445832300186157
113,1679056800,1.90835623e-05,1.9083566099999997e-05,0.007007063619999999,0.031272980650000004,0.0186742398,0.0034815521099999997,0.00718939393,0.00559300096,1.4393484e-06,1.3107495050000002e-05,5.57867137,16.9,1.0859759e-06,1.49277182e-06,1.04840378e-06,7.279019229999999e-07,5.65499181e-07,4.7054057e-07,3.9701328099999997e-07,3.39844476e-07,7.20888605e-07,1.7039669e-07,2.52250729e-06,85.48596799999999,47.6040227,3.2794575199999997e-10,9.204520200000001,0.00143288645,0.10062490310000001,2.3865141000000003e-06,4.2627662299999996e-07,0.0013925038099999998,0.09484667220000001,2.3865141000000003e-06,4.2627662299999996e-07,0.00082830565,0.0340407555,2.3865141000000003e-06,4.2627662299999996e-07,0.00128414448,0.0801384259,2.3865141000000003e-06,4.2627662299999996e-07,2.445877504348755
113,1679057400,2.10948113e-05,2.1094814399999998e-05,0.0039891355,0.8251454841000001,0.024924969900000003,0.0036113574800000006,0.00743811013,0.005760393180000001,3.83643314e-06,3.4295246899999993e-05,7.0052446900000005,44.6,1.0974339400000002e-06,1.5681648299999998e-06,1.1524179e-06,1.095770809e-06,7.54770103e-07,5.80326772e-07,4.79180998e-07,3.66687345e-07,7.63666065e-07,1.6964369e-07,2.51932054e-06,83.65174629999999,45.2113519,3.7884524200000007e-10,9.182204199999997,0.00153867974,0.1309582325,2.46610472e-06,4.4623758799999994e-07,0.0014529890300000001,0.1093238164,2.46610472e-06,4.4623758799999994e-07,0.0008367437530000001,0.034772424499999996,2.46610472e-06,4.4623758799999994e-07,0.00129225428,0.08082230630000001,2.46610472e-06,4.4623758799999994e-07,2.4457972764968874
113,1679058000,1.984328611111111e-05,1.9843290666666662e-05,0.012804490888888888,0.18651132366666667,0.020692136,0.0035367975444444443,0.007312078266666667,0.005680615766666667,2.1891779444444447e-06,1.9452264666666668e-05,6.565656499999999,28.88888888888889,1.0954888111111111e-06,1.5315468444444447e-06,1.0028380333333333e-06,9.194797111111111e-07,6.267823077777778e-07,5.134481211111112e-07,4.1637821111111113e-07,3.487410577777778e-07,7.710830033333334e-07,1.751911188888889e-07,2.5206263888888887e-06,84.61978933333333,46.65583344444445,3.4596948555555557e-10,9.196304055555554,0.0014966998999999999,0.11398229488888889,2.309753455555555e-06,4.6401805666666664e-07,0.0014001780444444444,0.09662087933333333,2.309753455555555e-06,4.6401805666666664e-07,0.0008537545511111111,0.03623252422222222,2.309753455555555e-06,4.6401805666666664e-07,0.0012678195111111112,0.0787609668888889,2.309753455555555e-06,4.6401805666666664e-07,2.4458124107784696
113,1679058600,1.9782573090909094e-05,1.9782577636363635e-05,-0.017699287327272727,0.2340101410454545,0.020180794,0.0035293127909090906,0.0072703942363636365,0.005660919800000001,2.2615617818181816e-06,1.9881106999999998e-05,6.234901399999999,28.545454545454547,1.0939350545454544e-06,1.5602886636363638e-06,1.071295070909091e-06,9.030966236363638e-07,6.235719554545455e-07,4.7300398636363635e-07,4.030745763636364e-07,3.464185127272727e-07,7.408031490909091e-07,1.732849963636364e-07,2.502474018181818e-06,84.71561372727272,46.48116345454545,3.465718099999999e-10,9.195579,0.001473175218181818,0.110208264,2.783286854545455e-06,4.7570706454545444e-07,0.001426181,0.10109142636363636,2.783286854545455e-06,4.7570706454545444e-07,0.0008505037918181818,0.03624588418181818,2.783286854545455e-06,4.7570706454545444e-07,0.0012834672272727275,0.0802852380909091,2.783286854545455e-06,4.7570706454545444e-07,2.445864807475697
113,1679059200,2.06993378e-05,2.0699344300000002e-05,-0.005601361420000001,0.16275427424,0.020077854600000004,0.00361246499,0.007459465949999999,0.00577510651,2.42298462e-06,2.0987292e-05,7.1276224,34.7,1.1368253899999998e-06,1.54363825e-06,1.1344145899999999e-06,1.0384009060000002e-06,7.1148815e-07,5.26468106e-07,4.2642376099999996e-07,3.66450291e-07,7.499653640000001e-07,1.74871954e-07,2.54068528e-06,83.85618459999999,45.5281778,3.6740972900000007e-10,9.1872237,0.00154363048,0.1229347556,2.64426925e-06,4.5176600600000005e-07,0.00144993129,0.10579112350000001,2.64426925e-06,4.5176600600000005e-07,0.0008557593590000001,0.0361811465,2.64426925e-06,4.5176600600000005e-07,0.00130786882,0.0824660948,2.64426925e-06,4.5176600600000005e-07,2.4458083152770995
113,1679059800,1.88051953e-05,1.88051998e-05,-0.0019456271899999998,0.056250243150000004,0.0180995968,0.00345530391,0.00713916963,0.00555741339,1.4703352400000003e-06,1.41833735e-05,5.262237840000001,19.1,1.07139361e-06,1.47034589e-06,9.674048720000001e-07,7.136237650000001e-07,5.29616792e-07,4.5868671300000003e-07,4.19266333e-07,3.34010031e-07,7.29113295e-07,1.6957328499999998e-07,2.5395230499999995e-06,85.7828676,48.2341526,3.2085633800000006e-10,9.2071089,0.00139605843,0.09646688210000001,2.74047399e-06,4.67756201e-07,0.00138219304,0.0928433735,2.74047399e-06,4.67756201e-07,0.000820485947,0.0342924949,2.74047399e-06,4.67756201e-07,0.0012591078,0.0764147196,2.74047399e-06,4.67756201e-07,2.4458295106887817
113,1679060400,1.8847768333333335e-05,1.8847772e-05,0.0011867827300000003,-0.016730943555555558,0.01784088611111111,0.003468808533333333,0.0071481304888888885,0.005567548022222222,1.2954949e-06,1.1932672666666668e-05,5.2195027000000005,15.666666666666666,1.0636344000000001e-06,1.5225409222222223e-06,9.806563666666667e-07,7.040185677777778e-07,5.814345033333334e-07,4.5958372666666666e-07,3.8269958888888886e-07,3.3423022e-07,7.273340366666667e-07,1.6995075555555556e-07,2.4977441666666668e-06,85.56430833333333,47.698240444444444,3.2349488111111114e-10,9.204865888888888,0.0014228433222222222,0.09877104944444444,2.4845997333333334e-06,4.4732274888888895e-07,0.0013804701444444442,0.092055134,2.4845997333333334e-06,4.4732274888888895e-07,0.0008300246455555555,0.034116723777777774,2.4845997333333334e-06,4.4732274888888895e-07,0.0012721099111111113,0.07814478655555555,2.4845997333333334e-06,4.4732274888888895e-07,2.445801920360989
113,1679061000,1.8746595300000002e-05,1.8746598800000002e-05,-0.000123565929999999,0.011103703930000004,0.0178277059,0.00345437387,0.00708230267,0.00554070048,1.40337751e-06,1.289767995e-05,5.391608429999999,17.4,1.0641962499999999e-06,1.50396058e-06,9.58501808e-07,7.27541245e-07,5.65287795e-07,4.5435806199999996e-07,3.64028443e-07,3.24013377e-07,7.296425929999999e-07,1.7085096499999998e-07,2.51084155e-06,85.7873784,48.008105199999996,3.2122397999999995e-10,9.206102699999999,0.00141653353,0.09862109299999999,2.4308072799999994e-06,4.37639297e-07,0.00136178959,0.08998400999999999,2.4308072799999994e-06,4.37639297e-07,0.0008438461820000001,0.035297183999999995,2.4308072799999994e-06,4.37639297e-07,0.0012569807,0.0770446376,2.4308072799999994e-06,4.37639297e-07,2.4458309412002563
113,1679061600,1.8574727300000002e-05,1.85747312e-05,-0.00517407946,0.021271765039999998,0.017152895100000003,0.00343436107,0.00709520758,0.005508474300000001,1.23012428e-06,1.1533129049999998e-05,5.1241259,15.9,1.0405884660000001e-06,1.49251046e-06,9.58698272e-07,6.98412895e-07,5.30738132e-07,4.48106435e-07,3.73117364e-07,3.3068337899999997e-07,7.16230213e-07,1.7022410000000002e-07,2.52803212e-06,86.0060394,48.4322887,3.15792451e-10,9.210125449999998,0.00140187558,0.09542428680000001,2.5751661700000002e-06,4.51735369e-07,0.0013620287600000002,0.0896740254,2.5751661700000002e-06,4.51735369e-07,0.000825126864,0.034021778200000005,2.5751661700000002e-06,4.51735369e-07,0.0012569705700000002,0.07686752799999999,2.5751661700000002e-06,4.51735369e-07,2.445829439163208
113,1679062200,1.8746666300000003e-05,1.8746670600000002e-05,-0.00069945886,0.018317576135500002,0.017546481699999998,0.0034549364300000005,0.007098334570000001,0.00552791417,1.34513e-06,1.26252612e-05,5.27622369,15.7,1.12378447e-06,1.47925033e-06,9.571001740000001e-07,7.03782258e-07,5.49548272e-07,4.50553048e-07,3.80821348e-07,3.3637941899999996e-07,7.164527790000001e-07,1.68657272e-07,2.50695013e-06,85.7783809,47.8777143,3.21917041e-10,9.2054451,0.00140456235,0.0966199594,2.5438155500000004e-06,4.69958146e-07,0.0013577807099999998,0.0896855171,2.5438155500000004e-06,4.69958146e-07,0.000851789929,0.0359715906,2.5438155500000004e-06,4.69958146e-07,0.0012749108200000002,0.07942003090000001,2.5438155500000004e-06,4.69958146e-07,2.445788049697876
113,1679062800,1.8766232500000002e-05,1.87662381e-05,0.0008347735000000008,0.02652619545,0.018279009,0.0034539706000000004,0.00709801772,0.00553630369,1.3970402900000002e-06,1.3734931899999999e-05,5.2867133200000005,15.8,1.052170714e-06,1.49071519e-06,9.764554950000001e-07,7.16057064e-07,5.448591889999999e-07,4.72436134e-07,3.9529540399999995e-07,3.31904233e-07,7.253007000000001e-07,1.7087165600000002e-07,2.50700242e-06,85.74192889999999,48.0550243,3.21451936e-10,9.205163100000002,0.0014152713600000001,0.098703488,2.51851223e-06,4.32050222e-07,0.0013699480800000003,0.09140377659999999,2.51851223e-06,4.32050222e-07,0.000838469503,0.0339923595,2.51851223e-06,4.32050222e-07,0.00126050051,0.0769707983,2.51851223e-06,4.32050222e-07,2.445855665206909
113,1679063400,1.8885467300000002e-05,1.88854696e-05,-0.0006019022069999998,0.0148541420733,0.017425110299999998,0.0034654181299999995,0.007134226130000002,0.00557123783,1.2887436900000001e-06,1.15253545e-05,5.48426571,14.2,1.1075941700000002e-06,1.50229283e-06,9.93299541e-07,7.01162134e-07,5.5224829e-07,4.52584523e-07,3.7448776899999997e-07,3.3335341999999997e-07,7.263932269999999e-07,1.69926798e-07,2.52933111e-06,85.666112,47.84329279999999,3.2344335e-10,9.2069689,0.00140960045,0.0968101481,2.5938157599999996e-06,4.5663173899999994e-07,0.00136695675,0.0906751808,2.5938157599999996e-06,4.5663173899999994e-07,0.000830896876,0.0345316224,2.5938157599999996e-06,4.5663173899999994e-07,0.0013017316199999999,0.08226979200000001,2.5938157599999996e-06,4.5663173899999994e-07,2.4457131385803224
113,1679064000,1.8919480600000002e-05,1.89194843e-05,-0.0003824826200000001,0.10064618223000002,0.018746990149999997,0.0034629147399999997,0.007142079450000001,0.00556282148,1.7114499799999997e-06,1.71512267e-05,5.281468589999999,22.0,1.08234932e-06,1.5000380800000001e-06,9.537627470000002e-07,7.92979881e-07,5.69761838e-07,4.4911003700000006e-07,3.7174803600000005e-07,3.2554621500000003e-07,7.28645591e-07,1.7245850600000003e-07,2.51327119e-06,85.66626199999999,47.769020499999996,3.2515391599999997e-10,9.205132,0.0014139276699999999,0.099261495,2.53900846e-06,4.533718499999999e-07,0.00137771079,0.09276019690000001,2.53900846e-06,4.533718499999999e-07,0.00082148017,0.0340422592,2.53900846e-06,4.533718499999999e-07,0.0012837549400000002,0.0802297079,2.53900846e-06,4.533718499999999e-07,2.445839190483093
113,1679064600,1.84800419e-05,1.84800467e-05,0.0020174228260000002,0.0244335841,0.0174426907,0.00342733125,0.00706522143,0.005512300099999999,1.22946816e-06,1.1125045399999999e-05,5.00874123,14.8,1.0811305540000002e-06,1.5233252599999998e-06,9.37608361e-07,6.72711288e-07,5.123612120000001e-07,4.36565185e-07,3.61723126e-07,3.1697620200000006e-07,7.123221850000001e-07,1.71660524e-07,2.51361098e-06,85.9725319,48.217478500000006,3.1472313399999993e-10,9.210193499999999,0.00137048797,0.0913985244,2.2277410399999997e-06,4.3525064200000004e-07,0.0013622978200000001,0.0901738488,2.2277410399999997e-06,4.3525064200000004e-07,0.0008460992070000002,0.0354406278,2.2277410399999997e-06,4.3525064200000004e-07,0.00127324686,0.07879695179999999,2.2277410399999997e-06,4.3525064200000004e-07,2.445762205123901
113,1679065200,1.84781276e-05,1.8478131899999998e-05,-0.0058326103700000005,0.00414148934,0.0173675305,0.0034293831199999998,0.00707249776,0.005500107370000001,1.24113178e-06,1.12792766e-05,4.9405595,13.8,1.06594753e-06,1.52786061e-06,9.4030144e-07,6.678391030000001e-07,5.232356719999999e-07,4.20313657e-07,3.6737481e-07,3.21643091e-07,7.139230570000001e-07,1.7257135899999997e-07,2.5180221899999997e-06,86.0403249,48.3508382,3.14884546e-10,9.2085391,0.00138042655,0.0923422226,2.42076217e-06,4.364627729999999e-07,0.00135919071,0.0893670844,2.42076217e-06,4.364627729999999e-07,0.000837797466,0.034617689,2.42076217e-06,4.364627729999999e-07,0.00127856043,0.07909139709999999,2.42076217e-06,4.364627729999999e-07,2.4459038257598875
113,1679065800,1.86616993e-05,1.8661709200000002e-05,-0.013675797,-0.014517600799999999,0.0174380755,0.00344897887,0.007095489590000001,0.00554179849,1.24739936e-06,1.13150815e-05,5.034965000000001,15.0,1.1382934100000002e-06,1.50136778e-06,9.61597433e-07,6.62569004e-07,5.235712759999999e-07,4.47934004e-07,3.6669949499999994e-07,3.22260161e-07,7.08564518e-07,1.74518743e-07,2.5234367300000003e-06,85.97523349999999,48.07415580000001,3.1940583600000004e-10,9.20768015,0.0013935482500000002,0.094191426,2.88169319e-06,4.90254508e-07,0.0013558685599999998,0.0899221885,2.88169319e-06,4.90254508e-07,0.000860897868,0.0372642958,2.88169319e-06,4.90254508e-07,0.0012818466,0.0793688836,2.88169319e-06,4.90254508e-07,2.4458442449569704
113,1679066400,1.8633646e-05,1.8633648699999996e-05,-0.0055714654,-0.015102006999999997,0.0184780545,0.0034481444599999992,0.00707486693,0.0055324103,1.25020727e-06,1.189191455e-05,5.013985979999999,15.4,1.06968793e-06,1.54216291e-06,9.492890389999999e-07,6.8783223e-07,5.207942969999999e-07,4.4416192800000003e-07,3.7768708e-07,3.1787604099999997e-07,7.05408379e-07,1.7123158600000001e-07,2.53060103e-06,86.0390436,48.1997468,3.18629035e-10,9.2082309,0.00139336937,0.09435948660000001,2.4163798999999998e-06,4.37215486e-07,0.0013723795899999998,0.0908120947,2.4163798999999998e-06,4.37215486e-07,0.0008199689009999999,0.03319530750000001,2.4163798999999998e-06,4.37215486e-07,0.00128408838,0.0804130753,2.4163798999999998e-06,4.37215486e-07,2.445810055732727
113,1679067000,1.8409001200000005e-05,1.8409004500000002e-05,-0.008705848510000001,-0.019703922739999997,0.016812509,0.00342358263,0.00704747947,0.0055045067,1.19664931e-06,1.11281162e-05,4.924825220000001,13.9,1.094970805e-06,1.47520229e-06,9.183148630000001e-07,6.795080919999999e-07,5.264833130000001e-07,4.3871421000000007e-07,3.7162124299999994e-07,3.1889642099999996e-07,7.134006910000001e-07,1.7083633999999997e-07,2.49652444e-06,85.9584506,48.2494334,3.1360988400000003e-10,9.2089688,0.00138495769,0.09235393139999999,2.6339224500000002e-06,4.65040898e-07,0.0013622349099999998,0.09001601779999999,2.6339224500000002e-06,4.65040898e-07,0.0008485378599999999,0.0356311237,2.6339224500000002e-06,4.65040898e-07,0.0012513335399999999,0.0758348891,2.6339224500000002e-06,4.65040898e-07,2.445747804641724
113,1679067600,1.84394243e-05,1.84394261e-05,0.0027676919300000003,-0.0026756002459999997,0.0173233525,0.00342583917,0.007069601269999999,0.00551026229,1.2016873799999998e-06,1.1178043100000001e-05,4.931818259999999,13.3,1.04153247e-06,1.48706305e-06,9.52018221e-07,6.6087715e-07,5.3589617e-07,4.4400736700000005e-07,3.7799699299999997e-07,3.16849775e-07,7.137838410000001e-07,1.70265675e-07,2.5193754499999996e-06,86.13811100000001,48.528923400000004,3.13592399e-10,9.2090774,0.00139845637,0.0947253032,2.2427060599999997e-06,4.17699022e-07,0.00134371298,0.08744393599999999,2.2427060599999997e-06,4.17699022e-07,0.000826310116,0.0335648038,2.2427060599999997e-06,4.17699022e-07,0.00126628359,0.0775560394,2.2427060599999997e-06,4.17699022e-07,2.4455747604370117
113,1679068200,1.85101516e-05,1.8510154999999998e-05,0.0031284482100000003,0.005139826029999998,0.0177198173,0.0034322074,0.0070830148499999995,0.00551190767,1.19569485e-06,1.08018104e-05,4.92657345,13.6,1.0569802e-06,1.49440134e-06,9.44493752e-07,6.9564783e-07,5.2196607e-07,4.28382535e-07,3.7692682100000004e-07,3.25819856e-07,7.226635029999999e-07,1.7026313000000002e-07,2.5174925099999998e-06,86.09167189999998,48.3924004,3.1548937300000003e-10,9.2096241,0.0013871973400000001,0.0933135218,2.36890704e-06,4.20746351e-07,0.0013723163300000001,0.0911074536,2.36890704e-06,4.20746351e-07,0.0008385691310000001,0.0344388425,2.36890704e-06,4.20746351e-07,0.0012548546500000001,0.07676018039999999,2.36890704e-06,4.20746351e-07,2.4456592321395876
113,1679068800,1.8609938700000005e-05,1.8609943000000004e-05,0.0033897850699999995,-0.0006660337600000003,0.0178203942,0.0034420399899999995,0.007103014619999999,0.00552298798,1.30911657e-06,1.20511154e-05,5.096153899999999,14.2,1.11843825e-06,1.49557245e-06,9.2695825e-07,6.95764864e-07,5.219836739999999e-07,4.2588650799999994e-07,3.76725624e-07,3.19892677e-07,7.240657100000001e-07,1.6910912299999998e-07,2.5305369e-06,85.9619852,48.218339,3.17363753e-10,9.2087901,0.00138529753,0.09323111790000001,2.61613245e-06,4.6743274499999995e-07,0.00135379911,0.0893299043,2.61613245e-06,4.6743274499999995e-07,0.0008561296909999998,0.036231632900000005,2.61613245e-06,4.6743274499999995e-07,0.0012697538,0.0779601583,2.61613245e-06,4.6743274499999995e-07,2.445731592178345
113,1679069400,1.852701e-05,1.85270119e-05,-0.0006111654000000002,0.018653927652,0.0179287159,0.0034330201400000005,0.00706614527,0.00550697275,1.2454717099999998e-06,1.110662475e-05,5.21153845,14.2,1.071343014e-06,1.5252234199999999e-06,9.388928870000001e-07,6.79166139e-07,5.27243057e-07,4.43358781e-07,3.72579913e-07,3.13711693e-07,7.11890387e-07,1.6829101900000002e-07,2.51174851e-06,86.06238959999999,48.2467197,3.1571414299999996e-10,9.209530699999998,0.00138742503,0.09325638509999999,2.3765050999999995e-06,4.3065845099999996e-07,0.0013647118,0.09021736350000001,2.3765050999999995e-06,4.3065845099999996e-07,0.0008091571150000001,0.03284424130000001,2.3765050999999995e-06,4.3065845099999996e-07,0.0012917345099999998,0.08096993240000001,2.3765050999999995e-06,4.3065845099999996e-07,2.445692443847656
113,1679070000,1.8414166100000003e-05,1.8414169e-05,0.005342741125,0.0005033173829999997,0.017147805999999998,0.0034248817200000004,0.007076564159999998,0.00550881934,1.2667912000000001e-06,1.14709726e-05,4.9230769,14.3,1.0895047300000003e-06,1.44729728e-06,9.162670610000001e-07,7.02450863e-07,5.315949779999999e-07,4.263908550000001e-07,3.66057116e-07,3.1971835599999997e-07,7.27795929e-07,1.70024737e-07,2.50995434e-06,86.1172027,48.4935571,3.13269374e-10,9.2096737,0.00138438409,0.09268259609999999,2.91916036e-06,4.835823970000001e-07,0.0013455733000000002,0.0879890652,2.91916036e-06,4.835823970000001e-07,0.0008451870820000001,0.035818488100000004,2.91916036e-06,4.835823970000001e-07,0.00125195976,0.07623838649999999,2.91916036e-06,4.835823970000001e-07,2.4457359790802
113,1679070600,1.84704903e-05,1.84704958e-05,-0.0005477098199999995,-0.029708215249999996,0.0173040684,0.00343440319,0.00706820772,0.00551098577,1.1469436000000002e-06,1.081174095e-05,4.81468526,13.7,1.06660432e-06,1.4810006500000001e-06,9.319130560000001e-07,6.909691779999999e-07,5.24063479e-07,4.43136609e-07,3.7392762099999996e-07,3.2287933e-07,7.183869919999999e-07,1.7106217799999998e-07,2.5112887e-06,86.0617964,48.426117899999994,3.13888447e-10,9.210681600000001,0.00139334797,0.0938072576,2.3136995699999995e-06,4.3704651100000006e-07,0.00136335193,0.08990787689999999,2.3136995699999995e-06,4.3704651100000006e-07,0.000840453239,0.035071191200000004,2.3136995699999995e-06,4.3704651100000006e-07,0.0012516107400000003,0.07616556189999998,2.3136995699999995e-06,4.3704651100000006e-07,2.4456673860549927
113,1679071200,1.8454673100000002e-05,1.84546761e-05,0.008794176470000001,-0.005782527310000002,0.017739050200000002,0.0034287475799999996,0.007078677730000001,0.00552008767,1.2835634999999998e-06,1.16919799e-05,5.183566369999999,14.1,1.0553377159999999e-06,1.5220024199999999e-06,9.668765050000002e-07,6.63201686e-07,5.22312417e-07,4.33110153e-07,3.7432525199999997e-07,3.1158430800000005e-07,7.118466e-07,1.71354661e-07,2.4953706099999998e-06,85.99019200000001,48.157828099999996,3.1464836600000005e-10,9.20893885,0.0013850510500000002,0.0929955935,2.4413055200000004e-06,4.3955686899999997e-07,0.0013649630400000001,0.0905219387,2.4413055200000004e-06,4.3955686899999997e-07,0.0008252564149999999,0.034244841399999996,2.4413055200000004e-06,4.3955686899999997e-07,0.0012585609399999999,0.0770329335,2.4413055200000004e-06,4.3955686899999997e-07,2.445641613006592
113,1679071800,1.8801138299999997e-05,1.8801141200000004e-05,-0.0028788159800000003,0.029409496999999996,0.0183048845,0.00345314699,0.0071312647899999995,0.00554657598,1.37670217e-06,1.27801332e-05,5.277972050000001,14.7,1.07010193e-06,1.52826552e-06,9.545628340000002e-07,6.956270179999999e-07,5.33317424e-07,4.6431901699999995e-07,3.89651665e-07,3.3957102600000003e-07,7.276254600000001e-07,1.7120311799999998e-07,2.52629013e-06,85.9110676,48.1291897,3.2184801099999995e-10,9.20663285,0.0014065782,0.0963647956,2.3898264600000002e-06,4.327995520000001e-07,0.0013690417,0.0909594404,2.3898264600000002e-06,4.327995520000001e-07,0.000828487967,0.0338565547,2.3898264600000002e-06,4.327995520000001e-07,0.00128049514,0.07942667,2.3898264600000002e-06,4.327995520000001e-07,2.4456799030303955
113,1679072400,1.85146862e-05,1.85146896e-05,0.0019987267699999992,-0.012276301000000002,0.0171379359,0.0034359425999999998,0.007059637390000001,0.00552212947,1.30156479e-06,1.19650688e-05,4.95279728,13.6,1.08873403e-06,1.5149464800000001e-06,9.37588373e-07,6.70501114e-07,5.26067084e-07,4.4132530400000006e-07,3.65607179e-07,3.2536931299999995e-07,7.069945960000001e-07,1.7188088700000002e-07,2.5083069600000005e-06,86.02801760000001,48.2387119,3.1582348200000003e-10,9.2088639,0.0013880171700000003,0.09341041400000001,2.62602987e-06,4.69196755e-07,0.00136804031,0.0904608003,2.62602987e-06,4.69196755e-07,0.000847863066,0.0356524744,2.62602987e-06,4.69196755e-07,0.0012635369300000002,0.0781612862,2.62602987e-06,4.69196755e-07,2.445695924758911
113,1679073000,1.83902163e-05,1.83902221e-05,-0.0073256602199999995,-0.028792014999999997,0.0172501344,0.0034253729500000004,0.007024800249999999,0.005496580730000001,1.235937e-06,1.1586824e-05,4.85314686,13.0,1.0859137e-06,1.4574601000000001e-06,9.20902511e-07,6.88765561e-07,5.27286514e-07,4.264499909999999e-07,3.65874376e-07,3.2006833700000004e-07,7.27448887e-07,1.70199298e-07,2.50473054e-06,85.984659,48.428009700000004,3.1284014099999997e-10,9.209634950000002,0.0013847366500000001,0.092526256,3.2453730200000003e-06,5.03552218e-07,0.0013471937999999998,0.08755424920000002,3.2453730200000003e-06,5.03552218e-07,0.000841453149,0.0360520705,3.2453730200000003e-06,5.03552218e-07,0.00126792089,0.07704521249999999,3.2453730200000003e-06,5.03552218e-07,2.4456256866455077
113,1679073600,1.8467164600000003e-05,1.84671676e-05,-0.0056603578500000005,0.00854447529,0.0177363964,0.0034295623399999997,0.00706248793,0.00550314552,1.2778129099999999e-06,1.184479145e-05,4.9720280400000005,14.4,1.06439401e-06,1.54684069e-06,9.512889199999999e-07,6.68133531e-07,5.05949158e-07,4.2139941200000004e-07,3.66336367e-07,3.1872651100000005e-07,7.141867329999999e-07,1.72690744e-07,2.5036123099999996e-06,86.052176,48.2026853,3.15415422e-10,9.2086184,0.0013724082199999999,0.0913248505,2.50107005e-06,4.245085809999999e-07,0.00136333847,0.0902154224,2.50107005e-06,4.245085809999999e-07,0.0008257909649999999,0.0332730155,2.50107005e-06,4.245085809999999e-07,0.00127979353,0.08008664360000001,2.50107005e-06,4.245085809999999e-07,2.445668935775757
113,1679074200,1.84756142e-05,1.84756176e-05,-0.01287981714,0.019057370100000002,0.017329904599999998,0.00342470363,0.00707108496,0.005503256220000001,1.2309713099999998e-06,1.160975255e-05,5.005244759999999,13.5,1.044667315e-06,1.50103771e-06,9.39639521e-07,6.76815733e-07,5.35482694e-07,4.402453499999999e-07,3.67825468e-07,3.15302361e-07,7.244332920000001e-07,1.70975776e-07,2.5213594200000003e-06,85.960993,48.4182296,3.1392702999999997e-10,9.2092134,0.0013841852,0.0928944319,2.65980227e-06,4.82990292e-07,0.00136961048,0.0909331144,2.65980227e-06,4.82990292e-07,0.0008382737689999999,0.035506969,2.65980227e-06,4.82990292e-07,0.00124061188,0.0749257965,2.65980227e-06,4.82990292e-07,2.4457177400588987
113,1679074800,1.8705952999999998e-05,1.8705957299999997e-05,-0.009944570929999999,0.00621110233,0.0174695057,0.0034505101699999997,0.00710543212,0.005540797070000001,1.30482387e-06,1.21575038e-05,5.24125873,14.8,1.1177393700000002e-06,1.5487829900000002e-06,9.65554403e-07,6.72179842e-07,5.30554246e-07,4.3465459700000004e-07,3.65522667e-07,3.11322754e-07,7.34045943e-07,1.7034500900000001e-07,2.5022418000000004e-06,85.72439969999999,47.7797726,3.2092113299999996e-10,9.206100249999999,0.00138484302,0.092733182,3.0640145799999993e-06,4.92624861e-07,0.0013571596299999998,0.08981678590000002,3.0640145799999993e-06,4.92624861e-07,0.0008589497780000001,0.0365729442,3.0640145799999993e-06,4.92624861e-07,0.0013035148100000002,0.08176097010000001,3.0640145799999993e-06,4.92624861e-07,2.4457716226577757
113,1679075400,1.85297045e-05,1.8529706699999997e-05,0.006698594679999999,-0.005323809915,0.0176291071,0.0034347728000000003,0.00708437724,0.005534775930000001,1.2789808799999998e-06,1.1778480300000001e-05,5.11538455,14.4,1.08940882e-06,1.51088398e-06,9.461657170000001e-07,6.680579519999999e-07,5.279772569999999e-07,4.4926146700000007e-07,3.5920186399999997e-07,3.2062616100000003e-07,7.20759534e-07,1.6928167400000003e-07,2.50319117e-06,86.0194499,48.1529389,3.16941188e-10,9.207477200000001,0.00138797772,0.0931077445,2.64615572e-06,4.7035517199999994e-07,0.0013628530999999998,0.0900458138,2.64615572e-06,4.7035517199999994e-07,0.0008510127790000001,0.0360521283,2.64615572e-06,4.7035517199999994e-07,0.00126500607,0.0781220364,2.64615572e-06,4.7035517199999994e-07,2.44570939540863
113,1679076000,1.85122145e-05,1.8512220600000003e-05,0.002374664469999999,-0.0099076947,0.0181244357,0.0034361507,0.007068173330000001,0.00550630917,1.24037061e-06,1.123291985e-05,4.998251720000001,13.8,1.0876811e-06,1.4928840399999998e-06,9.34976188e-07,6.70500137e-07,5.264414909999999e-07,4.4655491000000006e-07,3.7312626e-07,3.2304735699999997e-07,7.03990883e-07,1.72523858e-07,2.52435241e-06,86.0260885,48.3658616,3.15103255e-10,9.209657400000001,0.00138557554,0.09319273019999999,2.41950007e-06,4.7530965e-07,0.00134777638,0.0880667134,2.41950007e-06,4.7530965e-07,0.0008458085009999999,0.0359535959,2.41950007e-06,4.7530965e-07,0.00128251545,0.0790209987,2.41950007e-06,4.7530965e-07,2.445636510848999
113,1679076600,1.8495998599999998e-05,1.84960023e-05,-0.004657713930000001,0.0019829752600000004,0.0174358369,0.00343057586,0.007065950809999999,0.0055018559699999995,1.2227088299999998e-06,1.1486606950000001e-05,5.07692305,14.7,1.0919280799999999e-06,1.51292002e-06,9.10183722e-07,6.74947803e-07,5.4299355e-07,4.3436255600000004e-07,3.68560914e-07,3.32174914e-07,7.137415339999999e-07,1.6984009e-07,2.49630324e-06,86.0626604,48.2183192,3.15772021e-10,9.2084847,0.0013854239400000001,0.092794399,2.72400078e-06,4.6276580700000004e-07,0.00133997579,0.0871449035,2.72400078e-06,4.6276580700000004e-07,0.0008658345830000001,0.037085994,2.72400078e-06,4.6276580700000004e-07,0.00127551356,0.0791026664,2.72400078e-06,4.6276580700000004e-07,2.445596718788147
113,1679077200,1.87320035e-05,1.8732008499999996e-05,0.0016545647299999991,0.007350577819999998,0.0174061771,0.0034495468699999995,0.00713921929,0.0055555295200000005,1.2227615399999998e-06,1.090700075e-05,5.29370634,13.4,1.0839663800000001e-06,1.5686393e-06,9.317642149999999e-07,6.8233506e-07,5.32000984e-07,4.4340184400000003e-07,3.6965317799999997e-07,3.3432986500000004e-07,7.17169337e-07,1.73204818e-07,2.52950905e-06,85.82440779999999,48.0258165,3.20268956e-10,9.2079605,0.0013843418700000003,0.09272992259999999,2.2411967699999997e-06,4.2741563699999995e-07,0.00136992533,0.0912357006,2.2411967699999997e-06,4.2741563699999995e-07,0.0008427614349999999,0.0348985003,2.2411967699999997e-06,4.2741563699999995e-07,0.00129001338,0.08120545540000002,2.2411967699999997e-06,4.2741563699999995e-07,2.4457324743270874
113,1679077800,1.83085388e-05,1.8308542100000002e-05,-0.012057548579999999,-0.01226391066,0.016659077099999996,0.0034150360499999996,0.00703330851,0.00547685611,1.25997601e-06,1.13599435e-05,4.89860137,13.0,1.01249921e-06,1.4948761299999999e-06,9.32083104e-07,6.80003192e-07,5.24779209e-07,4.2658842499999996e-07,3.6635085700000003e-07,3.21710299e-07,7.199569650000002e-07,1.71410844e-07,2.5039562899999997e-06,86.2567742,48.730328500000006,3.10470069e-10,9.2107724,0.0013915584300000002,0.09376980069999999,2.2436626899999998e-06,4.10720953e-07,0.00134709326,0.0878106707,2.2436626899999998e-06,4.10720953e-07,0.000822729703,0.0333867731,2.2436626899999998e-06,4.10720953e-07,0.00124383066,0.07593086539999999,2.2436626899999998e-06,4.10720953e-07,2.445712518692017
113,1679078400,1.83420722e-05,1.8342080300000002e-05,0.0015602644000000001,0.006363792660000001,0.0175797551,0.0034151656900000002,0.00705916707,0.0055004324100000005,1.2674374399999998e-06,1.1176055449999999e-05,4.71328672,13.5,1.043863409e-06,1.50605406e-06,8.827983209999999e-07,6.79348047e-07,5.36942868e-07,4.26607984e-07,3.5866071e-07,3.2214065699999995e-07,7.107374769999999e-07,1.73935861e-07,2.52991835e-06,86.28861570000001,48.7746807,3.1087718799999997e-10,9.2116962,0.0013822015799999999,0.092570338,2.4661139200000005e-06,4.17162013e-07,0.00134567629,0.0881499458,2.4661139200000005e-06,4.17162013e-07,0.0008226996069999999,0.0331722225,2.4661139200000005e-06,4.17162013e-07,0.0012571582999999999,0.07703108709999999,2.4661139200000005e-06,4.17162013e-07,2.4456178903579713
113,1679079000,1.8574760900000002e-05,1.85747655e-05,0.004111223626,-0.0224147461,0.016552856300000002,0.0034447958099999994,0.00710020432,0.00552533629,1.23088945e-06,1.121564355e-05,5.05419575,12.9,1.0943520799999999e-06,1.5355293e-06,9.530791419999999e-07,6.56792506e-07,5.3190731e-07,4.44069797e-07,3.7340655400000005e-07,3.20896758e-07,7.01684777e-07,1.7010642800000002e-07,2.5055424699999997e-06,85.830232,47.9529223,3.18485125e-10,9.2067017,0.0013876020100000001,0.09321414300000001,2.6881029400000002e-06,4.67507891e-07,0.0013747387100000001,0.0910713976,2.6881029400000002e-06,4.67507891e-07,0.000835469627,0.0348106635,2.6881029400000002e-06,4.67507891e-07,0.00128166584,0.080091216,2.6881029400000002e-06,4.67507891e-07,2.445659804344177
113,1679079600,1.84323625e-05,1.84323663e-05,-0.0008111293770000002,-0.00183323638,0.017806028499999998,0.00342578475,0.007054320120000001,0.00550009475,1.1704153100000001e-06,1.07364505e-05,5.0174825499999995,13.5,1.01155197e-06,1.49781103e-06,9.69912242e-07,6.722436830000001e-07,5.43554161e-07,4.41808955e-07,3.77651681e-07,3.2301860100000005e-07,7.18710978e-07,1.72605477e-07,2.48723107e-06,85.98304920000001,48.351897300000005,3.1392859900000005e-10,9.2094257,0.00139689663,0.0941349469,2.3092019999999995e-06,4.10522332e-07,0.00137140218,0.0910822375,2.3092019999999995e-06,4.10522332e-07,0.0008223044270000001,0.0330704168,2.3092019999999995e-06,4.10522332e-07,0.0012499240000000001,0.07654443399999998,2.3092019999999995e-06,4.10522332e-07,2.445653462409973
113,1679080200,1.85405602e-05,1.8540562299999997e-05,-0.013370556400000002,-0.00466594696,0.0177046756,0.0034358261399999998,0.007058296540000002,0.00551694783,1.2276475699999999e-06,1.1223153399999999e-05,5.05419577,13.7,1.09082804e-06,1.49229064e-06,9.632446259999998e-07,6.76306333e-07,5.242488260000001e-07,4.27919173e-07,3.77950507e-07,3.19840341e-07,7.08458298e-07,1.7039195800000001e-07,2.51874726e-06,85.93452950000001,48.2371592,3.15619205e-10,9.20891075,0.00138025497,0.092539153,2.4463338199999996e-06,4.358160799999999e-07,0.00136984403,0.09072978140000001,2.4463338199999996e-06,4.358160799999999e-07,0.0008543350999999999,0.0353994573,2.4463338199999996e-06,4.358160799999999e-07,0.0012638679100000002,0.0773271046,2.4463338199999996e-06,4.358160799999999e-07,2.4456092596054075
113,1679080800,1.83918136e-05,1.83918189e-05,-0.007586290679999999,0.0023722814199999983,0.0170104195,0.00342132396,0.007051277280000001,0.00550091607,1.19809141e-06,1.1516543200000001e-05,4.96678323,14.4,1.05092737e-06,1.4692200500000002e-06,9.38694261e-07,6.653978010000001e-07,5.425253600000001e-07,4.25697342e-07,3.8242331699999997e-07,3.2200411300000004e-07,7.12940079e-07,1.7087144799999998e-07,2.5151589500000005e-06,86.16736549999999,48.6126203,3.12424068e-10,9.210340299999999,0.0013845801599999998,0.09305073840000001,2.9438713800000007e-06,4.4553457599999997e-07,0.0013400349499999998,0.0876724951,2.9438713800000007e-06,4.4553457599999997e-07,0.000827653387,0.0336834255,2.9438713800000007e-06,4.4553457599999997e-07,0.0012631179799999998,0.0774747124,2.9438713800000007e-06,4.4553457599999997e-07,2.445618510246277
113,1679081400,1.85308262e-05,1.85308333e-05,-0.0006923543899999985,0.0007929052500000002,0.017662099100000002,0.0034350372399999996,0.00709910527,0.0055212184400000005,1.2526139e-06,1.181854135e-05,5.09440549,13.8,1.0783973100000001e-06,1.5067975e-06,9.296021690000001e-07,6.77412116e-07,5.231813870000001e-07,4.3348194999999997e-07,3.83302157e-07,3.19960361e-07,7.09112811e-07,1.7482917800000002e-07,2.5293206e-06,86.106872,48.4180436,3.1559450499999995e-10,9.209665,0.00137895085,0.09255141850000001,2.93139245e-06,4.62847432e-07,0.0013466229699999998,0.0884880839,2.93139245e-06,4.62847432e-07,0.0008501701169999999,0.035644868499999996,2.93139245e-06,4.62847432e-07,0.00127715014,0.07935106090000002,2.93139245e-06,4.62847432e-07,2.4455862283706664
113,1679082000,1.8556981299999998e-05,1.8556985599999997e-05,-0.003331697282999999,-0.0021907896000000013,0.0173074088,0.0034384957,0.007087303639999999,0.00553369173,1.26685156e-06,1.1263229e-05,5.03671327,14.4,1.0853492299999999e-06,1.51782017e-06,9.504339200000002e-07,6.81471137e-07,5.23682988e-07,4.41670804e-07,3.58696837e-07,3.21745559e-07,7.17225434e-07,1.7188146999999996e-07,2.5084810600000005e-06,85.961838,48.137902,3.16990762e-10,9.208901399999998,0.0013895861200000001,0.0934116935,2.54839021e-06,4.5120727600000005e-07,0.00137355016,0.0916434046,2.54839021e-06,4.5120727600000005e-07,0.000830828638,0.034286978700000005,2.54839021e-06,4.5120727600000005e-07,0.00128612501,0.07948608609999999,2.54839021e-06,4.5120727600000005e-07,2.4456989049911497
113,1679082600,1.86843296e-05,1.86843321e-05,0.005269511028999999,-0.015402938639999999,0.017500980800000003,0.0034500094100000005,0.00713614885,0.00555413978,1.27018387e-06,1.16284166e-05,5.041958069999999,15.2,1.09004416e-06,1.5401496700000003e-06,9.48375465e-07,6.827085060000001e-07,5.380070600000001e-07,4.3722742899999994e-07,3.7112732e-07,3.2296791000000003e-07,7.062648209999999e-07,1.70030831e-07,2.5352335e-06,85.959906,48.11823310000001,3.1945362699999997e-10,9.2083703,0.0013852156000000002,0.0933772365,2.68282346e-06,4.97176762e-07,0.0013702493699999999,0.09129531939999999,2.68282346e-06,4.97176762e-07,0.0008501300510000001,0.0364481823,2.68282346e-06,4.97176762e-07,0.0012683969999999999,0.0781279607,2.68282346e-06,4.97176762e-07,2.445666766166687
113,1679083200,1.84420449e-05,1.84420504e-05,-0.0005806199340000003,-0.013711039499999998,0.017298813,0.00342924661,0.00704949545,0.00550687746,1.27924547e-06,1.193549315e-05,4.97727275,14.8,1.0418035499999999e-06,1.49327157e-06,9.41257211e-07,6.76137922e-07,5.349272229999999e-07,4.3483057899999997e-07,3.70262251e-07,3.29778832e-07,7.05560379e-07,1.73219147e-07,2.51992155e-06,86.227705,48.549821,3.13373931e-10,9.21144275,0.0013844194199999999,0.09257470059999999,2.60126223e-06,4.3059205099999997e-07,0.00136173039,0.08970155380000001,2.60126223e-06,4.3059205099999997e-07,0.000820621953,0.033167607599999996,2.60126223e-06,4.3059205099999997e-07,0.00125828969,0.0772923498,2.60126223e-06,4.3059205099999997e-07,2.445633816719055
113,1679083800,1.86126741e-05,1.86126782e-05,0.0025133961699999987,0.001999067141999999,0.0171233051,0.0034411225700000008,0.007092312589999999,0.0055325270699999995,1.33224766e-06,1.192613955e-05,5.206293710000001,14.3,1.13600777e-06,1.51647905e-06,9.57889678e-07,6.67412512e-07,5.22901099e-07,4.2728075999999995e-07,3.6426591e-07,3.2163107900000005e-07,7.13252055e-07,1.69107927e-07,2.5100630199999996e-06,85.921597,47.9109021,3.195641e-10,9.2065506,0.0013755655900000003,0.0917311252,2.54675022e-06,4.67898554e-07,0.00136560389,0.09078301549999998,2.54675022e-06,4.67898554e-07,0.000859948735,0.03662790839999999,2.54675022e-06,4.67898554e-07,0.0012772894,0.08021032959999999,2.54675022e-06,4.67898554e-07,2.445741891860962
113,1679084400,1.8501492899999998e-05,1.85014964e-05,0.004008038089999999,0.010384466929999999,0.0170992236,0.00343020032,0.007114173830000001,0.0055208114300000005,1.30230575e-06,1.192616305e-05,5.01573434,15.1,1.0663894739999998e-06,1.52133346e-06,9.216921669999999e-07,6.50030535e-07,5.40530546e-07,4.312865350000001e-07,3.7128387699999996e-07,3.2271203099999997e-07,7.25534172e-07,1.69837038e-07,2.53009654e-06,86.1617631,48.52234179999999,3.14095948e-10,9.210880399999999,0.00137319042,0.0911771924,2.7191406e-06,4.5149371300000005e-07,0.00135718134,0.0892289786,2.7191406e-06,4.5149371300000005e-07,0.000822151587,0.0337789018,2.7191406e-06,4.5149371300000005e-07,0.00128605459,0.0811661247,2.7191406e-06,4.5149371300000005e-07,2.4456186532974242
113,1679085000,1.85057289e-05,1.8505732e-05,-0.00406827004,0.01357320863,0.018263102799999997,0.00342890464,0.00706631826,0.0055034888,1.2471175099999999e-06,1.1606899000000001e-05,5.122377569999999,14.5,1.061121764e-06,1.49181027e-06,9.54268285e-07,6.89657358e-07,5.35603926e-07,4.3925124600000004e-07,3.73307288e-07,3.19558928e-07,7.12986171e-07,1.6697024999999997e-07,2.5082996399999997e-06,85.8186597,48.156203,3.1606211199999997e-10,9.207179499999999,0.0013981770300000001,0.094635102,2.80963463e-06,4.6233731100000004e-07,0.00135578303,0.0890752704,2.80963463e-06,4.6233731100000004e-07,0.0008489203589999999,0.035442831800000005,2.80963463e-06,4.6233731100000004e-07,0.00125747726,0.07762834839999999,2.80963463e-06,4.6233731100000004e-07,2.445685052871704
113,1679085600,1.8604434799999997e-05,1.8604440600000003e-05,-0.008435373360000002,0.00955844204,0.0174542736,0.00344264402,0.007073462850000001,0.00552892998,1.25797276e-06,1.1396617199999998e-05,5.10314683,12.7,1.1041608699999997e-06,1.52928187e-06,9.338971609999998e-07,6.808008120000001e-07,5.297050039999999e-07,4.4040233999999996e-07,3.7143451800000007e-07,3.25940043e-07,7.13487507e-07,1.73139279e-07,2.4999615500000003e-06,85.8881544,48.00403899999999,3.1782757e-10,9.2087767,0.0013878628299999998,0.0937205619,2.3306742300000003e-06,4.4397231999999997e-07,0.00135828919,0.0897822219,2.3306742300000003e-06,4.4397231999999997e-07,0.000846609603,0.0351213961,2.3306742300000003e-06,4.4397231999999997e-07,0.0012864910300000002,0.0796064267,2.3306742300000003e-06,4.4397231999999997e-07,2.445629620552063
113,1679086200,1.8445963900000003e-05,1.8445965899999998e-05,0.0046588868039999995,0.0035154691000000003,0.0174893906,0.00342609951,0.00706901853,0.00549744924,1.21160787e-06,1.1265182449999998e-05,4.97552455,13.3,1.10481008e-06,1.5197748999999998e-06,9.36939274e-07,6.615531349999999e-07,5.05954059e-07,4.266882940000001e-07,3.67448216e-07,3.18451534e-07,7.129156990000001e-07,1.7243011799999997e-07,2.4959998599999994e-06,86.1290984,48.25264610000001,3.14543347e-10,9.208853950000002,0.00138064431,0.09225689949999999,2.38981268e-06,4.4559466499999994e-07,0.0013607235200000002,0.0895998492,2.38981268e-06,4.4559466499999994e-07,0.0008453239160000001,0.0353103731,2.38981268e-06,4.4559466499999994e-07,0.0012896332099999997,0.0794818101,2.38981268e-06,4.4559466499999994e-07,2.445585012435913
113,1679086800,1.83878905e-05,1.83878962e-05,0.006917215345,-0.00019643291600000037,0.0172035093,0.00342328544,0.007048150089999999,0.005509190120000001,1.2764425400000001e-06,1.10921292e-05,4.7482517699999995,14.0,1.06941674e-06,1.45555384e-06,9.41226684e-07,6.557529819999999e-07,5.251495779999999e-07,4.4379269299999995e-07,3.75568721e-07,3.19172135e-07,7.17901181e-07,1.71563193e-07,2.5187843499999997e-06,86.07331730000001,48.5834842,3.1200763399999996e-10,9.21006785,0.0013796373400000001,0.09202482000000001,2.3160978900000003e-06,4.3143651199999995e-07,0.0013438676599999999,0.0878472395,2.3160978900000003e-06,4.3143651199999995e-07,0.0008218567469999999,0.0336502825,2.3160978900000003e-06,4.3143651199999995e-07,0.0012635813199999998,0.0782380746,2.3160978900000003e-06,4.3143651199999995e-07,2.4456072568893434
113,1679087400,1.8484495099999997e-05,1.8484499399999996e-05,-0.0013479791600000007,0.022254444469999995,0.0175462497,0.0034284374,0.00704809401,0.005507263690000001,1.243363e-06,1.1248079399999999e-05,5.0367133200000005,14.2,1.08033894e-06,1.5252992499999999e-06,9.132460529999999e-07,6.751386710000001e-07,5.295733389999999e-07,4.31835768e-07,3.7274650900000004e-07,3.2575785e-07,7.07282017e-07,1.6911118400000002e-07,2.51187927e-06,86.0190334,48.2316982,3.15818067e-10,9.207808949999999,0.00137147044,0.09117293600000001,2.50670936e-06,4.4290263000000004e-07,0.0013645489300000001,0.08995478250000001,2.50670936e-06,4.4290263000000004e-07,0.000834175493,0.03435806649999999,2.50670936e-06,4.4290263000000004e-07,0.00127540567,0.0794021625,2.50670936e-06,4.4290263000000004e-07,2.445646286010742
113,1679088000,1.84926128e-05,1.84926162e-05,0.00427726746,0.004273804640000001,0.017454210999999997,0.0034288139499999994,0.00707101766,0.00549929714,1.24039168e-06,1.1087777300000001e-05,4.93531469,13.4,1.05641176e-06,1.5048097300000001e-06,9.503830510000001e-07,6.668920180000001e-07,5.187195400000001e-07,4.4409770299999994e-07,3.7352182399999997e-07,3.18813258e-07,7.27071768e-07,1.7179912700000003e-07,2.5137753200000002e-06,85.995366,48.358512499999996,3.1489697000000007e-10,9.2090244,0.0013774735900000002,0.09243787299999999,2.4305421400000003e-06,4.4735511199999995e-07,0.00136465797,0.0896983021,2.4305421400000003e-06,4.4735511199999995e-07,0.0008413283800000001,0.0349921569,2.4305421400000003e-06,4.4735511199999995e-07,0.00126765683,0.07802868460000001,2.4305421400000003e-06,4.4735511199999995e-07,2.4455686807632446
113,1679088600,1.8571374999999998e-05,1.85713786e-05,0.003699120930000001,0.0024202254799999988,0.017806654499999998,0.0034388592100000003,0.0070632078099999995,0.0055126346,1.27064046e-06,1.1936992e-05,5.089160819999999,16.1,1.1009083739999998e-06,1.4911866100000001e-06,9.359338000000001e-07,6.67429163e-07,5.41937359e-07,4.41223373e-07,3.7248616600000004e-07,3.28571557e-07,7.16381163e-07,1.7306200899999997e-07,2.5165380200000002e-06,85.9426052,48.2159718,3.16858276e-10,9.20889185,0.0013891315999999998,0.0936299426,2.85080945e-06,4.74538134e-07,0.00134746465,0.0888579779,2.85080945e-06,4.74538134e-07,0.000839172401,0.0355913665,2.85080945e-06,4.74538134e-07,0.00126726645,0.0789002915,2.85080945e-06,4.74538134e-07,2.4456867933273316
113,1679089200,1.8294121800000002e-05,1.82941291e-05,0.00506858003,0.0004078222999999992,0.0178385274,0.00341208681,0.0070303169,0.005486546730000001,1.1921770500000002e-06,1.114026675e-05,4.7814685599999995,12.8,1.06852801e-06,1.4310841499999998e-06,9.30354168e-07,6.7200054e-07,5.30405587e-07,4.30208285e-07,3.71008403e-07,3.16377106e-07,7.193198570000001e-07,1.73239023e-07,2.50448304e-06,86.24924610000001,48.692830799999996,3.10476114e-10,9.210861300000001,0.00138493245,0.0931212485,2.47668182e-06,4.5953623400000005e-07,0.0013435527700000002,0.0873878462,2.47668182e-06,4.5953623400000005e-07,0.000842307044,0.0355709277,2.47668182e-06,4.5953623400000005e-07,0.00123037143,0.0737918679,2.47668182e-06,4.5953623400000005e-07,2.44570906162262
113,1679089800,1.85971578e-05,1.8597163399999997e-05,-0.01174500958,0.00379521965,0.017358914099999997,0.00344170742,0.007071189430000001,0.0055271341,1.21446057e-06,1.1461749999999999e-05,5.13811186,14.5,1.1103928799999998e-06,1.4987650999999998e-06,9.278738889999999e-07,6.86266292e-07,5.35491494e-07,4.34366404e-07,3.7457388300000005e-07,3.2636660800000006e-07,7.19136661e-07,1.7229116800000002e-07,2.51301532e-06,85.842151,48.0821763,3.18095357e-10,9.20767425,0.00138880313,0.0935687784,2.6891691599999995e-06,4.5745206500000004e-07,0.00133889231,0.0882168274,2.6891691599999995e-06,4.5745206500000004e-07,0.000847972831,0.0354783161,2.6891691599999995e-06,4.5745206500000004e-07,0.0012881773500000003,0.0800736106,2.6891691599999995e-06,4.5745206500000004e-07,2.4455720663070677
113,1679090400,1.8368405600000002e-05,1.83684087e-05,-0.01321861601,-0.023250048999999995,0.0172978487,0.0034223892400000004,0.00701437683,0.005505668360000001,1.21974689e-06,1.10529746e-05,4.790209760000001,14.3,1.05309266e-06,1.48815797e-06,9.3735356e-07,6.68092263e-07,5.15321386e-07,4.3166015299999996e-07,3.6949480000000006e-07,3.2937714900000004e-07,7.06446514e-07,1.7319823e-07,2.51198291e-06,86.24404220000001,48.6052544,3.1180396e-10,9.21118925,0.0013774182500000001,0.09188883419999999,2.37841883e-06,4.3278099700000006e-07,0.00134458277,0.08815433510000001,2.37841883e-06,4.3278099700000006e-07,0.000827066517,0.0338947942,2.37841883e-06,4.3278099700000006e-07,0.0012612526999999998,0.07738933020000001,2.37841883e-06,4.3278099700000006e-07,2.4456467151641847
113,1679091000,1.84685375e-05,1.84685408e-05,-0.00250853105,-0.00729471628,0.0171514341,0.0034291993700000002,0.0070847565900000005,0.00551686731,1.25344652e-06,1.1496596900000001e-05,5.001748259999999,13.7,1.0443062e-06,1.50511542e-06,9.200641539999999e-07,6.839061130000001e-07,5.40877135e-07,4.3906848199999997e-07,3.5899974899999996e-07,3.30614464e-07,7.15545326e-07,1.72209564e-07,2.52354729e-06,86.102409,48.5254206,3.14082391e-10,9.20949005,0.0013898910400000001,0.0936063186,2.66078479e-06,4.4816633900000003e-07,0.00135517042,0.08967620700000001,2.66078479e-06,4.4816633900000003e-07,0.0008249968500000001,0.0336731035,2.66078479e-06,4.4816633900000003e-07,0.00126158769,0.0766799454,2.66078479e-06,4.4816633900000003e-07,2.445582699775696
113,1679091600,1.85455731e-05,1.85455756e-05,-0.012428030909999999,-0.0178817521,0.0169850332,0.0034364878500000003,0.007075245990000001,0.00552219084,1.21948591e-06,1.1079532849999999e-05,4.95104897,14.3,1.11246362e-06,1.4816980100000001e-06,9.504843570000001e-07,6.53533334e-07,5.26297276e-07,4.4349290499999996e-07,3.74713153e-07,3.30794039e-07,7.15698841e-07,1.72357692e-07,2.5111991700000008e-06,85.9492587,48.1864642,3.16945531e-10,9.2072859,0.00137844032,0.09267947730000001,2.3280197299999998e-06,4.601533360000001e-07,0.0013581424300000001,0.08869031050000001,2.3280197299999998e-06,4.601533360000001e-07,0.0008559160730000001,0.0364174617,2.3280197299999998e-06,4.601533360000001e-07,0.0012726043799999999,0.07868940980000001,2.3280197299999998e-06,4.601533360000001e-07,2.4456446409225463
113,1679092200,1.87248084e-05,1.8724815e-05,0.00371293597,0.023645084489999996,0.0182108786,0.00345023744,0.0071133192999999996,0.0055399014,1.4463400500000003e-06,1.30369394e-05,5.208041919999999,17.0,1.08485117e-06,1.51391278e-06,9.256113840000001e-07,7.471977809999999e-07,5.49116689e-07,4.3485825700000005e-07,3.7767539299999994e-07,3.2408234700000007e-07,7.240942959999999e-07,1.71181827e-07,2.50977682e-06,85.67896309999999,47.91442920000001,3.20508172e-10,9.20757025,0.0013972407199999998,0.0961806835,2.61725725e-06,4.5547534400000005e-07,0.0013684185399999997,0.091071945,2.61725725e-06,4.5547534400000005e-07,0.000838599894,0.035191365,2.61725725e-06,4.5547534400000005e-07,0.00127534159,0.07842841889999999,2.61725725e-06,4.5547534400000005e-07,2.4457633972167967
113,1679092800,1.94375681e-05,1.9437571700000004e-05,-0.014003569785,0.24378586432,0.0191196982,0.00349316548,0.00718313699,0.005602508050000001,2.04787097e-06,1.786220535e-05,5.88811186,24.7,1.08747892e-06,1.5228843900000002e-06,1.03233767e-06,8.20706051e-07,5.698383880000002e-07,4.5552995e-07,3.939924609999999e-07,3.5026598e-07,7.835992659999999e-07,1.7254158e-07,2.52958524e-06,85.23645669999999,47.457072,3.36074852e-10,9.2014131,0.00143560343,0.10321158559999999,2.90047236e-06,4.5493720800000006e-07,0.0013913501800000001,0.09616961339999999,2.90047236e-06,4.5493720800000006e-07,0.0008477480270000001,0.035497802499999995,2.90047236e-06,4.5493720800000006e-07,0.00128066668,0.0795137879,2.90047236e-06,4.5493720800000006e-07,2.4456103086471557
113,1679093400,1.88038601e-05,1.88038667e-05,-0.00451612569,0.044662811010000004,0.020217980700000002,0.0034564156699999995,0.007113882489999999,0.00554404795,1.3680582900000002e-06,1.20477923e-05,5.31993011,14.2,1.04675869e-06,1.5311281799999998e-06,9.58902517e-07,6.88020534e-07,5.594402059999999e-07,4.4250281300000004e-07,3.8284422500000003e-07,3.3347768000000005e-07,7.48087256e-07,1.70614263e-07,2.54013362e-06,85.87417350000001,48.2993564,3.2058964800000003e-10,9.208763349999998,0.00140809163,0.09676053660000002,2.6878420200000003e-06,4.50839522e-07,0.00136310344,0.09082177620000001,2.6878420200000003e-06,4.50839522e-07,0.0008401315209999999,0.0347667434,2.6878420200000003e-06,4.50839522e-07,0.00125709801,0.07681410920000001,2.6878420200000003e-06,4.50839522e-07,2.445800805091858
113,1679094000,1.854198e-05,1.85419861e-05,0.0052786210100000015,-0.0020735373999999996,0.0180182249,0.0034357591300000004,0.00709765319,0.00551572818,1.2710484900000001e-06,1.1375287899999998e-05,5.01748247,13.5,1.080187797e-06,1.5163770100000002e-06,9.3764005e-07,6.917562549999999e-07,5.249402089999999e-07,4.2866964099999995e-07,3.68943077e-07,3.23105728e-07,7.17716037e-07,1.67651671e-07,2.51399129e-06,85.936866,48.122606499999996,3.1619375800000003e-10,9.2093442,0.0013948049200000001,0.0943773855,2.47388361e-06,4.468199799999999e-07,0.00134488801,0.08749143340000001,2.47388361e-06,4.468199799999999e-07,0.0008324250499999999,0.0343555904,2.47388361e-06,4.468199799999999e-07,0.00128939377,0.08100635790000002,2.47388361e-06,4.468199799999999e-07,2.4457462549209597
113,1679094600,1.85780151e-05,1.8578018499999998e-05,-0.0031677028459999993,0.01224902553,0.0172174894,0.0034373838399999997,0.00706203166,0.005510817780000001,1.21487488e-06,1.143806675e-05,5.18881127,14.0,1.04462527e-06,1.49458237e-06,9.67919715e-07,6.816006390000001e-07,5.356726089999999e-07,4.42069257e-07,3.7239974299999994e-07,3.3044887e-07,7.18261345e-07,1.7020969999999998e-07,2.5311816400000003e-06,86.1038773,48.4470715,3.1618262099999997e-10,9.2101164,0.00140012851,0.0950763305,2.47350283e-06,4.55963989e-07,0.0013686826100000001,0.090815851,2.47350283e-06,4.55963989e-07,0.0008360522110000001,0.0350119198,2.47350283e-06,4.55963989e-07,0.00124510498,0.0748854234,2.47350283e-06,4.55963989e-07,2.445810580253601
113,1679095200,1.8703674900000002e-05,1.87036792e-05,-0.010444690710000001,0.005000532278,0.01664166185,0.0034482401699999997,0.00709771153,0.00553492475,1.25492568e-06,1.15726109e-05,5.2150349899999995,13.5,1.06634218e-06,1.504096e-06,9.571931100000001e-07,6.96714e-07,5.387877180000001e-07,4.4496313399999997e-07,3.64664283e-07,3.27168664e-07,7.42111255e-07,1.73234708e-07,2.53652368e-06,85.878499,48.2732639,3.1899881500000003e-10,9.2082069,0.0014036566,0.0956779465,2.34892091e-06,4.2078606200000006e-07,0.0013513790100000002,0.08915560450000001,2.34892091e-06,4.2078606200000006e-07,0.000843475865,0.0348189764,2.34892091e-06,4.2078606200000006e-07,0.0012664045299999999,0.0789629451,2.34892091e-06,4.2078606200000006e-07,2.4456619739532472
113,1679095800,1.8950178400000003e-05,1.89501834e-05,-0.004308231630000001,0.04868518478,0.0183650332,0.0034668896800000002,0.0071532474799999995,0.0055598602999999995,1.4941056900000001e-06,1.359156435e-05,5.5052446999999995,18.1,1.10872439e-06,1.5492486e-06,9.116402470000001e-07,6.668508139999999e-07,5.50627005e-07,4.99977561e-07,4.1967263e-07,3.42212346e-07,7.299123919999999e-07,1.6982569100000002e-07,2.52638325e-06,85.62983849999999,47.898072799999994,3.24553344e-10,9.2063968,0.00141356545,0.097741262,2.6355086099999997e-06,4.5073696e-07,0.0013478876800000002,0.0881634905,2.6355086099999997e-06,4.5073696e-07,0.0008501367869999998,0.035228883100000004,2.6355086099999997e-06,4.5073696e-07,0.0012980422600000002,0.0817123155,2.6355086099999997e-06,4.5073696e-07,2.445763897895813
113,1679096400,1.88024134e-05,1.8802419e-05,0.005524737064,0.000800799596,0.018289927299999998,0.0034600147500000004,0.0071242782000000004,0.0055523390700000005,1.27742702e-06,1.1546613700000002e-05,5.29020971,15.1,1.0568067899999998e-06,1.48927146e-06,9.7407158e-07,7.28577877e-07,5.39201107e-07,4.66041209e-07,3.93938586e-07,3.2631554799999997e-07,7.38679697e-07,1.7101321299999998e-07,2.51726366e-06,85.6064043,48.03625100000001,3.21267006e-10,9.2058206,0.00141562135,0.0980166049,2.64812623e-06,4.7638381899999996e-07,0.0013903609900000002,0.093052567,2.64812623e-06,4.7638381899999996e-07,0.000829760142,0.0346718132,2.64812623e-06,4.7638381899999996e-07,0.0012456549599999998,0.0758686275,2.64812623e-06,4.7638381899999996e-07,2.4457903861999513
113,1679097000,1.8598255799999998e-05,1.8598258799999996e-05,-0.006266559749999999,-0.0047833508,0.017652428300000002,0.0034434078999999998,0.007088868949999999,0.005529736500000001,1.26171359e-06,1.1600326399999999e-05,5.256992939999999,15.0,1.04345232e-06,1.5657864800000002e-06,9.430162289999999e-07,6.859910719999999e-07,5.3461986e-07,4.27445933e-07,3.6363692e-07,3.1851557299999995e-07,7.29084378e-07,1.73277082e-07,2.5142581999999998e-06,85.9186905,48.0960586,3.18274528e-10,9.20710755,0.0013961153899999998,0.0943087566,2.51393803e-06,4.3462420699999997e-07,0.0013682797399999999,0.09038330850000001,2.51393803e-06,4.3462420699999997e-07,0.0008138219789999999,0.0327344236,2.51393803e-06,4.3462420699999997e-07,0.0012962355899999998,0.08083068969999999,2.51393803e-06,4.3462420699999997e-07,2.4458494186401367
113,1679097600,1.8788449799999998e-05,1.8788452e-05,0.003944263210000001,0.008703381030000002,0.0180007003,0.00345768727,0.00713492142,0.0055428076199999995,1.3448048e-06,1.216807135e-05,5.188811150000001,16.2,1.0855125e-06,1.49999822e-06,9.62005546e-07,7.39015389e-07,5.469838150000001e-07,4.3760127200000006e-07,3.90142619e-07,3.3072941700000005e-07,7.18648589e-07,1.73634435e-07,2.5098425500000005e-06,85.69930389999999,47.887808899999996,3.2187004899999997e-10,9.205640800000001,0.00140751396,0.09647575459999999,2.61202803e-06,4.575814969999999e-07,0.00137478467,0.0915714465,2.61202803e-06,4.575814969999999e-07,0.0008448647790000001,0.0354830376,2.61202803e-06,4.575814969999999e-07,0.00127058724,0.0778921145,2.61202803e-06,4.575814969999999e-07,2.4457684993743896
113,1679098200,2.11562743e-05,2.11562762e-05,0.0127680601,0.542419723465,0.021748671700000003,0.00360496277,0.00744329005,0.0057569566899999996,2.9107412299999998e-06,2.1629535e-05,7.736013959999999,30.4,1.07106926e-06,1.5611661500000002e-06,1.153415726e-06,1.040096264e-06,7.1290566e-07,5.428767890000001e-07,4.5728025599999995e-07,3.93247541e-07,8.88558362e-07,1.70377221e-07,2.58709537e-06,83.9892064,46.2322043,3.75384773e-10,9.188561199999999,0.0015337603800000001,0.12841013,2.27568842e-06,4.1979367199999996e-07,0.0014470459299999999,0.106020037,2.27568842e-06,4.1979367199999996e-07,0.000828929548,0.0337113916,2.27568842e-06,4.1979367199999996e-07,0.0012892032,0.08086606190000001,2.27568842e-06,4.1979367199999996e-07,2.445830512046814
113,1679098800,2.0765604e-05,2.07656067e-05,-0.0068379431199999995,0.8343002513,0.022955723400000003,0.0035661951900000004,0.007341620290000001,0.00567851163,3.62375073e-06,3.30023661e-05,6.78496495,33.9,1.0883923e-06,1.5052690900000001e-06,1.060102386e-06,1.0750892539999999e-06,7.023829799999999e-07,5.24629351e-07,4.55168276e-07,3.7618475599999997e-07,8.410118900000001e-07,1.71624398e-07,2.58292146e-06,84.2310429,46.5523272,3.6699927700000004e-10,9.191141549999998,0.0014989519,0.1259903376,2.4442378699999998e-06,4.37475418e-07,0.0014178296100000002,0.0998459215,2.4442378699999998e-06,4.37475418e-07,0.0008626400630000001,0.0360552741,2.4442378699999998e-06,4.37475418e-07,0.0012629523899999999,0.077958759,2.4442378699999998e-06,4.37475418e-07,2.4458364725112913
113,1679099400,1.8896118299999998e-05,1.88961208e-05,-0.007237736049999999,-0.00038008713999999855,0.0174954975,0.0034681269799999997,0.007143998380000001,0.005569060880000001,1.2990253699999999e-06,1.14414482e-05,5.28321677,14.5,1.1017563599999999e-06,1.56629106e-06,9.7529108e-07,7.07985126e-07,5.416453039999998e-07,4.4240541e-07,3.73281262e-07,3.2843714199999995e-07,7.162555969999999e-07,1.7167339199999997e-07,2.5230258299999997e-06,85.7074641,47.682415000000006,3.24666908e-10,9.205637849999999,0.0013926475800000002,0.0938611825,2.3743260900000003e-06,4.2818131800000003e-07,0.0013849802000000001,0.09348948059999998,2.3743260900000003e-06,4.2818131800000003e-07,0.0008409256599999999,0.03442284599999999,2.3743260900000003e-06,4.2818131800000003e-07,0.00129792328,0.08258158339999999,2.3743260900000003e-06,4.2818131800000003e-07,2.4458291292190553
113,1679100000,1.87726837e-05,1.87726865e-05,-0.0025590056499999996,0.012010019699999997,0.0178280893,0.0034577374800000005,0.007116580690000001,0.00554045579,1.27592176e-06,1.1483223800000001e-05,5.46328654,13.8,1.070048957e-06,1.5475424299999998e-06,9.83819298e-07,6.763887670000001e-07,5.449327339999999e-07,4.5335161800000007e-07,3.70673277e-07,3.3287946900000003e-07,7.13070872e-07,1.7120447800000002e-07,2.5223888999999997e-06,85.744464,47.939056400000005,3.2131519400000004e-10,9.2063055,0.00140236697,0.09523087150000001,2.61676663e-06,4.57670651e-07,0.0013863827399999999,0.09292591450000001,2.61676663e-06,4.57670651e-07,0.0008280730170000001,0.0346212472,2.61676663e-06,4.57670651e-07,0.0012755263,0.0803398466,2.61676663e-06,4.57670651e-07,2.4458182573318483
113,1679100600,1.90021474e-05,1.9002151000000002e-05,-0.005328627179999999,0.0427452449,0.018086786900000002,0.0034717514299999995,0.007151672369999999,0.00556785192,1.4855695700000002e-06,1.368107505e-05,5.578671300000001,16.7,1.0955596700000002e-06,1.5275983699999998e-06,9.66212687e-07,7.443870729999999e-07,5.73924903e-07,4.48477929e-07,3.8799450899999997e-07,3.4208660099999997e-07,7.232323499999999e-07,1.6808265699999998e-07,2.52346674e-06,85.4974138,47.67413260000001,3.2693474799999995e-10,9.20399365,0.00142463106,0.10010550200000001,2.55363511e-06,4.632449219999999e-07,0.00136338202,0.09006667780000001,2.55363511e-06,4.632449219999999e-07,0.0008421547139999999,0.0355014253,2.55363511e-06,4.632449219999999e-07,0.0012919905000000002,0.08161497609999999,2.55363511e-06,4.632449219999999e-07,2.4458378076553347
113,1679101200,1.97194169e-05,1.9719419499999996e-05,-0.00679570104,0.206798306,0.019671010399999998,0.0035230395799999994,0.007256021480000001,0.0056278185,1.9936094800000004e-06,1.69769574e-05,5.94405594,22.3,1.0456018100000002e-06,1.5680626200000002e-06,1.075168107e-06,8.100535729999999e-07,5.94028937e-07,4.784941380000001e-07,4.1990783299999993e-07,3.4984333500000004e-07,8.077770160000001e-07,1.7174296100000002e-07,2.53898751e-06,84.894232,47.107049,3.41535867e-10,9.199777450000001,0.0014561858299999998,0.1061954745,2.4826342299999996e-06,4.2574936099999997e-07,0.0014167447100000001,0.0988818915,2.4826342299999996e-06,4.2574936099999997e-07,0.000828852508,0.033822591900000004,2.4826342299999996e-06,4.2574936099999997e-07,0.00128195808,0.07993598530000001,2.4826342299999996e-06,4.2574936099999997e-07,2.4458553552627564
113,1679101800,1.95853574e-05,1.9585365700000003e-05,0.009444742560000002,0.3635925162,0.022713074,0.00351119285,0.00721767917,0.00562467197,1.8437416899999998e-06,1.6258418400000002e-05,5.83741254,25.4,1.09864619e-06,1.5394257400000002e-06,1.06487303e-06,8.671311389999999e-07,5.56757039e-07,4.86492028e-07,3.94327331e-07,3.38173985e-07,7.511386309999999e-07,1.69876096e-07,2.5257548399999997e-06,84.99796359999999,46.8841281,3.40393356e-10,9.199238099999999,0.00144710023,0.10474133299999999,2.49979992e-06,4.60772711e-07,0.00140928001,0.09793077550000001,2.49979992e-06,4.60772711e-07,0.0008562838289999999,0.036261589,2.49979992e-06,4.60772711e-07,0.0012864556099999999,0.0800788319,2.49979992e-06,4.60772711e-07,2.445833158493042
113,1679102400,1.96040848e-05,1.9604090899999998e-05,-0.012297904460000003,0.46210641290000004,0.020275844799999998,0.00350174963,0.00718853805,0.005601449850000001,2.41813577e-06,2.125313535e-05,5.783216739999999,24.3,1.09524125e-06,1.50087401e-06,1.072231895e-06,8.548285660000001e-07,6.25353791e-07,4.6854337999999996e-07,3.9121976e-07,3.40584662e-07,7.66180116e-07,1.7175599100000001e-07,2.5151575899999998e-06,84.9710415,47.0172238,3.4107128e-10,9.1998751,0.0014594498299999998,0.10903211139999999,2.6423914999999996e-06,4.4591039800000007e-07,0.0014052503500000002,0.0985108796,2.6423914999999996e-06,4.4591039800000007e-07,0.0008365707870000001,0.0348317133,2.6423914999999996e-06,4.4591039800000007e-07,0.00127752209,0.08000372800000001,2.6423914999999996e-06,4.4591039800000007e-07,2.4457436084747313
113,1679103000,1.89858797e-05,1.8985881999999998e-05,-0.0040128357,0.02159604375,0.0175739852,0.0034719315799999996,0.0071645449500000015,0.005566324249999999,1.36464494e-06,1.23022712e-05,5.659090900000001,18.8,1.0924832299999999e-06,1.5531847599999998e-06,9.701857820000001e-07,7.378817700000001e-07,5.65979083e-07,4.50760656e-07,3.88498856e-07,3.22148378e-07,7.23173134e-07,1.7028118199999999e-07,2.5183357999999995e-06,85.5594869,47.5822127,3.2720009e-10,9.2032149,0.00140947426,0.0976197416,2.4296629399999996e-06,4.49495242e-07,0.00138741009,0.09317641859999999,2.4296629399999996e-06,4.49495242e-07,0.0008551126480000001,0.0358251936,2.4296629399999996e-06,4.49495242e-07,0.0012910813,0.08057379310000001,2.4296629399999996e-06,4.49495242e-07,2.445667266845703
113,1679103600,1.8815026e-05,1.88150326e-05,0.003914440999999999,-0.002435983600000001,0.017197345999999995,0.0034624169999999998,0.007137236259999999,0.00556719611,1.2273128100000002e-06,1.1430398750000001e-05,5.36713284,15.4,1.10031446e-06,1.5405923299999998e-06,9.54558644e-07,7.07599092e-07,5.43732788e-07,4.3235597800000006e-07,3.75404978e-07,3.21185956e-07,7.212331900000001e-07,1.7455800999999998e-07,2.53595346e-06,85.7503779,47.9132102,3.2168214799999994e-10,9.2077595,0.00140191913,0.09570928050000001,2.6501671100000004e-06,4.5726748100000004e-07,0.00135565006,0.0893883073,2.6501671100000004e-06,4.5726748100000004e-07,0.000847869648,0.0355036504,2.6501671100000004e-06,4.5726748100000004e-07,0.0012987783500000003,0.08135870640000001,2.6501671100000004e-06,4.5726748100000004e-07,2.4457613229751587
113,1679104200,1.8607338e-05,1.86073436e-05,-0.008389352519,-0.01450752714,0.018069996999999997,0.00344352899,0.00707845837,0.00552694812,1.20578967e-06,1.112674765e-05,5.04370628,13.5,1.0872813e-06,1.5140205800000001e-06,9.37452027e-07,6.77147406e-07,5.404260960000001e-07,4.4962973399999997e-07,3.8103275199999994e-07,3.20182948e-07,7.19820609e-07,1.73304988e-07,2.50333081e-06,85.96226099999998,48.1144937,3.17651002e-10,9.20883865,0.0013947561900000001,0.09416208509999999,2.73050554e-06,4.773516600000001e-07,0.00135452464,0.0895285463,2.73050554e-06,4.773516600000001e-07,0.0008396559159999999,0.035371698300000004,2.73050554e-06,4.773516600000001e-07,0.00127870269,0.078896203,2.73050554e-06,4.773516600000001e-07,2.445696806907654
113,1679104800,2.2380396400000002e-05,2.23803992e-05,0.01816754952,2.97596379709,0.026841484399999997,0.00359184943,0.00733334801,0.0056898874099999995,9.09154235e-06,8.826208225e-05,6.594405470000001,36.2,1.13223627e-06,1.52943838e-06,1.038710273e-06,1.789200178e-06,9.06886166e-07,5.2108623e-07,4.1702109000000005e-07,3.51422196e-07,7.669847140000001e-07,1.7284626000000003e-07,2.56435005e-06,84.0834376,45.691572099999995,4.1985036200000004e-10,9.18249415,0.0015289931,0.16401886870000001,2.82798663e-06,5.02803217e-07,0.0014178499999999998,0.1091351709,2.82798663e-06,5.02803217e-07,0.000880247126,0.0387240167,2.82798663e-06,5.02803217e-07,0.00127653056,0.07995068390000001,2.82798663e-06,5.02803217e-07,2.445749568939209
113,1679105400,1.9222625899999997e-05,1.9222629300000002e-05,-0.00538599422,0.02179393692,0.0178307334,0.0034948302200000004,0.00720488759,0.0056163861499999995,1.39300387e-06,1.24867121e-05,5.61363633,16.5,1.0616060429999997e-06,1.5723253499999998e-06,9.98029357e-07,7.69820367e-07,5.88753803e-07,4.6262214499999994e-07,3.8310848799999996e-07,3.32755941e-07,7.297157839999998e-07,1.6887490499999998e-07,2.54366566e-06,85.4206939,47.502397200000004,3.3107794100000003e-10,9.203389900000001,0.0014367641099999999,0.1010070663,2.4201686699999998e-06,4.4656787099999996e-07,0.0014023017999999997,0.0953822456,2.4201686699999998e-06,4.4656787099999996e-07,0.00082589975,0.03407042650000001,2.4201686699999998e-06,4.4656787099999996e-07,0.00129361185,0.08139416190000001,2.4201686699999998e-06,4.4656787099999996e-07,2.44580614566803
113,1679106000,2.0827627500000002e-05,2.08276295e-05,-0.013815151780000002,1.6086003604600005,0.023832373400000002,0.0035591027899999996,0.0073233494,0.00568250937,4.13827811e-06,3.87805077e-05,6.562937129999999,30.3,1.12645861e-06,1.5740702199999999e-06,1.034259478e-06,1.2505424819999999e-06,6.961777949999999e-07,5.13125447e-07,4.17898032e-07,3.4443993100000005e-07,7.606880479999998e-07,1.71231831e-07,2.5249060899999996e-06,84.2210775,45.8903258,3.74380206e-10,9.1876537,0.0014932437,0.13042414319999998,2.7047751100000005e-06,4.6306836199999996e-07,0.00142687505,0.10480407480000001,2.7047751100000005e-06,4.6306836199999996e-07,0.000853575503,0.0360766445,2.7047751100000005e-06,4.6306836199999996e-07,0.0013032204800000001,0.0823905058,2.7047751100000005e-06,4.6306836199999996e-07,2.445727801322937
113,1679106600,1.87291609e-05,1.87291652e-05,-0.004449468820000001,0.014058799099999996,0.0179947288,0.0034510163600000006,0.00710816779,0.005536063150000001,1.2945137699999998e-06,1.170088405e-05,5.2902097800000005,13.9,1.10835141e-06,1.5260161500000002e-06,9.75164925e-07,6.743397030000001e-07,5.54505901e-07,4.401712619999999e-07,3.64503352e-07,3.27852236e-07,7.14167551e-07,1.7027943100000001e-07,2.5091869599999998e-06,85.8295271,47.8548885,3.2100427299999996e-10,9.20709345,0.00139233371,0.0944758655,2.6732096e-06,4.31023832e-07,0.0013801841199999997,0.092087371,2.6732096e-06,4.31023832e-07,0.000852102155,0.035242381899999994,2.6732096e-06,4.31023832e-07,0.0012855711000000001,0.08013590000000001,2.6732096e-06,4.31023832e-07,2.4457819938659666
113,1679107200,1.88910401e-05,1.8891042e-05,0.009883566647629998,0.0447148511,0.0186244873,0.00346311586,0.007169141639999999,0.005555360840000001,1.52396884e-06,1.45423082e-05,5.27972028,17.6,1.11741805e-06,1.48912128e-06,9.404246600000001e-07,7.52337073e-07,5.659844220000001e-07,4.4170154400000003e-07,3.8005829099999997e-07,3.28986591e-07,7.29410669e-07,1.7459015600000001e-07,2.5254391399999997e-06,85.78854709999999,47.9337367,3.23612873e-10,9.2071529,0.00141313995,0.0981199864,2.9425861e-06,4.918029700000001e-07,0.0013547701499999998,0.09022651540000001,2.9425861e-06,4.918029700000001e-07,0.000845931862,0.0357935695,2.9425861e-06,4.918029700000001e-07,0.00127941984,0.0798537384,2.9425861e-06,4.918029700000001e-07,2.445800232887268
113,1679107800,1.8832015900000004e-05,1.88320196e-05,0.0044448514699999995,0.00826329416,0.0178854756,0.00346311677,0.007151292259999999,0.00554466103,1.3038828299999999e-06,1.22065008e-05,5.37937054,15.1,1.0796277600000001e-06,1.56681989e-06,9.412503210000001e-07,6.93107012e-07,5.42666292e-07,4.6610090200000007e-07,3.702896e-07,3.2547852e-07,7.344816199999999e-07,1.7452861299999999e-07,2.5215920000000003e-06,85.64254229999999,47.901840400000005,3.2260669199999996e-10,9.2056718,0.0013974428300000002,0.095222791,2.90308564e-06,4.7073717299999995e-07,0.0013707420900000002,0.09066225889999999,2.90308564e-06,4.7073717299999995e-07,0.000832072333,0.034607377,2.90308564e-06,4.7073717299999995e-07,0.0012989768099999999,0.0818846584,2.90308564e-06,4.7073717299999995e-07,2.445761775970459
113,1679108400,1.95973681e-05,1.9597372299999998e-05,0.009601101315,0.17933710408,0.0201183101,0.0035140270299999997,0.007232726439999999,0.00562986594,2.23862915e-06,2.1406836799999998e-05,6.208041949999999,31.6,1.0528972740000002e-06,1.5499064499999999e-06,1.0411619439999999e-06,8.681272679999999e-07,6.13177362e-07,4.63718235e-07,4.06741869e-07,3.41540365e-07,7.56967344e-07,1.7168620199999998e-07,2.5327130700000005e-06,85.09727660000001,47.123673100000005,3.4092793399999994e-10,9.19827515,0.0014565304200000002,0.1077918731,2.6982704100000005e-06,4.7288736499999997e-07,0.0014033835000000002,0.0983096328,2.6982704100000005e-06,4.7288736499999997e-07,0.0008473353609999999,0.035764927,2.6982704100000005e-06,4.7288736499999997e-07,0.0012647154,0.0780350191,2.6982704100000005e-06,4.7288736499999997e-07,2.445700526237488
113,1679109000,2.02181556e-05,2.02181651e-05,0.020817547760000003,0.4097397749999999,0.024843939599999997,0.0035552576200000006,0.00732346306,0.00568720061,2.7337083200000003e-06,2.72250466e-05,6.53846152,38.4,1.0735488100000002e-06,1.56320677e-06,9.64960148e-07,9.362062329999999e-07,6.74987989e-07,5.5764512e-07,4.7433786699999994e-07,3.8710171999999996e-07,7.563507320000001e-07,1.7118109e-07,2.5495238999999998e-06,84.3551187,46.54998869999999,3.5425347200000003e-10,9.193493,0.00149853384,0.11751019200000001,2.3859881e-06,4.3523574000000003e-07,0.00141966179,0.0995827766,2.3859881e-06,4.3523574000000003e-07,0.0008292880969999999,0.034223837800000004,2.3859881e-06,4.3523574000000003e-07,0.0012697879299999998,0.07894367090000001,2.3859881e-06,4.3523574000000003e-07,2.4458059787750246
113,1679109600,1.92673594e-05,1.92673674e-05,0.0028765806399999997,0.247379731986,0.0206914971,0.0034911415100000003,0.00719832418,0.005596497000000001,2.12586816e-06,1.99626765e-05,5.49650355,22.1,1.1008100400000001e-06,1.52011028e-06,1.0094923760000001e-06,8.13792926e-07,6.126942440000001e-07,4.5759158400000004e-07,3.8273868900000006e-07,3.3745098800000003e-07,7.268118649999999e-07,1.6772341099999998e-07,2.50440428e-06,85.236122,47.126867399999995,3.34789924e-10,9.2005885,0.0014389235800000002,0.10423443560000001,2.92691729e-06,4.6248770300000004e-07,0.0013743848900000001,0.09439994010000001,2.92691729e-06,4.6248770300000004e-07,0.0008370117909999999,0.0350454251,2.92691729e-06,4.6248770300000004e-07,0.0012942311300000002,0.0814912415,2.92691729e-06,4.6248770300000004e-07,2.4457960605621336
113,1679110200,2.01243695e-05,2.0124371999999997e-05,-0.011474325660000001,0.6373324384600001,0.021692230099999998,0.00353633919,0.0072997402600000014,0.00565783666,2.91879928e-06,2.5439077849999997e-05,6.44405589,31.8,1.10719217e-06,1.5732085299999998e-06,1.0843425060000002e-06,9.61434437e-07,6.47038207e-07,5.01334889e-07,4.19114227e-07,3.47463686e-07,7.43398078e-07,1.71551911e-07,2.50607715e-06,84.4567092,46.149082,3.56095445e-10,9.19174935,0.0014736418199999997,0.11406628540000001,2.5575064699999996e-06,4.61626693e-07,0.00142454682,0.10465662359999998,2.5575064699999996e-06,4.61626693e-07,0.0008594816970000001,0.0365102861,2.5575064699999996e-06,4.61626693e-07,0.00127762278,0.0800482527,2.5575064699999996e-06,4.61626693e-07,2.445874500274658
113,1679110800,1.9155011000000002e-05,1.91550174e-05,-0.006023496539999999,0.08536586523999999,0.018746799499999998,0.00348657338,0.0071819299900000005,0.00557872427,1.5369059099999997e-06,1.4487291899999997e-05,5.62762238,18.7,1.12896838e-06,1.56757726e-06,9.82964821e-07,7.663496670000001e-07,5.67794664e-07,4.54836744e-07,3.85113516e-07,3.2459259e-07,7.20187477e-07,1.69054751e-07,2.5100100800000003e-06,85.3348776,47.1434552,3.3193808e-10,9.20195075,0.00141433512,0.0987816528,2.4419481799999997e-06,4.4216955700000003e-07,0.00138746962,0.0942358971,2.4419481799999997e-06,4.4216955700000003e-07,0.000855420212,0.0358529194,2.4419481799999997e-06,4.4216955700000003e-07,0.0013101310300000003,0.082948717,2.4419481799999997e-06,4.4216955700000003e-07,2.445856237411499
113,1679111400,2.03023125e-05,2.0302317699999998e-05,-0.003688849529999999,0.43788034797000003,0.0225222184,0.0035640651100000004,0.007352339899999999,0.00569694478,3.07002242e-06,2.7872856e-05,6.5209790100000005,42.3,1.11638609e-06,1.5567955e-06,1.172740545e-06,9.58507774e-07,6.60412963e-07,4.77506775e-07,4.14455146e-07,3.50274308e-07,7.43553706e-07,1.7241155199999999e-07,2.52808893e-06,84.19697959999999,45.9045381,3.5819829499999997e-10,9.1916999,0.0014862698899999998,0.1141422745,2.64732163e-06,4.77485275e-07,0.00144506546,0.106570121,2.64732163e-06,4.77485275e-07,0.0008448268159999999,0.0357346757,2.64732163e-06,4.77485275e-07,0.0012998807499999998,0.08187211900000001,2.64732163e-06,4.77485275e-07,2.4457033395767214
113,1679112000,2.27876757e-05,2.27876786e-05,-0.0028671691,1.057037293,0.0274571361,0.0037274694900000004,0.007711965870000001,0.00594454785,5.29820394e-06,4.7594034800000005e-05,8.96328672,67.8,1.0954755700000002e-06,1.5966263999999997e-06,1.30153948e-06,1.583870433e-06,8.669089389999999e-07,5.69956725e-07,4.5759637699999995e-07,3.98904248e-07,8.048165050000001e-07,1.72488814e-07,2.5455859200000004e-06,82.23187240000001,43.4442791,4.1794137599999997e-10,9.1695717,0.00166223991,0.15595893,2.6102246500000003e-06,4.4092976299999995e-07,0.0015257224000000001,0.1246509928,2.6102246500000003e-06,4.4092976299999995e-07,0.000857958143,0.0359461383,2.6102246500000003e-06,4.4092976299999995e-07,0.00129787067,0.08210301650000001,2.6102246500000003e-06,4.4092976299999995e-07,2.4458109378814696
113,1679112600,2.10608274e-05,2.10608309e-05,-0.00823421035,0.6420942442,0.023048582399999996,0.0036051739799999997,0.0074280625599999995,0.00575323012,3.599447840000001e-06,2.9106975699999997e-05,7.339160770000001,40.7,1.042161765e-06,1.56200983e-06,1.1579977499999999e-06,1.1686897820000001e-06,7.802352449999999e-07,5.43009996e-07,4.35968541e-07,3.6329635900000006e-07,7.75759037e-07,1.68317873e-07,2.53293157e-06,83.7596635,45.5948947,3.76309887e-10,9.1858258,0.0015592456500000001,0.13371524770000004,2.39306456e-06,4.2121038399999996e-07,0.00145940721,0.10868098000000001,2.39306456e-06,4.2121038399999996e-07,0.0008187889020000001,0.032847816300000006,2.39306456e-06,4.2121038399999996e-07,0.00127993039,0.0801344414,2.39306456e-06,4.2121038399999996e-07,2.445852255821228
113,1679113200,2.09531244e-05,2.09531291e-05,0.004425004389999999,0.7132253377000001,0.023885561700000002,0.00359625815,0.007416455020000001,0.00574183865,3.5801385799999996e-06,3.45460221e-05,7.218531400000001,39.3,1.0594330800000001e-06,1.55060496e-06,1.183674861e-06,1.204816272e-06,7.31829177e-07,5.21214635e-07,4.40132315e-07,3.47351479e-07,7.54537422e-07,1.68761578e-07,2.5141735600000002e-06,83.81870850000001,45.5063244,3.7583754899999997e-10,9.185922000000001,0.0015584092899999999,0.1339989774,2.76125461e-06,4.45651808e-07,0.00145542068,0.1085552925,2.76125461e-06,4.45651808e-07,0.0008331773710000001,0.0348585573,2.76125461e-06,4.45651808e-07,0.00127907142,0.0799329422,2.76125461e-06,4.45651808e-07,2.4458359718322753
113,1679113800,2.0500072999999997e-05,2.0500075999999998e-05,-0.0019543982555000005,0.32513583970000004,0.0219732173,0.00358153576,0.007389719510000001,0.0057272428799999995,2.74909864e-06,2.4721579999999996e-05,6.84265737,34.1,1.08082644e-06,1.5318505700000002e-06,1.16941673e-06,1.050267208e-06,6.82330375e-07,4.85173052e-07,4.1971645999999997e-07,3.46530012e-07,7.76021124e-07,1.6994717e-07,2.53792409e-06,84.1992935,45.9020644,3.6239802800000003e-10,9.190024050000002,0.0015348510999999999,0.12320791360000001,2.7107917e-06,4.7386188e-07,0.00144109524,0.1056895266,2.7107917e-06,4.7386188e-07,0.000841230733,0.0355371082,2.7107917e-06,4.7386188e-07,0.00127629576,0.07882712380000001,2.7107917e-06,4.7386188e-07,2.4458418607711794
113,1679114400,1.94936018e-05,1.94936053e-05,0.002898807600000001,0.1387263225,0.020578005,0.00350903498,0.00722948882,0.0056167479999999995,1.8637694199999999e-06,1.787239635e-05,5.8583916,25.7,1.100650517e-06,1.54621793e-06,1.037788304e-06,8.50843284e-07,6.06658425e-07,4.6391436899999994e-07,3.84522408e-07,3.35861142e-07,7.355848909999999e-07,1.7184048e-07,2.51287648e-06,85.2541433,46.969308,3.39670796e-10,9.1992896,0.00145739821,0.106340507,2.70780952e-06,4.7385007799999994e-07,0.0014045862400000001,0.0980614465,2.70780952e-06,4.7385007799999994e-07,0.0008537597879999999,0.0364131611,2.70780952e-06,4.7385007799999994e-07,0.0012885619299999999,0.0802221118,2.70780952e-06,4.7385007799999994e-07,2.445885252952576
113,1679115000,2.3189241800000003e-05,2.31892447e-05,-0.007353716000000005,1.5508934723999999,0.029860694200000003,0.0037387676199999997,0.007684915539999999,0.005925882289999999,5.88466356e-06,4.77280089e-05,9.18356655,58.9,1.1058774599999998e-06,1.5049212699999998e-06,1.3195651200000001e-06,1.39483155e-06,1.066209129e-06,7.34422493e-07,5.235703069999999e-07,4.11529291e-07,8.2374553e-07,1.76074362e-07,2.5338415599999998e-06,82.1577158,43.622241700000004,4.2925255199999997e-10,9.1657831,0.0016946468499999998,0.1693727164,2.75199607e-06,4.6682516600000005e-07,0.00149229779,0.11884530919999998,2.75199607e-06,4.6682516600000005e-07,0.000850816452,0.0355649647,2.75199607e-06,4.6682516600000005e-07,0.0012801317500000001,0.0792065969,2.75199607e-06,4.6682516600000005e-07,2.4458575010299684
113,1679115600,1.95340787e-05,1.9534082100000002e-05,0.005969580979999998,0.10612402679999997,0.0197625377,0.0035130946,0.00724694229,0.0056371508800000004,1.8187055900000002e-06,1.5257313450000002e-05,5.98076921,21.7,1.0952592e-06,1.57719746e-06,9.977378450000002e-07,7.504534729999999e-07,6.54199207e-07,5.431652420000001e-07,4.15229614e-07,3.27636391e-07,7.33220739e-07,1.67859759e-07,2.5050440900000002e-06,84.97172690000001,46.8463237,3.41376654e-10,9.1963347,0.00146238712,0.10843474489999998,2.80388433e-06,4.764083639999999e-07,0.00139998572,0.0951957499,2.80388433e-06,4.764083639999999e-07,0.0008450643230000001,0.0358893904,2.80388433e-06,4.764083639999999e-07,0.0012962049199999998,0.08168862800000001,2.80388433e-06,4.764083639999999e-07,2.44583113193512
113,1679116200,2.2213221800000003e-05,2.22132266e-05,-0.011296217560000002,1.2877195436559998,0.025601952500000004,0.00365740041,0.00748671484,0.005810926430000001,5.3191243299999996e-06,4.234529114999999e-05,7.926573619999999,49.7,1.07504733e-06,1.5679444000000002e-06,1.280239046e-06,1.5663397389999998e-06,8.192478329999999e-07,5.64461826e-07,4.17353941e-07,3.61284532e-07,7.514570929999999e-07,1.70718622e-07,2.5324939e-06,82.9979792,44.2346132,4.0948490300000006e-10,9.1738978,0.0015994391,0.15129674060000003,2.17322403e-06,4.0682506400000004e-07,0.00148711179,0.12157642979999998,2.17322403e-06,4.0682506400000004e-07,0.000833215526,0.034035620100000004,2.17322403e-06,4.0682506400000004e-07,0.00130787335,0.08267969839999999,2.17322403e-06,4.0682506400000004e-07,2.445780897140503
113,1679116800,1.98100296e-05,1.98100336e-05,-0.013638397289999998,0.15151816523,0.0207364497,0.00353521975,0.007273909720000001,0.005657605099999999,2.01628364e-06,1.8817366049999997e-05,6.07692313,25.6,1.04449144e-06,1.5388628299999998e-06,1.1091465699999998e-06,8.556046270000001e-07,6.628792510000001e-07,5.07373919e-07,4.10025723e-07,3.45657026e-07,7.44197674e-07,1.7061783e-07,2.5161258500000003e-06,84.7200751,46.7388916,3.4539979e-10,9.196576099999998,0.0014783217199999998,0.11197327450000001,2.4570625100000003e-06,4.4070612000000004e-07,0.00143879128,0.103050051,2.4570625100000003e-06,4.4070612000000004e-07,0.0008406858290000001,0.0346176567,2.4570625100000003e-06,4.4070612000000004e-07,0.00125819771,0.07628431620000001,2.4570625100000003e-06,4.4070612000000004e-07,2.445888948440552
113,1679117400,1.8859277700000003e-05,1.8859280900000004e-05,-0.00451321903,-0.012021961800000003,0.0179094226,0.0034679876500000005,0.007130474539999999,0.0055776952400000005,1.28690419e-06,1.1581382349999999e-05,5.23776225,14.5,1.0960656100000002e-06,1.5558256800000002e-06,9.437547019999999e-07,7.29767618e-07,5.55629563e-07,4.3835297399999994e-07,3.871344e-07,3.2056397600000003e-07,7.13660479e-07,1.72886246e-07,2.51592541e-06,85.765513,47.7822821,3.2339194999999996e-10,9.2064336,0.00140872927,0.09665642830000001,2.80433132e-06,4.6003388300000003e-07,0.00137845102,0.0919837405,2.80433132e-06,4.6003388300000003e-07,0.0008384794769999999,0.0349844785,2.80433132e-06,4.6003388300000003e-07,0.0012861369900000002,0.0810391976,2.80433132e-06,4.6003388300000003e-07,2.445809769630432
113,1679118000,1.94052286e-05,1.94052342e-05,0.00800544547,0.29456716636,0.0193192215,0.0034983093100000003,0.0072128312099999994,0.00559913194,2.0046672600000003e-06,1.871724475e-05,5.74125868,21.8,1.0567832300000001e-06,1.51092531e-06,1.0424168e-06,8.74165861e-07,6.1887244e-07,4.56376334e-07,3.9105682500000003e-07,3.2863810499999997e-07,7.291747349999999e-07,1.70901321e-07,2.52325903e-06,85.2873972,47.286857499999996,3.3646516899999997e-10,9.200965150000002,0.0014521284,0.1083951466,2.53544149e-06,4.4481243400000007e-07,0.0014018627400000001,0.0960751471,2.53544149e-06,4.4481243400000007e-07,0.00082117396,0.033708510000000004,2.53544149e-06,4.4481243400000007e-07,0.0012856360100000001,0.0797625146,2.53544149e-06,4.4481243400000007e-07,2.4458935976028444
113,1679118600,2.1372452999999997e-05,2.13724586e-05,0.011010214090000001,0.71488430087,0.0240772048,0.0036241963700000004,0.007460161419999998,0.00579047854,3.90483025e-06,3.49052171e-05,7.62237783,42.7,1.10230645e-06,1.60055701e-06,1.378746895e-06,1.157671845e-06,6.980973369999999e-07,4.83493883e-07,4.2869407299999996e-07,3.58236383e-07,7.762700730000001e-07,1.7204418899999997e-07,2.530077e-06,83.7290645,45.2040511,3.8679977899999995e-10,9.1821817,0.00152802271,0.128673567,2.57501585e-06,4.6362934599999993e-07,0.00150591466,0.12135991240000002,2.57501585e-06,4.6362934599999993e-07,0.000862035183,0.036893824299999996,2.57501585e-06,4.6362934599999993e-07,0.00129089331,0.0803121958,2.57501585e-06,4.6362934599999993e-07,2.4458306550979616
113,1679119200,1.99816601e-05,1.99816671e-05,0.00535165736,0.27145667304000004,0.020685127699999997,0.00354059505,0.00729901649,0.00566197776,2.31810796e-06,2.0398419550000004e-05,6.22377613,29.4,1.0846117e-06,1.5981530400000001e-06,1.13170716e-06,9.40504135e-07,6.30205264e-07,4.60775681e-07,4.0070750799999995e-07,3.4344581199999997e-07,7.273850080000001e-07,1.7142442299999999e-07,2.50182518e-06,84.6086354,46.2006462,3.51899824e-10,9.19499115,0.00146336128,0.11074635099999999,2.81643662e-06,4.847269580000001e-07,0.00145935969,0.10736671640000002,2.81643662e-06,4.847269580000001e-07,0.0008521700760000001,0.0360524856,2.81643662e-06,4.847269580000001e-07,0.00128796346,0.0799995054,2.81643662e-06,4.847269580000001e-07,2.4459203243255616
113,1679119800,2.0369021499999996e-05,2.0369023899999995e-05,0.021465348960000002,0.723683450267,0.024170773,0.003551957570000001,0.007317873670000001,0.0056749090399999995,3.86286083e-06,3.64411495e-05,6.73951055,43.4,1.081986616e-06,1.5300169200000001e-06,1.1756343940000003e-06,1.0825437149999997e-06,6.772195790000001e-07,4.87760992e-07,3.91807931e-07,3.46137267e-07,7.34715648e-07,1.70344658e-07,2.50627094e-06,84.27896659999999,45.79144720000001,3.6192013399999996e-10,9.188693,0.0015020836199999999,0.1228420142,2.35053268e-06,4.2644499000000005e-07,0.00143893331,0.10670221850000002,2.35053268e-06,4.2644499000000005e-07,0.0008479245980000001,0.0356700518,2.35053268e-06,4.2644499000000005e-07,0.00128538064,0.0802523412,2.35053268e-06,4.2644499000000005e-07,2.4457908630371095
113,1679120400,1.91714189e-05,1.91714238e-05,0.00045879339000000065,0.11622043852699997,0.0190111979,0.0034856036700000002,0.00716449218,0.00560007499,1.6688123e-06,1.4263659049999999e-05,5.52097893,21.7,1.101311895e-06,1.5295810500000002e-06,9.96812956e-07,7.862641079999999e-07,5.81640496e-07,4.6281473099999996e-07,3.8491179900000004e-07,3.3620758700000005e-07,7.181433939999999e-07,1.7071922400000003e-07,2.51726249e-06,85.34033559999999,47.328405100000005,3.31291883e-10,9.202824799999998,0.00143438016,0.10317858269999998,2.61837438e-06,4.6505813999999993e-07,0.0013816014000000002,0.09306102499999999,2.61837438e-06,4.6505813999999993e-07,0.000855833987,0.036443024500000004,2.61837438e-06,4.6505813999999993e-07,0.00127965218,0.07941647699999999,2.61837438e-06,4.6505813999999993e-07,2.4458704471588133
113,1679121000,2.1214726400000003e-05,2.1214733800000002e-05,0.008382903439999999,0.2708905789,0.0227533745,0.00363612407,0.007501375689999999,0.005826332830000001,2.7502620399999997e-06,2.21713749e-05,7.557692479999998,32.2,1.0863551099999999e-06,1.5488854199999997e-06,1.2598416e-06,9.84641522e-07,7.112637649999999e-07,5.91898921e-07,5.28144432e-07,4.0372203600000004e-07,7.86538904e-07,1.7121509500000002e-07,2.53476539e-06,83.6577125,45.6267315,3.78659934e-10,9.186023249999998,0.0015724640699999997,0.130707682,2.4756281099999998e-06,4.523421079999999e-07,0.0014700362799999998,0.10962886609999997,2.4756281099999998e-06,4.523421079999999e-07,0.0008349699490000001,0.0347910432,2.4756281099999998e-06,4.523421079999999e-07,0.0012741190200000001,0.07940580789999999,2.4756281099999998e-06,4.523421079999999e-07,2.4458242416381837
113,1679121600,2.31372583e-05,2.31372609e-05,-0.02500409649,0.9027280976999998,0.0247095169,0.0037147656399999993,0.007652241160000001,0.0058973974000000005,5.09221876e-06,3.89228643e-05,9.061188759999999,51.1,1.0961427900000002e-06,1.55725713e-06,1.2288362600000002e-06,2.038897637e-06,8.743169359999999e-07,5.41125013e-07,4.320165279999999e-07,3.5180898200000004e-07,7.6127057e-07,1.70935522e-07,2.5159787199999996e-06,83.0516221,44.090092500000004,4.39679328e-10,9.1682366,0.0016497219700000003,0.17009075299999996,2.68221032e-06,4.5471442999999995e-07,0.00152360982,0.1293670388,2.68221032e-06,4.5471442999999995e-07,0.0008320454220000001,0.034405266100000005,2.68221032e-06,4.5471442999999995e-07,0.00129025327,0.0804953064,2.68221032e-06,4.5471442999999995e-07,2.445890188217163
113,1679122200,1.92152942e-05,1.92152966e-05,3.7396799999997106e-06,0.21209258491000002,0.019811373499999996,0.0034822204299999994,0.007167264129999999,0.0055801939100000005,2.2178907300000004e-06,2.248135255e-05,5.7779720900000004,26.0,1.057887033e-06,1.54083472e-06,1.023874054e-06,8.204356060000001e-07,5.81758135e-07,4.4441860600000003e-07,3.8820790999999994e-07,3.32073914e-07,7.22683246e-07,1.69208218e-07,2.52621062e-06,85.2673746,47.357323900000004,3.32233535e-10,9.201587400000001,0.0014325178100000001,0.10389093950000002,2.34342558e-06,4.338923499999999e-07,0.00139163696,0.0957224565,2.34342558e-06,4.338923499999999e-07,0.0008280033769999999,0.0338449316,2.34342558e-06,4.338923499999999e-07,0.00128072357,0.0797780171,2.34342558e-06,4.338923499999999e-07,2.4457297325134277
113,1679122800,1.9731115e-05,1.9731122699999996e-05,0.00721881593,0.16419051101999999,0.0190145783,0.00352860962,0.00727864497,0.005646168469999999,2.14396447e-06,2.01420412e-05,6.15209786,24.7,1.12255668e-06,1.5564060799999999e-06,1.105933604e-06,8.43924312e-07,6.115070069999999e-07,4.77182531e-07,3.94329194e-07,3.3512477899999997e-07,7.314583620000001e-07,1.7021668099999998e-07,2.51688194e-06,84.8786235,46.6012978,3.44587745e-10,9.198704,0.0014557907200000002,0.10600998999999997,2.70792973e-06,4.65944057e-07,0.00143876149,0.10408767329999999,2.70792973e-06,4.65944057e-07,0.0008430932529999999,0.0355279269,2.70792973e-06,4.65944057e-07,0.0012952534999999999,0.0823064932,2.70792973e-06,4.65944057e-07,2.445824718475342
113,1679123400,1.9596927299999997e-05,1.9596934199999998e-05,0.00016161739000000088,0.44749079514999995,0.0208899864,0.00350190009,0.00722418717,0.005602509469999999,2.7867004599999995e-06,2.47372389e-05,6.01223782,31.6,9.9226443e-07,1.5103008700000002e-06,1.0798257e-06,9.825366310000001e-07,5.87670424e-07,4.67053025e-07,3.8209629900000003e-07,3.51738823e-07,7.54064386e-07,1.72809802e-07,2.51806761e-06,84.9323097,47.0637491,3.40038977e-10,9.199977149999999,0.0014625664099999999,0.11064682550000002,2.36515123e-06,3.97613379e-07,0.00142232092,0.1020790646,2.36515123e-06,3.97613379e-07,0.0008059402990000001,0.0320818316,2.36515123e-06,3.97613379e-07,0.0012520188,0.07622118950000001,2.36515123e-06,3.97613379e-07,2.4458356142044066
113,1679124000,1.94074509e-05,1.94074539e-05,-0.0044041498899999995,0.0714718863,0.018811227800000004,0.0035072437499999998,0.00721797832,0.005634501070000001,1.52658631e-06,1.4904322350000005e-05,5.8513985900000005,18.5,1.0798034760000001e-06,1.56784476e-06,1.01520193e-06,7.815868150000001e-07,5.99558713e-07,4.6961567e-07,3.8992756899999997e-07,3.41692337e-07,7.321505429999999e-07,1.7568109400000002e-07,2.55064931e-06,85.2164326,47.30163220000001,3.3541159500000006e-10,9.201813750000001,0.00143931343,0.10242934559999999,2.7668222899999997e-06,4.70983539e-07,0.00140753048,0.09710203120000001,2.7668222899999997e-06,4.70983539e-07,0.0008294057060000001,0.03448941839999999,2.7668222899999997e-06,4.70983539e-07,0.00129406534,0.08083680950000001,2.7668222899999997e-06,4.70983539e-07,2.445830202102661
113,1679124600,1.9012591899999998e-05,1.9012598899999997e-05,0.0074023045,0.0033067144,0.018459050499999997,0.003478569,0.00718001142,0.005590484790000001,1.3459929299999999e-06,1.221398735e-05,5.2954545799999995,14.8,1.05606527e-06,1.5628837e-06,9.838452809999998e-07,7.222080880000001e-07,5.86088383e-07,4.6105789799999997e-07,3.9017910299999994e-07,3.30220789e-07,7.25204227e-07,1.7175576299999998e-07,2.51674138e-06,85.4414694,47.557352599999994,3.26965396e-10,9.20380065,0.0014318795499999998,0.10033443130000001,2.5090453999999996e-06,4.489320550000001e-07,0.00139244838,0.09479323049999999,2.5090453999999996e-06,4.489320550000001e-07,0.0008342318350000001,0.0343659708,2.5090453999999996e-06,4.489320550000001e-07,0.00126536793,0.0781745221,2.5090453999999996e-06,4.489320550000001e-07,2.4457900762557983
113,1679125200,1.96738063e-05,1.9673815099999997e-05,-0.0029894036600000016,0.3102983498,0.0205087391,0.00352378873,0.007245158360000001,0.005637648219999999,2.2246603399999998e-06,2.100338875e-05,5.963286630000001,25.0,1.10575917e-06,1.5423277999999999e-06,1.0349054000000001e-06,8.82028722e-07,6.41885503e-07,4.71206835e-07,3.9348358500000003e-07,3.39598496e-07,7.33823797e-07,1.7177262200000002e-07,2.5199757e-06,84.9432201,46.7697257,3.43567324e-10,9.1976847,0.00146196362,0.10882806199999999,2.8463826500000003e-06,4.86715805e-07,0.0014086492899999998,0.0991066186,2.8463826500000003e-06,4.86715805e-07,0.000843328682,0.035728279300000006,2.8463826500000003e-06,4.86715805e-07,0.00128378334,0.080405439,2.8463826500000003e-06,4.86715805e-07,2.4458181381225588
113,1679125800,1.9102669099999996e-05,1.91026722e-05,-0.000485694276,0.021445169085000004,0.0188190008,0.0034871382699999997,0.007167757449999999,0.0056089150600000005,1.47398037e-06,1.3546516149999998e-05,5.3566433799999995,18.0,1.09398929e-06,1.49301491e-06,1.01203176e-06,7.52778294e-07,5.82513945e-07,4.54727916e-07,3.9649820099999997e-07,3.3500307e-07,7.34392991e-07,1.71337426e-07,2.52498567e-06,85.46855990000002,47.61664,3.28819817e-10,9.203020450000002,0.00142139646,0.10007390899999999,2.26551994e-06,4.31157103e-07,0.0013949555500000002,0.09490008050000001,2.26551994e-06,4.31157103e-07,0.000837718751,0.0344997714,2.26551994e-06,4.31157103e-07,0.0012677529599999999,0.0792638139,2.26551994e-06,4.31157103e-07,2.445779013633728
113,1679126400,1.9354483899999997e-05,1.93544888e-05,-0.014036237148549999,0.43686802017000004,0.0215575916,0.0034854730000000007,0.00714338696,0.005576748269999999,2.29299753e-06,2.0851247200000003e-05,5.82167821,24.7,1.0667154200000001e-06,1.4957408300000002e-06,1.0263510460000001e-06,8.851967290000001e-07,6.03649286e-07,4.62096821e-07,3.8230815199999995e-07,3.37027854e-07,7.19447192e-07,1.717325e-07,2.5269435999999997e-06,85.19666199999999,47.22553370000001,3.36302953e-10,9.19977935,0.00143849773,0.10639808749999999,2.4070677099999998e-06,4.46906473e-07,0.00139219009,0.09691631040000001,2.4070677099999998e-06,4.46906473e-07,0.0008309551489999999,0.0341198325,2.4070677099999998e-06,4.46906473e-07,0.00128050314,0.07974499609999999,2.4070677099999998e-06,4.46906473e-07,2.4458253622055053
113,1679127000,2.02192271e-05,2.0219231400000002e-05,-0.006576082400000001,0.7722300441099998,0.0221584854,0.00353986331,0.0072901993099999994,0.00567074507,3.32714545e-06,2.91366582e-05,6.697552499999999,36.7,1.08152245e-06,1.5432724600000002e-06,1.190568344e-06,9.93660685e-07,6.530536689999999e-07,4.87594575e-07,4.0152535e-07,3.3296147600000005e-07,7.248177230000001e-07,1.7414913999999998e-07,2.52645206e-06,84.693816,46.3849111,3.5776885e-10,9.1939312,0.0014802881599999998,0.1180374,2.237928e-06,4.32554129e-07,0.0014201758,0.1051280875,2.237928e-06,4.32554129e-07,0.0008446111569999999,0.03561373250000001,2.237928e-06,4.32554129e-07,0.00129051828,0.0813889353,2.237928e-06,4.32554129e-07,2.4458107709884644
113,1679127600,1.91341646e-05,1.9134167999999996e-05,-0.0089335296,0.15568534890000002,0.018730880599999996,0.0034754815900000006,0.007144259070000001,0.005572477639999999,1.8242190799999998e-06,1.637983895e-05,5.71328656,23.9,1.12123328e-06,1.5172770300000002e-06,9.7229382e-07,7.685299490000001e-07,6.0698173e-07,4.74515372e-07,3.72532537e-07,3.2687573900000003e-07,7.129423909999999e-07,1.70217519e-07,2.52366283e-06,85.38447350000001,47.3534178,3.31087977e-10,9.20238955,0.00142930877,0.1034044324,3.01404602e-06,4.9248755e-07,0.00136439325,0.09106954619999999,3.01404602e-06,4.9248755e-07,0.0008478670970000001,0.0358138781,3.01404602e-06,4.9248755e-07,0.00129383652,0.08101729490000001,3.01404602e-06,4.9248755e-07,2.4458867788314818
113,1679128200,1.9955629200000002e-05,1.9955634800000002e-05,-0.004827739056999998,0.20935297375999995,0.0199494683,0.0035355812800000005,0.00731489045,0.00567805799,2.0296200100000004e-06,1.62454536e-05,6.608391589999999,24.3,1.1493779400000002e-06,1.51251283e-06,1.03208577e-06,8.954525940000001e-07,6.28518144e-07,4.99418454e-07,4.31945647e-07,3.5340722400000003e-07,7.523882e-07,1.68593083e-07,2.5541036700000002e-06,84.6712866,46.724819399999994,3.483883e-10,9.1974459,0.00147340976,0.11333212369999998,2.82006297e-06,5.074633020000001e-07,0.00138538517,0.0949294117,2.82006297e-06,5.074633020000001e-07,0.0008916519940000001,0.038939295500000005,2.82006297e-06,5.074633020000001e-07,0.00127569363,0.0799146946,2.82006297e-06,5.074633020000001e-07,2.4458444833755495
113,1679128800,1.91184583e-05,1.91184625e-05,0.011842068310000002,0.37911094766,0.0220988146,0.00347703587,0.007175643380000001,0.00557982774,1.72621445e-06,1.7017726150000003e-05,5.58216773,20.7,1.0709389800000001e-06,1.5065525199999998e-06,9.85852984e-07,7.7136923e-07,5.825062419999999e-07,4.64226131e-07,4.0511823299999996e-07,3.4103150400000003e-07,7.22974996e-07,1.70352383e-07,2.5382704300000004e-06,85.48796580000001,47.7319746,3.28676502e-10,9.2039066,0.00142704754,0.10044355190000001,2.68486274e-06,4.5635532600000003e-07,0.0013941202799999997,0.09477164660000001,2.68486274e-06,4.5635532600000003e-07,0.0008259318750000001,0.0339791754,2.68486274e-06,4.5635532600000003e-07,0.00127012676,0.0781455164,2.68486274e-06,4.5635532600000003e-07,2.4457303285598755
113,1679129400,1.97143139e-05,1.9714315499999998e-05,0.00344580509,0.4256714182,0.0207207429,0.00351639257,0.00725269875,0.0056366355899999995,2.4319697500000003e-06,2.3927445999999996e-05,5.940559349999999,24.8,1.1147313439999999e-06,1.5251514e-06,1.03137241e-06,9.455698720000001e-07,5.810128139999999e-07,4.939087580000001e-07,3.97039625e-07,3.35243926e-07,7.39811577e-07,1.7256323700000002e-07,2.52067569e-06,84.9669116,46.832259699999994,3.45131857e-10,9.1967124,0.0014521097700000002,0.10985440760000001,2.4726244900000004e-06,4.739899870000001e-07,0.00141606362,0.0997225951,2.4726244900000004e-06,4.739899870000001e-07,0.0008615118919999999,0.036846197299999994,2.4726244900000004e-06,4.739899870000001e-07,0.00126850763,0.0784646028,2.4726244900000004e-06,4.739899870000001e-07,2.4457709789276123
113,1679130000,1.9154457700000005e-05,1.91544585e-05,0.009693631650000001,0.08783416355,0.019237828000000002,0.0034831265,0.007214753680000001,0.00560111363,1.6568060600000001e-06,1.4980980199999998e-05,5.58391607,20.3,1.102347437e-06,1.54601844e-06,1.024947746e-06,7.645731060000001e-07,5.56554346e-07,4.527939729999999e-07,3.8651015499999996e-07,3.3857767200000003e-07,7.22092231e-07,1.6949774199999996e-07,2.5132853200000003e-06,85.2525552,47.1984279,3.3085388600000003e-10,9.202263449999998,0.00142302874,0.1003446962,2.4169675799999996e-06,4.57855788e-07,0.0013965848,0.0953155168,2.4169675799999996e-06,4.57855788e-07,0.0008559285960000002,0.036446305899999996,2.4169675799999996e-06,4.57855788e-07,0.00128004444,0.07972753360000001,2.4169675799999996e-06,4.57855788e-07,2.445757818222046
113,1679130600,2.01109224e-05,2.01109251e-05,-0.0033065312599999995,0.5143029292,0.0220002125,0.0035333368399999994,0.007252620409999999,0.00565700818,3.12411381e-06,2.9457358399999995e-05,6.5839159899999995,37.8,1.05051298e-06,1.57808554e-06,1.0732633840000001e-06,9.459299870000002e-07,7.105337520000001e-07,4.863001120000001e-07,3.9086106900000006e-07,3.63403487e-07,7.50705961e-07,1.69150489e-07,2.5366636000000003e-06,84.6769319,46.547367,3.5346833000000003e-10,9.1947236,0.00147808051,0.1180199032,2.55903337e-06,4.4325846099999994e-07,0.00140281609,0.0993777951,2.55903337e-06,4.4325846099999994e-07,0.000849026661,0.034946920699999995,2.55903337e-06,4.4325846099999994e-07,0.0012893983900000002,0.08101146,2.55903337e-06,4.4325846099999994e-07,2.4457447290420533
113,1679131200,2.13902621e-05,2.1390268e-05,0.00812904214,0.6667130156,0.0240850211,0.00363620406,0.00751030981,0.00578718935,4.150637279999999e-06,3.52646711e-05,7.517482510000001,53.5,1.10159696e-06,1.57379178e-06,1.2026495399999999e-06,1.241131486e-06,7.186359109999999e-07,5.337420149999999e-07,4.3192460700000005e-07,3.77106734e-07,7.97840038e-07,1.72761685e-07,2.5438976e-06,83.380144,44.968174399999995,3.8292986800000004e-10,9.183308899999998,0.0015603645,0.1336232845,2.58719816e-06,4.61879116e-07,0.00146589367,0.1104236104,2.58719816e-06,4.61879116e-07,0.000866681805,0.0368449568,2.58719816e-06,4.61879116e-07,0.00130357588,0.08223651509999999,2.58719816e-06,4.61879116e-07,2.4458057403564455
113,1679131800,2.00958281e-05,2.0095831700000004e-05,0.009277251430000003,0.4744540181,0.022637970700000003,0.0035448593600000003,0.0073116694,0.0056680255700000005,2.6085778099999997e-06,2.48385082e-05,6.45104896,37.2,1.1219900699999998e-06,1.5160601700000003e-06,1.1533628360000001e-06,9.602399719999999e-07,6.536703870000001e-07,4.714229230000001e-07,4.0469063700000004e-07,3.3457845899999994e-07,7.534308570000001e-07,1.6762681500000001e-07,2.51075937e-06,84.37627,45.9872383,3.54843935e-10,9.191122,0.00149395925,0.11577430560000002,2.48909245e-06,4.62719559e-07,0.0014387674000000002,0.1042629988,2.48909245e-06,4.62719559e-07,0.000868183925,0.0374120968,2.48909245e-06,4.62719559e-07,0.0012790688000000002,0.07999872559999999,2.48909245e-06,4.62719559e-07,2.445731258392334
113,1679132400,2.13844413e-05,2.1384446699999995e-05,-0.006402331609999999,1.1172905301,0.0244160166,0.00361089558,0.00742041086,0.0057392204700000005,4.33359828e-06,3.6448983649999995e-05,7.412587480000001,44.1,1.11768519e-06,1.5072023699999999e-06,1.269270078e-06,1.237622453e-06,7.580167750000001e-07,5.255665929999999e-07,4.2976022500000003e-07,3.60975403e-07,7.675096819999998e-07,1.7119088599999997e-07,2.5473884999999997e-06,83.5235399,45.2195665,3.8455701600000005e-10,9.184293649999999,0.0015405372599999999,0.13539351900000002,2.7705943500000003e-06,4.84244598e-07,0.0014677199100000002,0.11454148659999999,2.7705943500000003e-06,4.84244598e-07,0.0008723473890000002,0.0374389438,2.7705943500000003e-06,4.84244598e-07,0.00126418606,0.0773862554,2.7705943500000003e-06,4.84244598e-07,2.445767045021057
113,1679133000,2.29058116e-05,2.2905817299999998e-05,0.0009369797699999999,0.87192571118,0.027079399999999997,0.0037289688299999998,0.00769888042,0.0059124365899999995,5.1821548e-06,4.32667665e-05,9.11013969,67.1,1.0592347200000001e-06,1.56816646e-06,1.3558653e-06,1.610753054e-06,8.85836272e-07,5.80519919e-07,4.5503621499999996e-07,4.03824622e-07,8.13547154e-07,1.7422076699999998e-07,2.54587451e-06,82.3650188,43.7017111,4.22507086e-10,9.169048,0.0016567593499999997,0.1598263516,2.55857654e-06,4.4960400900000004e-07,0.0015550968100000002,0.1280185196,2.55857654e-06,4.4960400900000004e-07,0.0008284889519999999,0.03429741,2.55857654e-06,4.4960400900000004e-07,0.00127529917,0.0783527202,2.55857654e-06,4.4960400900000004e-07,2.4457332372665403
113,1679133600,2.40659602e-05,2.4065963199999998e-05,0.03091854195,2.3367982529000004,0.0348445366,0.0037641004199999994,0.0077052507900000015,0.00594160004,8.16279502e-06,7.63818448e-05,9.52972026,78.3,1.0735127449999997e-06,1.55744513e-06,1.48341462e-06,1.951343545e-06,9.42448808e-07,5.895644979999999e-07,4.67740753e-07,4.0130785400000004e-07,8.205948459999999e-07,1.6968721000000002e-07,2.5758786399999998e-06,81.5668531,42.7132486,4.529053999999999e-10,9.15904325,0.00169384477,0.175709289,2.838079e-06,4.73486419e-07,0.00155323784,0.1409360654,2.838079e-06,4.73486419e-07,0.000842524073,0.035296459100000004,2.838079e-06,4.73486419e-07,0.0012885015100000002,0.0798301335,2.838079e-06,4.73486419e-07,2.4457783460617066
113,1679134200,2.2740585100000004e-05,2.27405874e-05,-0.0133694712,1.08321207546,0.028259032400000002,0.00371339402,0.00761508116,0.0058774288899999996,5.26721636e-06,4.449117710000001e-05,8.711538460000002,66.0,1.04650437e-06,1.5578569000000003e-06,1.3568426840000001e-06,1.5693269330000001e-06,8.403205519999999e-07,5.75380297e-07,4.817484800000001e-07,3.9430927600000006e-07,8.000026760000001e-07,1.75263781e-07,2.57269203e-06,82.53074710000001,44.050139099999996,4.17250029e-10,9.170728,0.0016385045399999998,0.15549151649999998,2.4990618799999997e-06,4.398287690000001e-07,0.0015282225099999998,0.126669842,2.4990618799999997e-06,4.398287690000001e-07,0.0008318905270000001,0.034488589400000005,2.4990618799999997e-06,4.398287690000001e-07,0.00127918176,0.07929606759999999,2.4990618799999997e-06,4.398287690000001e-07,2.4457274198532106
113,1679134800,2.28250756e-05,2.28250813e-05,-0.0013479393,1.9774269983,0.031214434899999997,0.003701063030000001,0.00759367557,0.00586534235,6.170279320000001e-06,5.28941224e-05,8.477272849999999,64.2,1.0664189599999998e-06,1.58312617e-06,1.2731625300000002e-06,1.581458549e-06,7.956043040000002e-07,6.142414849999999e-07,5.55308595e-07,4.03189109e-07,8.11089458e-07,1.72610124e-07,2.5563037900000004e-06,82.4787444,43.885314099999995,4.21354275e-10,9.1686473,0.0016286859099999998,0.15713746750000002,2.75641549e-06,4.5597054999999996e-07,0.00149199303,0.12263165549999999,2.75641549e-06,4.5597054999999996e-07,0.000848506333,0.0355552431,2.75641549e-06,4.5597054999999996e-07,0.0012763568399999999,0.0792155894,2.75641549e-06,4.5597054999999996e-07,2.4457669258117676
113,1679135400,2.15640485e-05,2.15640506e-05,0.0247162299,0.46766466269999996,0.024587399099999997,0.0036627354699999997,0.007543955369999999,0.00583408534,3.75737915e-06,3.507299875e-05,7.7867134700000005,49.1,1.0731829699999998e-06,1.60010905e-06,1.1104391360000003e-06,9.98371061e-07,8.635760659999999e-07,6.873769879999998e-07,5.35954546e-07,4.1625042100000003e-07,7.833133879999999e-07,1.71809549e-07,2.54160232e-06,83.245796,45.08536839999999,3.86786354e-10,9.180054249999998,0.0015980748199999999,0.140677116,2.5422147099999998e-06,4.4518719700000003e-07,0.00145704026,0.10522167439999999,2.5422147099999998e-06,4.4518719700000003e-07,0.0008384774349999999,0.0350682765,2.5422147099999998e-06,4.4518719700000003e-07,0.00129252905,0.0811898424,2.5422147099999998e-06,4.4518719700000003e-07,2.4458667755126955
113,1679136000,2.13669201e-05,2.13669257e-05,-0.008259039370000002,0.9425345514,0.025074756999999996,0.0036193016000000003,0.0074484270200000004,0.00574501188,4.25477818e-06,3.792140565e-05,7.68006993,49.2,1.0854603900000001e-06,1.5611017900000001e-06,1.2288919849999998e-06,1.2072130710000002e-06,7.643713100000002e-07,5.3498757e-07,4.373345810000001e-07,3.7767888e-07,7.94148037e-07,1.67571104e-07,2.52465658e-06,83.33650379999999,44.93970169999999,3.84806082e-10,9.1812954,0.00155082932,0.1328076229,3.0154482000000003e-06,4.6565156e-07,0.00147724019,0.1148566172,3.0154482000000003e-06,4.6565156e-07,0.0008304502239999999,0.034292225600000004,3.0154482000000003e-06,4.6565156e-07,0.00128562511,0.08080223500000001,3.0154482000000003e-06,4.6565156e-07,2.4458401203155518
113,1679136600,2.0088907800000002e-05,2.00889107e-05,0.01245430723,0.20150858365000004,0.019786798799999998,0.0035494274400000004,0.00733258151,0.00567815089,2.17026416e-06,1.9372392800000002e-05,6.7604895900000015,33.9,1.1219488699999998e-06,1.49472099e-06,1.1678917599999998e-06,9.05503758e-07,6.76310367e-07,4.67773954e-07,3.9745361600000004e-07,3.51241197e-07,7.617431490000001e-07,1.76115602e-07,2.5237054700000007e-06,84.6770441,46.5153441,3.5337587499999995e-10,9.19514305,0.0014958378800000002,0.11474531859999999,2.35947558e-06,4.3990476e-07,0.0014226534799999999,0.10263875959999999,2.35947558e-06,4.3990476e-07,0.000833633858,0.0344279786,2.35947558e-06,4.3990476e-07,0.00128065037,0.080539319,2.35947558e-06,4.3990476e-07,2.4457831621170043
113,1679137200,2.2287219100000003e-05,2.2287222099999997e-05,-0.0077284406029999985,0.886356606,0.026384498200000002,0.003690014900000001,0.00760639349,0.005873455590000001,4.84715479e-06,4.2641865100000005e-05,8.4860141,58.8,1.1313750399999998e-06,1.5659550399999999e-06,1.25012718e-06,1.522203792e-06,7.836403209999999e-07,5.594096669999999e-07,4.3696110999999997e-07,3.84283652e-07,7.85917924e-07,1.7149019400000002e-07,2.55218809e-06,82.8780246,44.0807893,4.0723216e-10,9.174057600000001,0.00162362196,0.14941893820000002,2.52494608e-06,4.6215244800000003e-07,0.0015053326999999999,0.11992053840000001,2.52494608e-06,4.6215244800000003e-07,0.0008571894,0.036255442000000006,2.52494608e-06,4.6215244800000003e-07,0.00129006573,0.0811519499,2.52494608e-06,4.6215244800000003e-07,2.445776104927063
113,1679137800,2.4467932e-05,2.4467938700000002e-05,-0.008404346980000001,1.61726799359,0.0283815344,0.00379064873,0.00781567446,0.00598210704,6.580868000000001e-06,5.4560200299999995e-05,10.16083909,64.0,1.1057904299999999e-06,1.5707301100000002e-06,1.5762293499999998e-06,1.8521399430000002e-06,9.83713897e-07,6.39498106e-07,5.298447360000001e-07,3.9068849100000004e-07,8.33244644e-07,1.71010006e-07,2.5810683199999996e-06,81.56212930000001,42.7445378,4.6378722599999995e-10,9.158247,0.00171777556,0.18324561080000001,2.45183594e-06,4.41039447e-07,0.00155789319,0.1357236436,2.45183594e-06,4.41039447e-07,0.000836441527,0.0346793531,2.45183594e-06,4.41039447e-07,0.00129977836,0.0817590209,2.45183594e-06,4.41039447e-07,2.445760488510132
113,1679138400,2.32494143e-05,2.32494184e-05,0.014493445474,1.324299868,0.0288734854,0.00373377937,0.0076755274400000005,0.00589852927,6.17515461e-06,5.725123915e-05,9.16083935,60.3,1.06451661e-06,1.58217042e-06,1.44643658e-06,1.6133640959999997e-06,8.098042110000001e-07,6.147570649999999e-07,5.01019945e-07,4.1338799299999994e-07,8.4451472e-07,1.6903318300000003e-07,2.56566068e-06,82.1136706,43.65739090000001,4.3041178900000003e-10,9.167983099999999,0.0016461713700000001,0.1587457975,2.84347774e-06,4.59297201e-07,0.00154404881,0.133866799,2.84347774e-06,4.59297201e-07,0.000828471562,0.0342328772,2.84347774e-06,4.59297201e-07,0.00128696287,0.07949540819999999,2.84347774e-06,4.59297201e-07,2.4458220958709718
113,1679139000,2.2331343599999998e-05,2.2331349699999996e-05,-0.02000263247,1.39276383215,0.0273281697,0.0036752124100000007,0.00754079374,0.00584148866,4.78380316e-06,4.17498884e-05,8.110139870000001,49.0,1.0644566300000002e-06,1.57464959e-06,1.27291141e-06,1.407280413e-06,7.772454680000001e-07,5.72508178e-07,5.52296453e-07,4.046469679999999e-07,8.24735752e-07,1.70666783e-07,2.5442236499999997e-06,82.7319204,44.4874277,4.0677832900000003e-10,9.175101799999998,0.0015878156800000001,0.1444744006,3.03007253e-06,4.89850727e-07,0.00150656782,0.1244163267,3.03007253e-06,4.89850727e-07,0.0008393296870000001,0.035309539200000004,3.03007253e-06,4.89850727e-07,0.00127100673,0.07815517799999999,3.03007253e-06,4.89850727e-07,2.4458670139312746
113,1679139600,2.09650151e-05,2.0965022699999998e-05,-0.0042945929100000006,0.35949295829999994,0.0229951651,0.0036120224299999995,0.0074329148999999995,0.00576888395,2.84700552e-06,2.4571626300000003e-05,7.534964990000001,39.4,1.076826173e-06,1.55836564e-06,1.1817609890000001e-06,1.0406916980000002e-06,7.416401699999999e-07,5.368251739999999e-07,4.57340335e-07,3.80348023e-07,8.012162189999999e-07,1.7071229400000003e-07,2.53671967e-06,83.713579,45.6911358,3.7190713300000003e-10,9.188067649999999,0.0015501630899999999,0.12735511689999998,2.66057501e-06,4.49840536e-07,0.0014658163599999999,0.10777425999999998,2.66057501e-06,4.49840536e-07,0.0008545393219999999,0.036096636599999996,2.66057501e-06,4.49840536e-07,0.0012756282,0.0803073105,2.66057501e-06,4.49840536e-07,2.445757246017456
113,1679140200,2.0912527e-05,2.09125317e-05,-0.01133146354,1.0282472536400002,0.0241133547,0.0035865661700000004,0.007376292409999999,0.005723325280000001,4.20270454e-06,4.16092986e-05,7.082167720000001,47.9,1.0669158599999998e-06,1.50596628e-06,1.14283476e-06,1.2457838529999998e-06,7.136826039999999e-07,5.178761479999999e-07,4.2955648799999996e-07,3.72839582e-07,7.53399901e-07,1.72546168e-07,2.5348214599999998e-06,83.8351683,45.6354749,3.7303410999999996e-10,9.1864003,0.00154367009,0.1337411385,2.77773938e-06,4.592916619999999e-07,0.0014459096899999998,0.107495213,2.77773938e-06,4.592916619999999e-07,0.0008271503399999997,0.0341427325,2.77773938e-06,4.592916619999999e-07,0.00127622698,0.07867680549999999,2.77773938e-06,4.592916619999999e-07,2.4457497119903566
113,1679140800,2.1327570699999998e-05,2.13275742e-05,0.01413513821,1.10214325765,0.024428168400000002,0.0036075503699999996,0.007425654870000001,0.0057412485300000005,4.2689840500000005e-06,3.760195545e-05,7.370629559999999,42.5,1.10665326e-06,1.59063772e-06,1.227047921e-06,1.193611186e-06,7.2203511e-07,5.33775245e-07,4.2410548400000003e-07,3.69700921e-07,7.699208689999999e-07,1.6726720700000002e-07,2.5590005e-06,83.79231990000001,45.4389741,3.84319096e-10,9.1844936,0.0015394061899999998,0.1366417729,2.7495311299999997e-06,4.58382866e-07,0.0014571791,0.10891845060000001,2.7495311299999997e-06,4.58382866e-07,0.000847042525,0.0354270003,2.7495311299999997e-06,4.58382866e-07,0.0013037071099999999,0.08245529900000001,2.7495311299999997e-06,4.58382866e-07,2.44577214717865
113,1679141400,1.99514488e-05,1.99514544e-05,-0.00811314922,0.2888996151,0.020923851799999997,0.00353160209,0.007288448979999999,0.00566689707,2.3392645900000003e-06,2.09040516e-05,6.333916050000001,33.6,1.078315717e-06,1.5571746200000001e-06,1.0619629629999998e-06,9.234384759999999e-07,6.542149830000001e-07,5.03852931e-07,4.09967659e-07,3.4794906099999997e-07,7.37541413e-07,1.68106569e-07,2.5331381899999998e-06,84.80593890000002,46.8340531,3.50148827e-10,9.19651385,0.0014857190500000002,0.1161624059,2.1696954399999997e-06,4.19994724e-07,0.00139866925,0.0969694676,2.1696954399999997e-06,4.19994724e-07,0.0008267625359999999,0.0342634707,2.1696954399999997e-06,4.19994724e-07,0.00130298413,0.08248733700000001,2.1696954399999997e-06,4.19994724e-07,2.445747709274292
113,1679142000,2.1489820499999998e-05,2.1489824999999997e-05,0.003153197724,0.5360138659,0.025161005199999996,0.00365137828,0.00752404371,0.005814268419999999,3.4216685e-06,2.869555955e-05,7.73951036,38.8,1.09416944e-06,1.53732882e-06,1.205982647e-06,1.191626131e-06,7.55360458e-07,5.567548389999999e-07,5.00059713e-07,4.12411174e-07,7.944208899999999e-07,1.6786786899999998e-07,2.52891925e-06,83.3026433,45.0333524,3.8547077e-10,9.181276700000002,0.0015910937399999999,0.1363234755,2.6763129400000005e-06,4.727755769999999e-07,0.0014747920600000001,0.11199215200000001,2.6763129400000005e-06,4.727755769999999e-07,0.000848920794,0.0356095053,2.6763129400000005e-06,4.727755769999999e-07,0.00127637046,0.0794044575,2.6763129400000005e-06,4.727755769999999e-07,2.445860266685486
113,1679142600,1.9463136300000003e-05,1.9463140299999998e-05,-0.00024086266999999925,0.0667717839,0.019580223299999998,0.0035142864600000005,0.00724765139,0.005641601,1.6203947e-06,1.44505014e-05,5.91258735,23.4,1.0961752e-06,1.56008584e-06,1.038147166e-06,8.17436461e-07,6.03671895e-07,4.5578323599999996e-07,3.8212410499999995e-07,3.3751539e-07,7.40683079e-07,1.7262320099999998e-07,2.52727819e-06,85.19003000000001,47.081320700000006,3.376481e-10,9.200433,0.00145138564,0.10476971140000002,2.39146959e-06,4.3328849599999993e-07,0.0014257062000000002,0.09914858239999999,2.39146959e-06,4.3328849599999993e-07,0.0008531591430000001,0.0356308246,2.39146959e-06,4.3328849599999993e-07,0.0012819417700000002,0.07993863659999999,2.39146959e-06,4.3328849599999993e-07,2.4457809925079346
113,1679143200,2.23076449e-05,2.23076481e-05,0.0011101993895000007,0.8017306023999999,0.025391918200000002,0.00370059868,0.0076444159799999994,0.005907102940000001,4.40321684e-06,3.81974477e-05,8.618881179999999,53.6,1.0461763200000001e-06,1.50925891e-06,1.2675368900000001e-06,1.31054363e-06,9.428992819999999e-07,6.71214252e-07,5.04101003e-07,4.0417548899999995e-07,7.888978620000001e-07,1.72350687e-07,2.53665879e-06,82.6246585,44.337084399999995,4.04852997e-10,9.174067899999999,0.00166025175,0.1552812296,2.3879786100000004e-06,4.3315635399999995e-07,0.0014956389800000003,0.1142907361,2.3879786100000004e-06,4.3315635399999995e-07,0.0008382261549999999,0.0347001653,2.3879786100000004e-06,4.3315635399999995e-07,0.00125407373,0.0772510853,2.3879786100000004e-06,4.3315635399999995e-07,2.445755410194397
113,1679143800,2.09439857e-05,2.09439902e-05,0.01442244298,0.28228019130000004,0.023268244700000003,0.0036212213,0.007465506130000001,0.0057823988,2.5576385499999997e-06,2.0955276e-05,7.64860133,33.3,1.11777455e-06,1.56337315e-06,1.10461384e-06,9.59690784e-07,7.60774379e-07,6.1050709e-07,4.700351040000001e-07,3.9017692600000004e-07,7.967116779999999e-07,1.70942113e-07,2.52738438e-06,83.60291659999999,45.488833799999995,3.7194236299999996e-10,9.1853321,0.0015696693000000002,0.127960301,2.53602549e-06,4.5661997999999995e-07,0.0014503739299999998,0.10381668799999999,2.53602549e-06,4.5661997999999995e-07,0.0008459619140000001,0.0353040782,2.53602549e-06,4.5661997999999995e-07,0.00129359124,0.08173165539999999,2.53602549e-06,4.5661997999999995e-07,2.445781135559082
113,1679144400,1.97268897e-05,1.97268938e-05,0.0036549625340000003,0.147220371,0.0198241139,0.0035293913600000005,0.00728973584,0.0056562849900000005,1.9944894700000003e-06,1.803877815e-05,6.11363637,24.4,1.09091602e-06,1.53867921e-06,1.0578190899999996e-06,8.528503030000001e-07,6.16835858e-07,4.8280634e-07,4.0939192300000003e-07,3.67092335e-07,7.56024862e-07,1.72987215e-07,2.51796692e-06,84.80703450000001,46.808396,3.43709777e-10,9.1980152,0.0014704926699999998,0.1095515225,2.6561513199999997e-06,4.497220980000001e-07,0.0013994333100000001,0.09792249389999999,2.6561513199999997e-06,4.497220980000001e-07,0.000849558439,0.03545960630000001,2.6561513199999997e-06,4.497220980000001e-07,0.0012914314000000001,0.0804398864,2.6561513199999997e-06,4.497220980000001e-07,2.445858931541443
113,1679145000,2.1717996299999998e-05,2.17180011e-05,-0.003314193087,1.30887584908,0.027740679299999998,0.00363935061,0.007457108280000001,0.005780867640000001,4.94226062e-06,4.6851593800000004e-05,7.74475508,59.3,1.1320445099999998e-06,1.52790427e-06,1.27495372e-06,1.193015356e-06,8.074107650000001e-07,5.55708763e-07,4.5411264899999996e-07,3.8865185700000004e-07,8.069280510000001e-07,1.7141119899999998e-07,2.5468418799999998e-06,83.08534449999999,44.6992215,3.92087496e-10,9.1790787,0.0015505378800000002,0.1355424894,2.79197819e-06,4.73621251e-07,0.0014835027900000001,0.11589322890000002,2.79197819e-06,4.73621251e-07,0.000848883706,0.0358040392,2.79197819e-06,4.73621251e-07,0.00130097602,0.08170101830000001,2.79197819e-06,4.73621251e-07,2.4457900285720826
113,1679145600,1.98644183e-05,1.98644223e-05,0.00685375622,0.3056989961,0.021782986100000002,0.0035329846700000002,0.00729920725,0.00566340412,2.24394281e-06,2.116729695e-05,6.26573441,26.0,1.1088564799999998e-06,1.54020871e-06,1.0158660400000001e-06,8.527993730000001e-07,6.07128161e-07,5.612565429999999e-07,4.36892786e-07,3.67362371e-07,7.49159554e-07,1.7218186800000002e-07,2.5204747599999998e-06,84.648865,46.673568599999996,3.4637175699999996e-10,9.1961103,0.00146244344,0.10980908510000001,2.44619413e-06,4.272570210000001e-07,0.00140384777,0.09850767599999999,2.44619413e-06,4.272570210000001e-07,0.000814992426,0.033166844900000006,2.44619413e-06,4.272570210000001e-07,0.00130468891,0.08320491299999999,2.44619413e-06,4.272570210000001e-07,2.445819449424744
113,1679146200,2.02623375e-05,2.026234e-05,0.012495428239999998,0.8037086296900002,0.022790875199999998,0.00354170003,0.00728844302,0.00565323058,3.4738982099999995e-06,2.9784163800000004e-05,6.421328770000001,34.4,1.07329527e-06,1.52941274e-06,1.0612569119999999e-06,1.104932256e-06,6.45566939e-07,4.87130852e-07,4.18781256e-07,3.5415655900000005e-07,7.53196551e-07,1.75113184e-07,2.5282778499999995e-06,84.451327,46.3288432,3.5705297799999997e-10,9.1937268,0.00149286428,0.12211135790000001,2.5070670700000003e-06,4.4687812000000005e-07,0.001403549,0.09957739639999999,2.5070670700000003e-06,4.4687812000000005e-07,0.000842029854,0.0350073751,2.5070670700000003e-06,4.4687812000000005e-07,0.0012826121799999997,0.0800870864,2.5070670700000003e-06,4.4687812000000005e-07,2.44580340385437
113,1679146800,1.93763285e-05,1.9376330999999998e-05,0.0069465614100000005,0.12660319292299999,0.0203473963,0.0035009458799999996,0.0072045389,0.00560211819,1.69024957e-06,1.4884193449999999e-05,5.993007010000001,23.8,1.068713633e-06,1.5749667399999998e-06,1.0235314300000001e-06,8.000046720000002e-07,5.64356959e-07,4.67561399e-07,4.0402152100000005e-07,3.4311200900000004e-07,7.39266041e-07,1.67624284e-07,2.53494533e-06,84.98020199999999,47.1534678,3.34472097e-10,9.201216200000001,0.00143894002,0.102343082,2.6570671699999996e-06,4.45176377e-07,0.00139880831,0.097113326,2.6570671699999996e-06,4.45176377e-07,0.0008520924899999999,0.0358495289,2.6570671699999996e-06,4.45176377e-07,0.0012939539099999999,0.0805876235,2.6570671699999996e-06,4.45176377e-07,2.445892643928528
113,1679147400,2.01964253e-05,2.0196426799999996e-05,-0.0022211943600000004,0.43740229745299997,0.0215876633,0.0035510924300000005,0.00732350376,0.00567227436,2.65889754e-06,2.25040161e-05,6.60489504,32.6,1.09079799e-06,1.5283394099999999e-06,1.0979454679999999e-06,9.16669354e-07,6.88404112e-07,4.99596754e-07,4.1260274400000003e-07,3.78395488e-07,7.8209252e-07,1.6813757500000001e-07,2.53513483e-06,84.46389789999999,46.504924,3.54438421e-10,9.192805250000001,0.00150693088,0.11697016959999999,2.68034518e-06,4.6936007700000003e-07,0.00141866062,0.10183880950000002,2.68034518e-06,4.6936007700000003e-07,0.0008449978739999999,0.03563653729999999,2.68034518e-06,4.6936007700000003e-07,0.00126794314,0.0790023227,2.68034518e-06,4.6936007700000003e-07,2.4457717180252074
113,1679148000,1.9376414300000003e-05,1.9376416400000003e-05,-0.004323513770000001,0.18438692464999998,0.0188165593,0.00349336279,0.007192640409999999,0.00560312597,1.95066315e-06,1.7317682449999998e-05,5.93006995,21.2,1.0884389e-06,1.56051369e-06,9.430450160000001e-07,6.91645529e-07,6.046061379999999e-07,5.41443263e-07,4.4827213699999995e-07,3.73164549e-07,7.49154588e-07,1.74814947e-07,2.5130217599999996e-06,85.25899600000001,47.4968168,3.3521490100000003e-10,9.2021561,0.00141787571,0.10295351100000001,2.97284041e-06,4.97305904e-07,0.00137330482,0.091332428,2.97284041e-06,4.97305904e-07,0.000856228956,0.0365075951,2.97284041e-06,4.97305904e-07,0.0012782891899999998,0.0799642354,2.97284041e-06,4.97305904e-07,2.4457942485809325
113,1679148600,1.8598407e-05,1.8598408400000003e-05,-0.006711706240000001,-0.004618677,0.0183674428,0.0034428074,0.007091448800000001,0.0055216259099999995,1.28709965e-06,1.1874098750000002e-05,5.04720275,14.0,1.0567228600000001e-06,1.52138916e-06,9.61840455e-07,6.787884400000001e-07,5.379878759999999e-07,4.4456807900000004e-07,3.6772640999999997e-07,3.27572181e-07,7.1552376e-07,1.71158649e-07,2.5159187399999997e-06,85.8612794,48.162616299999996,3.1739711200000005e-10,9.2077086,0.0013831991199999998,0.0926572264,2.4755352600000003e-06,4.3123980099999996e-07,0.0013833416200000003,0.0927284226,2.4755352600000003e-06,4.3123980099999996e-07,0.0008268326870000001,0.0337393348,2.4755352600000003e-06,4.3123980099999996e-07,0.0012684732700000002,0.0781540786,2.4755352600000003e-06,4.3123980099999996e-07,2.445823001861572
113,1679149200,2.06073811e-05,2.06073893e-05,0.005508238119999999,0.3071640397,0.0210781413,0.0035876117499999997,0.0073956195699999994,0.00574279616,2.6297098e-06,2.28241434e-05,7.251748309999999,33.8,1.07985454e-06,1.5596134400000001e-06,1.1256349409999999e-06,1.0196904960000002e-06,6.90088228e-07,5.2782004e-07,4.3006625299999995e-07,3.8001226400000003e-07,7.749352769999999e-07,1.70043857e-07,2.5459223999999996e-06,84.1030979,46.170780900000004,3.64632972e-10,9.1909576,0.0015169746799999998,0.1222411037,2.4897804399999996e-06,4.3573689e-07,0.00144125114,0.1052851042,2.4897804399999996e-06,4.3573689e-07,0.000826121266,0.03381333939999999,2.4897804399999996e-06,4.3573689e-07,0.00129008047,0.0808840941,2.4897804399999996e-06,4.3573689e-07,2.4458033561706545
113,1679149800,1.8675600500000003e-05,1.8675601999999997e-05,-0.01838220472,0.01449511513,0.0172872762,0.00344571574,0.0070727970299999995,0.00553343492,1.3659538099999999e-06,1.3353140050000001e-05,5.272727219999999,13.8,1.0948231599999998e-06,1.5090321200000001e-06,9.489367669999999e-07,6.90228993e-07,5.59900034e-07,4.374628230000001e-07,3.73891362e-07,3.2872841100000007e-07,7.22310575e-07,1.7039887e-07,2.50203769e-06,85.81320000000002,47.9706412,3.19962846e-10,9.2061824,0.0014023432,0.0960365029,2.53632271e-06,4.7126310900000005e-07,0.00136256127,0.09014694640000001,2.53632271e-06,4.7126310900000005e-07,0.0008449362070000001,0.0358136499,2.53632271e-06,4.7126310900000005e-07,0.00127070203,0.07854859219999999,2.53632271e-06,4.7126310900000005e-07,2.4458680391311645
113,1679150400,1.88385812e-05,1.88385849e-05,0.005408347063,0.016255934180000004,0.0177050975,0.00346071837,0.0071393566399999995,0.005568839359999999,1.34159805e-06,1.2997004899999996e-05,5.27797201,16.0,1.13014204e-06,1.5103966499999999e-06,9.57409277e-07,6.96970272e-07,5.420109899999999e-07,4.4669832e-07,3.81467216e-07,3.3174403e-07,7.344385290000001e-07,1.7253087100000003e-07,2.51543137e-06,85.70350260000001,47.8118754,3.22887707e-10,9.206787049999999,0.00139788318,0.0954571542,2.9610597299999997e-06,4.69031428e-07,0.0013776877599999998,0.0918150429,2.9610597299999997e-06,4.69031428e-07,0.000837929451,0.0346433258,2.9610597299999997e-06,4.69031428e-07,0.00128849331,0.08026032019999998,2.9610597299999997e-06,4.69031428e-07,2.4458198070526125
113,1679151000,1.86210614e-05,1.8621066300000002e-05,0.007337486110000001,0.011611974300000001,0.0179764787,0.0034390159600000006,0.00711054994,0.00552851449,1.3203269e-06,1.15141429e-05,5.180069970000001,15.1,1.119441915e-06,1.52470302e-06,9.41429053e-07,6.71477568e-07,5.190109270000001e-07,4.4102435499999993e-07,3.7362560099999997e-07,3.2112392400000005e-07,7.05926821e-07,1.75068175e-07,2.5176577400000005e-06,85.8485605,48.0174615,3.18817485e-10,9.20752,0.00138543483,0.09362671400000001,2.61633137e-06,4.4923941599999996e-07,0.0013474771,0.08851221309999999,2.61633137e-06,4.4923941599999996e-07,0.0008501700079999999,0.0358916255,2.61633137e-06,4.4923941599999996e-07,0.00129280273,0.08136356419999999,2.61633137e-06,4.4923941599999996e-07,2.44581344127655
113,1679151600,1.85140403e-05,1.85140448e-05,-0.004315331526000001,0.01320139365,0.017781398400000002,0.0034300633399999996,0.00707173943,0.005520798340000001,1.2296425900000002e-06,1.158699295e-05,5.00874119,12.8,1.038838794e-06,1.55643637e-06,9.452724419999999e-07,6.7556702e-07,5.33864439e-07,4.366436639999999e-07,3.7536037700000004e-07,3.14651116e-07,7.08302587e-07,1.72063029e-07,2.49997294e-06,85.8802444,48.128884299999996,3.1605413300000004e-10,9.207803600000002,0.0013932591399999999,0.09398075,2.45468095e-06,4.3711433e-07,0.00136477001,0.0907986144,2.45468095e-06,4.3711433e-07,0.00082874318,0.0338479801,2.45468095e-06,4.3711433e-07,0.00126852001,0.0780670934,2.45468095e-06,4.3711433e-07,2.445834755897522
113,1679152200,1.85401209e-05,1.8540123100000003e-05,-0.00265256655,0.023396408049999998,0.0184873048,0.0034311126,0.0070817608200000005,0.00550034103,1.33877309e-06,1.205106945e-05,5.232517509999999,16.2,1.081592884e-06,1.5527159900000002e-06,9.341682720000001e-07,6.9626059e-07,5.38247652e-07,4.26692855e-07,3.6041759999999997e-07,3.14947022e-07,7.00817461e-07,1.6915630099999996e-07,2.4950193e-06,86.01712,47.949834499999994,3.1789857300000003e-10,9.207297950000001,0.0013949099699999998,0.0947651679,2.69769502e-06,4.82331661e-07,0.00135797101,0.0893785144,2.69769502e-06,4.82331661e-07,0.0008333527470000001,0.035522366699999995,2.69769502e-06,4.82331661e-07,0.00128927765,0.0805913831,2.69769502e-06,4.82331661e-07,2.4457566261291506
113,1679152800,1.84509651e-05,1.84509715e-05,-0.010890987690000001,-0.002630768894999999,0.0178369983,0.0034272619399999997,0.007050337280000001,0.00549957039,1.22514414e-06,1.107871675e-05,4.9685314400000005,13.8,1.09285514e-06,1.47661959e-06,9.298470999999999e-07,6.872252740000001e-07,5.106039800000001e-07,4.4313558699999996e-07,3.76640123e-07,3.1899665199999996e-07,6.991639189999999e-07,1.7176407000000002e-07,2.5185848400000004e-06,86.119337,48.422135999999995,3.13521883e-10,9.2111251,0.00138634624,0.0936314415,2.56976598e-06,4.68218174e-07,0.0013610132599999997,0.0893424171,2.56976598e-06,4.68218174e-07,0.000854741587,0.0365619356,2.56976598e-06,4.68218174e-07,0.0012594454300000001,0.0769467853,2.56976598e-06,4.68218174e-07,2.445860409736633
113,1679153400,1.83747428e-05,1.83747458e-05,-0.018788017458700002,-0.00399842174,0.0174807592,0.0034211776800000004,0.007023160029999999,0.0054937486700000005,1.25307874e-06,1.14732134e-05,5.0139861,15.0,1.056487145e-06,1.51744925e-06,9.38518529e-07,6.74610668e-07,5.036291719999999e-07,4.22800131e-07,3.69407005e-07,3.18313299e-07,7.127601550000001e-07,1.6877971100000002e-07,2.50458247e-06,86.090401,48.3878731,3.12693995e-10,9.20948655,0.00137045385,0.09128373470000001,2.6872024199999998e-06,4.5310277400000006e-07,0.0013669522299999998,0.09064859889999999,2.6872024199999998e-06,4.5310277400000006e-07,0.0008496085460000001,0.0357707573,2.6872024199999998e-06,4.5310277400000006e-07,0.00125290346,0.0763541906,2.6872024199999998e-06,4.5310277400000006e-07,2.4458185195922852
113,1679154000,1.8401514599999998e-05,1.84015176e-05,0.0022461331100000013,-0.00029724283999999857,0.0178848258,0.0034246375799999998,0.0070635978500000005,0.005494852519999999,1.2133182599999998e-06,1.11061843e-05,4.895104890000001,13.8,1.07956967e-06,1.4770948600000002e-06,9.431590150000001e-07,6.72986904e-07,5.161846159999999e-07,4.4107269699999995e-07,3.6895157399999997e-07,3.161173e-07,7.06319048e-07,1.72307604e-07,2.50689464e-06,86.17437149999999,48.40068169999999,3.13316643e-10,9.21027,0.00138107588,0.0922165111,2.62607571e-06,4.5332303499999993e-07,0.00135719948,0.0899819883,2.62607571e-06,4.5332303499999993e-07,0.0008559555959999999,0.035932033599999996,2.62607571e-06,4.5332303499999993e-07,0.00125099346,0.07605948609999999,2.62607571e-06,4.5332303499999993e-07,2.4458560228347777
113,1679154600,1.8567914899999998e-05,1.85679191e-05,0.004827020950000001,-0.0152821943,0.017066419799999996,0.0034411573,0.00709937527,0.00553689555,1.20661409e-06,1.1087497949999999e-05,5.08391609,14.1,1.0990234499999997e-06,1.5350103300000001e-06,9.351965590000001e-07,6.57648009e-07,5.30623747e-07,4.3724786900000003e-07,3.5462923499999997e-07,3.1949248800000004e-07,7.27377999e-07,1.68352938e-07,2.5193294100000003e-06,85.97498399999999,48.1274042,3.17177285e-10,9.208827500000002,0.00138958284,0.0932926674,2.7852306e-06,4.811248699999999e-07,0.00134733373,0.0879210486,2.7852306e-06,4.811248699999999e-07,0.0008498819080000001,0.0359567229,2.7852306e-06,4.811248699999999e-07,0.0012870754599999998,0.0805562745,2.7852306e-06,4.811248699999999e-07,2.4457834720611573
